severity_scores,timedelta,suid,cap_fp,exit,n_dang,n_dang_no_cron,fp_length,col_0,col_1,col_2,col_3,col_4,col_5,col_6,col_7,col_8,col_9,col_10,col_11,col_12,col_13,col_14,col_15,col_16,col_17,col_18,col_19,enc_comm,enc_parent_comm
1.0,0.0,33902,0,0,0,0,17,0,0,0,0,0,0,0,0,0,0,0,0,1,0,0,0,1,0,0,0,1,87
1.0,0.0,33902,0,0,2,0,22,0,0,0,0,0,0,0,0,0,0,0,0,1,0,0,0,1,0,0,0,2,87
1.0,0.0,0,0,0,0,0,38,0,0,0,0,0,0,0,0,0,0,0,0,1,0,0,0,1,0,0,0,3,88
1.0,0.0,0,0,0,0,0,28,0,0,0,0,0,0,0,0,0,0,0,0,1,0,0,0,1,0,0,0,4,3
1.0,0.0,0,0,0,0,0,28,0,0,0,0,0,0,0,0,0,0,0,0,1,0,0,0,1,0,0,0,5,3
1.0,0.0,0,0,0,0,0,21,0,0,0,0,0,0,0,0,0,0,0,0,1,0,0,0,1,0,0,0,6,3
1.0,0.0,0,0,0,0,0,16,0,0,0,0,0,0,0,0,0,0,0,0,1,0,0,0,1,0,0,0,7,3
1.0,0.0,0,0,0,0,0,20,0,0,0,0,0,0,0,0,0,0,0,0,1,0,0,0,1,0,0,0,8,3
1.0,0.0,0,0,0,0,0,18,0,0,0,0,0,0,0,0,0,0,0,0,1,0,0,0,1,0,0,0,8,3
1.0,0.0,0,0,0,0,0,22,0,0,0,0,0,0,0,0,0,0,0,0,1,0,0,0,1,0,0,0,9,3
1.0,0.0,0,0,0,0,0,16,0,0,0,0,0,0,0,0,0,0,0,0,1,0,0,0,1,0,0,0,10,3
1.0,0.0,0,0,0,0,0,16,0,0,0,0,0,0,0,0,0,0,0,0,1,0,0,0,1,0,0,0,11,3
1.0,0.0,0,12288,0,0,0,16,0,0,0,0,0,0,0,0,0,0,0,0,1,0,0,0,1,0,0,0,3,3
1.0,0.0,0,0,0,0,0,38,0,0,0,0,0,0,0,0,0,0,0,0,1,0,0,0,1,0,0,0,3,88
1.0,0.0,0,0,0,0,0,25,0,0,0,0,0,0,0,0,0,0,0,0,1,0,0,0,1,0,0,0,4,3
1.0,0.0,0,0,0,0,0,28,0,0,0,0,0,0,0,0,0,0,0,0,1,0,0,0,1,0,0,0,5,3
1.0,0.0,0,0,0,0,0,21,0,0,0,0,0,0,0,0,0,0,0,0,1,0,0,0,1,0,0,0,6,3
1.0,0.0,0,0,0,0,0,16,0,0,0,0,0,0,0,0,0,0,0,0,1,0,0,0,1,0,0,0,7,3
1.0,0.0,0,0,0,0,0,20,0,0,0,0,0,0,0,0,0,0,0,0,1,0,0,0,1,0,0,0,8,3
1.0,0.0,0,0,0,0,0,18,0,0,0,0,0,0,0,0,0,0,0,0,1,0,0,0,1,0,0,0,8,3
1.0,0.0,0,0,0,0,0,22,0,0,0,0,0,0,0,0,0,0,0,0,1,0,0,0,1,0,0,0,9,3
1.0,0.0,0,0,0,0,0,16,0,0,0,0,0,0,0,0,0,0,0,0,1,0,0,0,1,0,0,0,10,3
1.0,0.0,0,0,0,0,0,16,0,0,0,0,0,0,0,0,0,0,0,0,1,0,0,0,1,0,0,0,11,3
1.0,0.0,0,12288,0,0,0,16,0,0,0,0,0,0,0,0,0,0,0,0,1,0,0,0,1,0,0,0,3,3
1.0,0.0,33902,0,0,0,0,17,0,0,0,0,0,0,0,0,0,0,0,0,1,0,0,0,1,0,0,0,1,87
1.0,0.0,33902,0,0,2,0,22,0,0,0,0,0,0,0,0,0,0,0,0,1,0,0,0,1,0,0,0,2,87
1.0,0.0,0,0,0,0,0,16,0,0,0,0,0,0,0,0,0,0,0,0,1,0,0,0,1,0,0,0,8,3
1.0,0.0,0,0,0,0,0,16,0,0,0,0,0,0,0,0,0,0,0,0,1,0,0,0,1,0,0,0,11,3
1.0,0.0,0,12288,0,0,0,16,0,0,0,0,0,0,0,0,0,0,0,0,1,0,0,0,1,0,0,0,3,3
1.0,0.0,991,0,-2,0,0,15,0,0,0,0,0,0,0,0,0,0,0,0,1,0,0,0,1,0,0,0,12,12
1.0,0.0,991,0,-2,0,0,15,0,0,0,0,0,0,0,0,0,0,0,0,1,0,0,0,1,0,0,0,12,12
1.0,0.0,991,0,-2,0,0,14,0,0,0,0,0,0,0,0,0,0,0,0,1,0,0,0,1,0,0,0,12,12
1.0,0.0,0,0,0,0,0,19,0,0,0,0,0,0,0,0,0,0,0,0,1,0,0,0,1,0,0,0,13,12
1.0,0.0,-1,-1,-1,0,0,4,0,0,0,0,0,0,0,0,0,0,0,0,1,0,0,0,1,0,0,0,14,14
1.0,0.0,-1,-1,-1,0,0,8,0,0,0,0,0,0,0,0,0,0,0,0,1,0,0,0,1,0,0,0,14,14
1.0,0.0,-1,-1,-1,0,0,4,0,0,0,0,0,0,0,0,0,0,0,0,1,0,0,0,1,0,0,0,14,14
1.0,0.0,-1,-1,-1,0,0,4,0,0,0,0,0,0,0,0,0,0,0,0,1,0,0,0,1,0,0,0,14,14
1.0,0.0,0,0,0,0,0,25,0,0,0,0,0,0,0,0,0,0,0,0,1,0,0,0,1,0,0,0,15,13
1.0,0.0,0,0,0,0,0,77,0,0,0,0,0,0,0,0,0,0,0,0,1,0,0,0,1,0,0,0,16,13
1.0,0.0,-1,-1,-1,0,0,4,0,0,0,0,0,0,0,0,0,0,0,0,1,0,0,0,1,0,0,0,14,14
1.0,0.0,-1,-1,-1,0,0,4,0,0,0,0,0,0,0,0,0,0,0,0,1,0,0,0,1,0,0,0,14,14
1.0,0.0,0,0,0,0,0,16,0,0,0,0,0,0,0,0,0,0,0,0,1,0,0,0,1,0,0,0,8,3
1.0,0.0,0,0,0,0,0,16,0,0,0,0,0,0,0,0,0,0,0,0,1,0,0,0,1,0,0,0,11,3
1.0,0.0,0,12288,0,0,0,16,0,0,0,0,0,0,0,0,0,0,0,0,1,0,0,0,1,0,0,0,3,3
1.0,0.0,33902,0,0,0,0,17,0,0,0,0,0,0,0,0,0,0,0,0,1,0,0,0,1,0,0,0,1,87
1.0,0.0,33902,0,0,2,0,22,0,0,0,0,0,0,0,0,0,0,0,0,1,0,0,0,1,0,0,0,2,87
1.0,0.0,0,0,0,0,0,16,0,0,0,0,0,0,0,0,0,0,0,0,1,0,0,0,1,0,0,0,8,3
1.0,0.0,0,0,0,0,0,16,0,0,0,0,0,0,0,0,0,0,0,0,1,0,0,0,1,0,0,0,11,3
1.0,0.0,0,12288,0,0,0,16,0,0,0,0,0,0,0,0,0,0,0,0,1,0,0,0,1,0,0,0,3,3
1.0,0.0,0,0,0,0,0,16,0,0,0,0,0,0,0,0,0,0,0,0,1,0,0,0,1,0,0,0,8,3
1.0,0.0,0,0,0,0,0,16,0,0,0,0,0,0,0,0,0,0,0,0,1,0,0,0,1,0,0,0,11,3
1.0,0.0,0,12288,0,0,0,16,0,0,0,0,0,0,0,0,0,0,0,0,1,0,0,0,1,0,0,0,3,3
1.0,0.0,33902,0,0,0,0,17,0,0,0,0,0,0,0,0,0,0,0,0,1,0,0,0,1,0,0,0,1,87
1.0,0.0,33902,0,0,2,0,22,0,0,0,0,0,0,0,0,0,0,0,0,1,0,0,0,1,0,0,0,2,87
1.0,0.0,0,0,0,0,0,19,0,0,0,0,0,0,0,0,0,0,0,0,1,0,0,0,1,0,0,0,17,17
1.0,0.0,-1,-1,-1,0,0,4,0,0,0,0,0,0,0,0,0,0,0,0,1,0,0,0,1,0,0,0,14,14
1.0,0.0,-1,-1,-1,0,0,4,0,0,0,0,0,0,0,0,0,0,0,0,1,0,0,0,1,0,0,0,14,14
1.0,0.0,-1,-1,-1,0,0,4,0,0,0,0,0,0,0,0,0,0,0,0,1,0,0,0,1,0,0,0,14,14
1.0,0.0,-1,-1,-1,0,0,4,0,0,0,0,0,0,0,0,0,0,0,0,1,0,0,0,1,0,0,0,14,14
1.0,0.0,-1,-1,-1,0,0,4,0,0,0,0,0,0,0,0,0,0,0,0,1,0,0,0,1,0,0,0,14,14
1.0,0.0,0,0,0,0,0,16,0,0,0,0,0,0,0,0,0,0,0,0,1,0,0,0,1,0,0,0,8,3
1.0,0.0,0,0,0,0,0,16,0,0,0,0,0,0,0,0,0,0,0,0,1,0,0,0,1,0,0,0,11,3
1.0,0.0,0,12288,0,0,0,16,0,0,0,0,0,0,0,0,0,0,0,0,1,0,0,0,1,0,0,0,3,3
1.0,0.0,-1,-1,-1,0,0,5,0,0,0,0,0,0,0,0,0,0,0,0,1,0,0,0,1,0,0,0,14,14
1.0,0.0,65534,0,0,0,0,19,0,0,0,0,0,0,0,0,0,0,0,0,1,0,0,0,1,0,0,0,18,17
1.0,0.0,997,0,0,4,0,38,0,0,0,0,0,0,0,0,0,0,0,0,1,0,0,0,1,0,0,0,19,24
1.0,0.0,-1,-1,-1,0,0,4,0,0,0,0,0,0,0,0,0,0,0,0,1,0,0,0,1,0,0,0,14,14
1.0,0.0,-1,-1,-1,0,0,4,0,0,0,0,0,0,0,0,0,0,0,0,1,0,0,0,1,0,0,0,14,14
1.0,0.0,-1,-1,-1,0,0,4,0,0,0,0,0,0,0,0,0,0,0,0,1,0,0,0,1,0,0,0,14,14
1.0,0.0,-1,-1,-1,0,0,4,0,0,0,0,0,0,0,0,0,0,0,0,1,0,0,0,1,0,0,0,14,14
1.0,0.0,-1,-1,-1,0,0,4,0,0,0,0,0,0,0,0,0,0,0,0,1,0,0,0,1,0,0,0,14,14
1.0,0.0,0,-1,5,0,0,10,0,0,0,0,0,0,0,0,0,0,0,0,1,0,0,0,1,0,0,0,17,17
1.0,0.0,-1,-1,-1,0,0,5,0,0,0,0,0,0,0,0,0,0,0,0,1,0,0,0,1,0,0,0,14,14
1.0,0.0,0,0,0,0,0,24,0,0,0,0,0,0,0,0,0,0,0,0,1,0,0,0,1,0,0,0,20,24
1.0,0.0,0,0,0,0,0,26,0,0,0,0,0,0,0,0,0,0,0,0,1,0,0,0,1,0,0,0,21,24
1.0,0.0,0,0,0,0,0,13,0,0,0,0,0,0,0,0,0,0,0,0,1,0,0,0,1,0,0,0,7,21
1.0,0.0,-1,-1,-1,0,0,5,0,0,0,0,0,0,0,0,0,0,0,0,1,0,0,0,1,0,0,0,14,14
1.0,0.0,0,-1,5,0,0,9,0,0,0,0,0,0,0,0,0,0,0,0,1,0,0,0,1,0,0,0,22,24
1.0,0.0,0,0,0,0,0,19,0,0,0,0,0,0,0,0,0,0,0,0,1,0,0,0,1,0,0,0,23,21
1.0,0.0,-1,-1,-1,0,0,5,0,0,0,0,0,0,0,0,0,0,0,0,1,0,0,0,1,0,0,0,14,14
1.0,0.0,12571,0,0,0,0,20,0,0,0,0,0,0,0,0,0,0,0,0,1,0,0,0,1,0,0,0,24,24
1.0,0.0,12571,0,0,0,0,28,0,0,0,0,0,0,0,0,0,0,0,0,1,0,0,0,1,0,0,0,25,89
1.0,0.0,12571,0,0,0,0,31,0,0,0,0,0,0,0,0,0,0,0,0,1,0,0,0,1,0,0,0,26,24
1.0,0.0,-1,-1,-1,0,0,5,0,0,0,0,0,0,0,0,0,0,0,0,1,0,0,0,1,0,0,0,14,14
1.0,0.0,-1,-1,-1,0,0,4,0,0,0,0,0,0,0,0,0,0,0,0,1,0,0,0,1,0,0,0,14,14
1.0,0.0,-1,-1,-1,0,0,4,0,0,0,0,0,0,0,0,0,0,0,0,1,0,0,0,1,0,0,0,14,14
1.0,0.0,-1,-1,-1,0,0,4,0,0,0,0,0,0,0,0,0,0,0,0,1,0,0,0,1,0,0,0,14,14
1.0,0.0,-1,-1,-1,0,0,4,0,0,0,0,0,0,0,0,0,0,0,0,1,0,0,0,1,0,0,0,14,14
1.0,0.0,-1,-1,-1,0,0,4,0,0,0,0,0,0,0,0,0,0,0,0,1,0,0,0,1,0,0,0,14,14
1.0,0.0,-1,-1,-1,0,0,4,0,0,0,0,0,0,0,0,0,0,0,0,1,0,0,0,1,0,0,0,14,14
1.0,0.0,-1,-1,-1,0,0,4,0,0,0,0,0,0,0,0,0,0,0,0,1,0,0,0,1,0,0,0,14,14
1.0,0.0,-1,-1,-1,0,0,4,0,0,0,0,0,0,0,0,0,0,0,0,1,0,0,0,1,0,0,0,14,14
1.0,0.0,12571,0,0,0,0,19,0,0,0,0,0,0,0,0,0,0,0,0,1,0,0,0,1,0,0,0,27,17
1.0,0.0,12571,0,0,0,0,22,0,0,0,0,0,0,0,0,0,0,0,0,1,0,0,0,1,0,0,0,28,27
1.0,0.0,12571,0,0,0,0,22,0,0,0,0,0,0,0,0,0,0,0,0,1,0,0,0,1,0,0,0,28,27
1.0,0.0,12571,0,0,0,0,31,0,0,0,0,0,0,0,0,0,0,0,0,1,0,0,0,1,0,0,0,29,27
1.0,0.0,12571,0,0,0,0,31,0,0,0,0,0,0,0,0,0,0,0,0,1,0,0,0,1,0,0,0,30,27
1.0,0.0,12571,0,0,0,0,16,0,0,0,0,0,0,0,0,0,0,0,0,1,0,0,0,1,0,0,0,31,27
1.0,0.0,12571,0,0,0,0,22,0,0,0,0,0,0,0,0,0,0,0,0,1,0,0,0,1,0,0,0,28,27
1.0,0.0,12571,0,0,0,0,28,0,0,0,0,0,0,0,0,0,0,0,0,1,0,0,0,1,0,0,0,32,27
1.0,0.0,12571,0,0,2,0,20,0,0,0,0,0,0,0,0,0,0,0,0,1,0,0,0,1,0,0,0,6,32
1.0,0.0,12571,0,0,0,0,28,0,0,0,0,0,0,0,0,0,0,0,0,1,0,0,0,1,0,0,0,32,27
1.0,0.0,12571,0,0,2,0,20,0,0,0,0,0,0,0,0,0,0,0,0,1,0,0,0,1,0,0,0,6,32
1.0,0.0,12571,0,0,0,0,28,0,0,0,0,0,0,0,0,0,0,0,0,1,0,0,0,1,0,0,0,32,27
1.0,0.0,12571,0,0,2,0,20,0,0,0,0,0,0,0,0,0,0,0,0,1,0,0,0,1,0,0,0,6,32
1.0,0.0,12571,0,0,0,0,20,0,0,0,0,0,0,0,0,0,0,0,0,1,0,0,0,1,0,0,0,9,27
1.0,0.0,12571,0,0,0,0,16,0,0,0,0,0,0,0,0,0,0,0,0,1,0,0,0,1,0,0,0,31,27
1.0,0.0,12571,0,0,2,0,31,0,0,0,0,0,0,0,0,0,0,0,0,1,0,0,0,1,0,0,0,9,27
1.0,0.0,12571,0,0,0,0,40,0,0,0,0,0,0,0,0,0,0,0,0,1,0,0,0,1,0,0,0,33,27
1.0,0.0,12571,0,0,0,0,16,0,0,0,0,0,0,0,0,0,0,0,0,1,0,0,0,1,0,0,0,31,27
1.0,0.0,12571,0,0,0,0,40,0,0,0,0,0,0,0,0,0,0,0,0,1,0,0,0,1,0,0,0,33,27
1.0,0.0,12571,0,0,0,0,40,0,0,0,0,0,0,0,0,0,0,0,0,1,0,0,0,1,0,0,0,33,27
1.0,0.0,12571,0,0,0,0,22,0,0,0,0,0,0,0,0,0,0,0,0,1,0,0,0,1,0,0,0,28,27
1.0,0.0,12571,0,0,0,0,25,0,0,0,0,0,0,0,0,0,0,0,0,1,0,0,0,1,0,0,0,34,27
1.0,0.0,12571,0,0,0,0,40,0,0,0,0,0,0,0,0,0,0,0,0,1,0,0,0,1,0,0,0,33,34
1.0,0.0,12571,0,0,0,0,16,0,0,0,0,0,0,0,0,0,0,0,0,1,0,0,0,1,0,0,0,31,34
1.0,0.0,12571,0,0,0,0,42,0,0,0,0,0,0,0,0,0,0,0,0,1,0,0,0,1,0,0,0,33,34
1.0,0.0,0,0,0,0,0,38,0,0,0,0,0,0,0,0,0,0,0,0,1,0,0,0,1,0,0,0,35,88
1.0,0.0,0,0,0,0,0,28,0,0,0,0,0,0,0,0,0,0,0,0,1,0,0,0,1,0,0,0,4,35
1.0,0.0,0,0,0,0,0,22,0,0,0,0,0,0,0,0,0,0,0,0,1,0,0,0,1,0,0,0,9,35
1.0,0.0,0,0,0,0,0,16,0,0,0,0,0,0,0,0,0,0,0,0,1,0,0,0,1,0,0,0,10,35
1.0,0.0,0,0,0,0,0,16,0,0,0,0,0,0,0,0,0,0,0,0,1,0,0,0,1,0,0,0,11,35
1.0,0.0,0,0,0,0,0,16,0,0,0,0,0,0,0,0,0,0,0,0,1,0,0,0,1,0,0,0,8,35
1.0,0.0,0,0,0,0,0,16,0,0,0,0,0,0,0,0,0,0,0,0,1,0,0,0,1,0,0,0,6,35
1.0,0.0,0,0,0,0,0,16,0,0,0,0,0,0,0,0,0,0,0,0,1,0,0,0,1,0,0,0,6,35
1.0,0.0,12571,0,0,0,0,57,0,0,0,0,0,0,0,0,0,0,0,0,1,0,0,0,1,0,0,0,36,34
1.0,0.0,0,0,0,0,0,18,0,0,0,0,0,0,0,0,0,0,0,0,1,0,0,0,1,0,0,0,37,35
1.0,0.0,0,0,0,0,0,16,0,0,0,0,0,0,0,0,0,0,0,0,1,0,0,0,1,0,0,0,6,35
1.0,0.0,0,0,0,0,0,24,0,0,0,0,0,0,0,0,0,0,0,0,1,0,0,0,1,0,0,0,7,35
1.0,0.0,0,0,0,0,0,16,0,0,0,0,0,0,0,0,0,0,0,0,1,0,0,0,1,0,0,0,37,35
1.0,0.0,0,0,0,0,0,16,0,0,0,0,0,0,0,0,0,0,0,0,1,0,0,0,1,0,0,0,6,35
1.0,0.0,0,0,0,0,0,28,0,0,0,0,0,0,0,0,0,0,0,0,1,0,0,0,1,0,0,0,9,35
1.0,0.0,0,0,0,0,0,16,0,0,0,0,0,0,0,0,0,0,0,0,1,0,0,0,1,0,0,0,38,35
1.0,0.0,0,0,0,0,0,16,0,0,0,0,0,0,0,0,0,0,0,0,1,0,0,0,1,0,0,0,38,35
1.0,0.0,0,0,0,0,0,16,0,0,0,0,0,0,0,0,0,0,0,0,1,0,0,0,1,0,0,0,38,35
1.0,0.0,0,0,0,0,0,16,0,0,0,0,0,0,0,0,0,0,0,0,1,0,0,0,1,0,0,0,37,35
1.0,0.0,0,0,0,0,0,18,0,0,0,0,0,0,0,0,0,0,0,0,1,0,0,0,1,0,0,0,6,35
1.0,0.0,0,0,0,0,0,16,0,0,0,0,0,0,0,0,0,0,0,0,1,0,0,0,1,0,0,0,39,35
1.0,0.0,0,0,0,0,0,16,0,0,0,0,0,0,0,0,0,0,0,0,1,0,0,0,1,0,0,0,37,35
1.0,0.0,0,0,0,0,0,18,0,0,0,0,0,0,0,0,0,0,0,0,1,0,0,0,1,0,0,0,6,35
1.0,0.0,0,0,0,0,0,16,0,0,0,0,0,0,0,0,0,0,0,0,1,0,0,0,1,0,0,0,38,35
1.0,0.0,0,0,0,0,0,16,0,0,0,0,0,0,0,0,0,0,0,0,1,0,0,0,1,0,0,0,6,35
1.0,0.0,-1,-1,-1,0,0,5,0,0,0,0,0,0,0,0,0,0,0,0,1,0,0,0,1,0,0,0,14,14
1.0,0.0,-1,-1,-1,0,0,4,0,0,0,0,0,0,0,0,0,0,0,0,1,0,0,0,1,0,0,0,14,14
1.0,0.0,-1,-1,-1,0,0,4,0,0,0,0,0,0,0,0,0,0,0,0,1,0,0,0,1,0,0,0,14,14
1.0,0.0,0,0,0,0,0,16,0,0,0,0,0,0,0,0,0,0,0,0,1,0,0,0,1,0,0,0,8,3
1.0,0.0,0,0,0,0,0,16,0,0,0,0,0,0,0,0,0,0,0,0,1,0,0,0,1,0,0,0,11,3
1.0,0.0,0,12288,0,0,0,16,0,0,0,0,0,0,0,0,0,0,0,0,1,0,0,0,1,0,0,0,3,3
1.0,0.0,-1,-1,-1,0,0,4,0,0,0,0,0,0,0,0,0,0,0,0,1,0,0,0,1,0,0,0,14,14
1.0,0.0,-1,-1,-1,0,0,4,0,0,0,0,0,0,0,0,0,0,0,0,1,0,0,0,1,0,0,0,14,14
1.0,0.0,-1,-1,-1,0,0,4,0,0,0,0,0,0,0,0,0,0,0,0,1,0,0,0,1,0,0,0,14,14
1.0,0.0,-1,-1,-1,0,0,4,0,0,0,0,0,0,0,0,0,0,0,0,1,0,0,0,1,0,0,0,14,14
1.0,0.0,-1,-1,-1,0,0,4,0,0,0,0,0,0,0,0,0,0,0,0,1,0,0,0,1,0,0,0,14,14
1.0,0.0,-1,-1,-1,0,0,4,0,0,0,0,0,0,0,0,0,0,0,0,1,0,0,0,1,0,0,0,14,14
1.0,0.0,-1,-1,-1,0,0,4,0,0,0,0,0,0,0,0,0,0,0,0,1,0,0,0,1,0,0,0,14,14
1.0,0.0,12571,0,0,0,0,23,0,0,0,0,0,0,0,0,0,0,0,0,1,0,0,0,1,0,0,0,26,24
1.0,0.0,-1,-1,-1,0,0,5,0,0,0,0,0,0,0,0,0,0,0,0,1,0,0,0,1,0,0,0,14,14
1.0,0.0,0,0,0,0,0,24,0,0,0,0,0,0,0,0,0,0,0,0,1,0,0,0,1,0,0,0,20,24
1.0,0.0,-1,-1,-1,0,0,5,0,0,0,0,0,0,0,0,0,0,0,0,1,0,0,0,1,0,0,0,14,14
1.0,0.0,0,0,0,0,0,19,0,0,0,0,0,0,0,0,0,0,0,0,1,0,0,0,1,0,0,0,17,17
1.0,0.0,-1,-1,-1,0,0,4,0,0,0,0,0,0,0,0,0,0,0,0,1,0,0,0,1,0,0,0,14,14
1.0,0.0,-1,-1,-1,0,0,4,0,0,0,0,0,0,0,0,0,0,0,0,1,0,0,0,1,0,0,0,14,14
1.0,0.0,-1,-1,-1,0,0,4,0,0,0,0,0,0,0,0,0,0,0,0,1,0,0,0,1,0,0,0,14,14
1.0,0.0,-1,-1,-1,0,0,4,0,0,0,0,0,0,0,0,0,0,0,0,1,0,0,0,1,0,0,0,14,14
1.0,0.0,-1,-1,-1,0,0,4,0,0,0,0,0,0,0,0,0,0,0,0,1,0,0,0,1,0,0,0,14,14
1.0,10.0,65534,0,0,0,0,19,0,0,0,0,0,0,0,0,0,0,0,0,1,0,0,0,1,0,0,0,18,17
1.0,0.0,33902,0,0,0,0,17,0,0,0,0,0,0,0,0,0,0,0,0,1,0,0,0,1,0,0,0,1,87
1.0,0.0,33902,0,0,2,0,22,0,0,0,0,0,0,0,0,0,0,0,0,1,0,0,0,1,0,0,0,2,87
1.0,0.0,65534,0,0,0,0,19,0,0,0,0,0,0,0,0,0,0,0,0,1,0,0,0,1,0,0,0,18,17
1.0,0.0,-1,-1,-1,0,0,4,0,0,0,0,0,0,0,0,0,0,0,0,1,0,0,0,1,0,0,0,14,14
1.0,0.0,-1,-1,-1,0,0,4,0,0,0,0,0,0,0,0,0,0,0,0,1,0,0,0,1,0,0,0,14,14
1.0,0.0,-1,-1,-1,0,0,4,0,0,0,0,0,0,0,0,0,0,0,0,1,0,0,0,1,0,0,0,14,14
1.0,0.0,-1,-1,-1,0,0,4,0,0,0,0,0,0,0,0,0,0,0,0,1,0,0,0,1,0,0,0,14,14
1.0,0.0,-1,-1,-1,0,0,4,0,0,0,0,0,0,0,0,0,0,0,0,1,0,0,0,1,0,0,0,14,14
1.0,0.0,0,-1,5,0,0,10,0,0,0,0,0,0,0,0,0,0,0,0,1,0,0,0,1,0,0,0,17,17
1.0,0.0,-1,-1,-1,0,0,5,0,0,0,0,0,0,0,0,0,0,0,0,1,0,0,0,1,0,0,0,14,14
1.0,0.0,0,0,0,0,0,24,0,0,0,0,0,0,0,0,0,0,0,0,1,0,0,0,1,0,0,0,20,24
1.0,0.0,-1,-1,-1,0,0,5,0,0,0,0,0,0,0,0,0,0,0,0,1,0,0,0,1,0,0,0,14,14
1.0,0.0,0,-1,5,0,0,9,0,0,0,0,0,0,0,0,0,0,0,0,1,0,0,0,1,0,0,0,22,24
1.0,0.0,-1,-1,-1,0,0,5,0,0,0,0,0,0,0,0,0,0,0,0,1,0,0,0,1,0,0,0,14,14
1.0,0.0,12503,0,0,0,0,20,0,0,0,0,0,0,0,0,0,0,0,0,1,0,0,0,1,0,0,0,24,24
1.0,0.0,12503,0,0,0,0,28,0,0,0,0,0,0,0,0,0,0,0,0,1,0,0,0,1,0,0,0,25,89
1.0,0.0,12503,0,0,0,0,31,0,0,0,0,0,0,0,0,0,0,0,0,1,0,0,0,1,0,0,0,26,24
1.0,0.0,-1,-1,-1,0,0,5,0,0,0,0,0,0,0,0,0,0,0,0,1,0,0,0,1,0,0,0,14,14
1.0,0.0,-1,-1,-1,0,0,4,0,0,0,0,0,0,0,0,0,0,0,0,1,0,0,0,1,0,0,0,14,14
1.0,0.0,-1,-1,-1,0,0,4,0,0,0,0,0,0,0,0,0,0,0,0,1,0,0,0,1,0,0,0,14,14
1.0,0.0,-1,-1,-1,0,0,4,0,0,0,0,0,0,0,0,0,0,0,0,1,0,0,0,1,0,0,0,14,14
1.0,0.0,-1,-1,-1,0,0,4,0,0,0,0,0,0,0,0,0,0,0,0,1,0,0,0,1,0,0,0,14,14
1.0,0.0,-1,-1,-1,0,0,4,0,0,0,0,0,0,0,0,0,0,0,0,1,0,0,0,1,0,0,0,14,14
1.0,0.0,-1,-1,-1,0,0,4,0,0,0,0,0,0,0,0,0,0,0,0,1,0,0,0,1,0,0,0,14,14
1.0,0.0,-1,-1,-1,0,0,4,0,0,0,0,0,0,0,0,0,0,0,0,1,0,0,0,1,0,0,0,14,14
1.0,0.0,-1,-1,-1,0,0,4,0,0,0,0,0,0,0,0,0,0,0,0,1,0,0,0,1,0,0,0,14,14
1.0,0.0,12503,0,0,0,0,23,0,0,0,0,0,0,0,0,0,0,0,0,1,0,0,0,1,0,0,0,27,17
1.0,0.0,12503,0,0,0,0,22,0,0,0,0,0,0,0,0,0,0,0,0,1,0,0,0,1,0,0,0,28,27
1.0,0.0,12503,0,0,0,0,22,0,0,0,0,0,0,0,0,0,0,0,0,1,0,0,0,1,0,0,0,28,27
1.0,0.0,12503,0,0,0,0,31,0,0,0,0,0,0,0,0,0,0,0,0,1,0,0,0,1,0,0,0,29,27
1.0,0.0,12503,0,0,0,0,31,0,0,0,0,0,0,0,0,0,0,0,0,1,0,0,0,1,0,0,0,30,27
1.0,0.0,12503,0,0,0,0,16,0,0,0,0,0,0,0,0,0,0,0,0,1,0,0,0,1,0,0,0,31,27
1.0,0.0,12503,0,0,0,0,22,0,0,0,0,0,0,0,0,0,0,0,0,1,0,0,0,1,0,0,0,28,27
1.0,0.0,12503,0,0,0,0,28,0,0,0,0,0,0,0,0,0,0,0,0,1,0,0,0,1,0,0,0,32,27
1.0,0.0,12503,0,0,2,0,20,0,0,0,0,0,0,0,0,0,0,0,0,1,0,0,0,1,0,0,0,6,32
1.0,0.0,12503,0,0,0,0,28,0,0,0,0,0,0,0,0,0,0,0,0,1,0,0,0,1,0,0,0,32,27
1.0,0.0,12503,0,0,2,0,20,0,0,0,0,0,0,0,0,0,0,0,0,1,0,0,0,1,0,0,0,6,32
1.0,0.0,12503,0,0,0,0,28,0,0,0,0,0,0,0,0,0,0,0,0,1,0,0,0,1,0,0,0,32,27
1.0,0.0,12503,0,0,2,0,20,0,0,0,0,0,0,0,0,0,0,0,0,1,0,0,0,1,0,0,0,6,32
1.0,0.0,12503,0,0,0,0,20,0,0,0,0,0,0,0,0,0,0,0,0,1,0,0,0,1,0,0,0,9,27
1.0,0.0,12503,0,0,0,0,16,0,0,0,0,0,0,0,0,0,0,0,0,1,0,0,0,1,0,0,0,31,27
1.0,0.0,12503,0,0,2,0,31,0,0,0,0,0,0,0,0,0,0,0,0,1,0,0,0,1,0,0,0,9,27
1.0,0.0,12503,0,0,0,0,40,0,0,0,0,0,0,0,0,0,0,0,0,1,0,0,0,1,0,0,0,33,27
1.0,0.0,0,0,0,1,0,22,0,0,0,0,0,0,0,0,0,0,0,0,1,0,0,0,1,0,0,0,1,90
1.0,0.0,0,0,0,1,0,28,0,0,0,0,0,0,0,0,0,0,0,0,1,0,0,0,1,0,0,0,1,90
1.0,0.0,0,0,0,1,0,25,0,0,0,0,0,0,0,0,0,0,0,0,1,0,0,0,1,0,0,0,40,90
1.0,0.0,0,0,0,1,0,31,0,0,0,0,0,0,0,0,0,0,0,0,1,0,0,0,1,0,0,0,41,1
1.0,0.0,0,0,0,1,0,19,0,0,0,0,0,0,0,0,0,0,0,0,1,0,0,0,1,0,0,0,4,40
1.0,0.0,0,0,0,1,0,17,0,0,0,0,0,0,0,0,0,0,0,0,1,0,0,0,1,0,0,0,42,40
1.0,0.0,0,0,0,1,0,21,0,0,0,0,0,0,0,0,0,0,0,0,1,0,0,0,1,0,0,0,7,40
1.0,0.0,0,0,0,1,0,17,0,0,0,0,0,0,0,0,0,0,0,0,1,0,0,0,1,0,0,0,6,40
1.0,0.0,12503,0,0,0,0,16,0,0,0,0,0,0,0,0,0,0,0,0,1,0,0,0,1,0,0,0,31,27
1.0,0.0,12503,0,0,0,0,40,0,0,0,0,0,0,0,0,0,0,0,0,1,0,0,0,1,0,0,0,33,27
1.0,0.0,0,0,0,1,0,19,0,0,0,0,0,0,0,0,0,0,0,0,1,0,0,0,1,0,0,0,43,90
1.0,0.0,0,0,0,1,0,21,0,0,0,0,0,0,0,0,0,0,0,0,1,0,0,0,1,0,0,0,44,43
1.0,0.0,-1,-1,-1,0,0,5,0,0,0,0,0,0,0,0,0,0,0,0,1,0,0,0,1,0,0,0,14,14
1.0,0.0,-1,-1,-1,0,0,5,0,0,0,0,0,0,0,0,0,0,0,0,1,0,0,0,1,0,0,0,14,14
1.0,0.0,12503,0,0,0,0,40,0,0,0,0,0,0,0,0,0,0,0,0,1,0,0,0,1,0,0,0,33,27
1.0,0.0,12503,0,0,0,0,22,0,0,0,0,0,0,0,0,0,0,0,0,1,0,0,0,1,0,0,0,28,27
1.0,0.0,12503,0,0,0,0,40,0,0,0,0,0,0,0,0,0,0,0,0,1,0,0,0,1,0,0,0,33,27
1.0,0.0,12503,0,0,0,0,16,0,0,0,0,0,0,0,0,0,0,0,0,1,0,0,0,1,0,0,0,31,27
1.0,0.0,12503,0,0,0,0,50,0,0,0,0,0,0,0,0,0,0,0,0,1,0,0,0,1,0,0,0,33,27
1.0,0.0,12503,0,0,0,0,50,0,0,0,0,0,0,0,0,0,0,0,0,1,0,0,0,1,0,0,0,33,27
1.0,0.0,12503,0,0,0,0,40,0,0,0,0,0,0,0,0,0,0,0,0,1,0,0,0,1,0,0,0,33,27
1.0,0.0,12503,0,0,0,0,26,0,0,0,0,0,0,0,0,0,0,0,0,1,0,0,0,1,0,0,0,45,17
1.0,0.0,-1,-1,-1,0,0,4,0,0,0,0,0,0,0,0,0,0,0,0,1,0,0,0,1,0,0,0,14,14
1.0,0.0,-1,-1,-1,0,0,4,0,0,0,0,0,0,0,0,0,0,0,0,1,0,0,0,1,0,0,0,14,14
1.0,0.0,-1,-1,-1,0,0,4,0,0,0,0,0,0,0,0,0,0,0,0,1,0,0,0,1,0,0,0,14,14
1.0,0.0,-1,-1,-1,0,0,4,0,0,0,0,0,0,0,0,0,0,0,0,1,0,0,0,1,0,0,0,14,14
1.0,0.0,-1,-1,-1,0,0,4,0,0,0,0,0,0,0,0,0,0,0,0,1,0,0,0,1,0,0,0,14,14
1.0,0.0,-1,-1,-1,0,0,4,0,0,0,0,0,0,0,0,0,0,0,0,1,0,0,0,1,0,0,0,14,14
1.0,0.0,-1,-1,-1,0,0,4,0,0,0,0,0,0,0,0,0,0,0,0,1,0,0,0,1,0,0,0,14,14
1.0,0.0,-1,-1,-1,0,0,4,0,0,0,0,0,0,0,0,0,0,0,0,1,0,0,0,1,0,0,0,14,14
1.0,0.0,-1,-1,-1,0,0,4,0,0,0,0,0,0,0,0,0,0,0,0,1,0,0,0,1,0,0,0,14,14
1.0,0.0,12503,0,0,0,0,23,0,0,0,0,0,0,0,0,0,0,0,0,1,0,0,0,1,0,0,0,26,24
1.0,0.0,-1,-1,-1,0,0,5,0,0,0,0,0,0,0,0,0,0,0,0,1,0,0,0,1,0,0,0,14,14
1.0,0.0,0,0,0,0,0,24,0,0,0,0,0,0,0,0,0,0,0,0,1,0,0,0,1,0,0,0,20,24
1.0,0.0,0,0,0,0,0,19,0,0,0,0,0,0,0,0,0,0,0,0,1,0,0,0,1,0,0,0,17,17
1.0,0.0,-1,-1,-1,0,0,4,0,0,0,0,0,0,0,0,0,0,0,0,1,0,0,0,1,0,0,0,14,14
1.0,0.0,-1,-1,-1,0,0,4,0,0,0,0,0,0,0,0,0,0,0,0,1,0,0,0,1,0,0,0,14,14
1.0,0.0,-1,-1,-1,0,0,4,0,0,0,0,0,0,0,0,0,0,0,0,1,0,0,0,1,0,0,0,14,14
1.0,0.0,-1,-1,-1,0,0,4,0,0,0,0,0,0,0,0,0,0,0,0,1,0,0,0,1,0,0,0,14,14
1.0,0.0,-1,-1,-1,0,0,4,0,0,0,0,0,0,0,0,0,0,0,0,1,0,0,0,1,0,0,0,14,14
1.0,0.0,-1,-1,-1,0,0,5,0,0,0,0,0,0,0,0,0,0,0,0,1,0,0,0,1,0,0,0,14,14
1.0,0.0,65534,0,0,0,0,19,0,0,0,0,0,0,0,0,0,0,0,0,1,0,0,0,1,0,0,0,18,17
1.0,0.0,65534,0,0,0,0,19,0,0,0,0,0,0,0,0,0,0,0,0,1,0,0,0,1,0,0,0,18,17
1.0,0.0,-1,-1,-1,0,0,4,0,0,0,0,0,0,0,0,0,0,0,0,1,0,0,0,1,0,0,0,14,14
1.0,0.0,-1,-1,-1,0,0,4,0,0,0,0,0,0,0,0,0,0,0,0,1,0,0,0,1,0,0,0,14,14
1.0,0.0,-1,-1,-1,0,0,4,0,0,0,0,0,0,0,0,0,0,0,0,1,0,0,0,1,0,0,0,14,14
1.0,0.0,-1,-1,-1,0,0,4,0,0,0,0,0,0,0,0,0,0,0,0,1,0,0,0,1,0,0,0,14,14
1.0,0.0,-1,-1,-1,0,0,4,0,0,0,0,0,0,0,0,0,0,0,0,1,0,0,0,1,0,0,0,14,14
1.0,0.0,0,-1,5,0,0,10,0,0,0,0,0,0,0,0,0,0,0,0,1,0,0,0,1,0,0,0,17,17
1.0,0.0,-1,-1,-1,0,0,5,0,0,0,0,0,0,0,0,0,0,0,0,1,0,0,0,1,0,0,0,14,14
1.0,0.0,0,0,0,0,0,24,0,0,0,0,0,0,0,0,0,0,0,0,1,0,0,0,1,0,0,0,20,24
1.0,0.0,-1,-1,-1,0,0,5,0,0,0,0,0,0,0,0,0,0,0,0,1,0,0,0,1,0,0,0,14,14
1.0,0.0,0,-1,5,0,0,9,0,0,0,0,0,0,0,0,0,0,0,0,1,0,0,0,1,0,0,0,22,24
1.0,0.0,-1,-1,-1,0,0,5,0,0,0,0,0,0,0,0,0,0,0,0,1,0,0,0,1,0,0,0,14,14
1.0,0.0,12503,0,0,0,0,20,0,0,0,0,0,0,0,0,0,0,0,0,1,0,0,0,1,0,0,0,24,24
1.0,0.0,12503,0,0,0,0,28,0,0,0,0,0,0,0,0,0,0,0,0,1,0,0,0,1,0,0,0,25,89
1.0,0.0,12503,0,0,0,0,31,0,0,0,0,0,0,0,0,0,0,0,0,1,0,0,0,1,0,0,0,26,24
1.0,0.0,-1,-1,-1,0,0,5,0,0,0,0,0,0,0,0,0,0,0,0,1,0,0,0,1,0,0,0,14,14
1.0,0.0,-1,-1,-1,0,0,4,0,0,0,0,0,0,0,0,0,0,0,0,1,0,0,0,1,0,0,0,14,14
1.0,0.0,-1,-1,-1,0,0,4,0,0,0,0,0,0,0,0,0,0,0,0,1,0,0,0,1,0,0,0,14,14
1.0,0.0,-1,-1,-1,0,0,4,0,0,0,0,0,0,0,0,0,0,0,0,1,0,0,0,1,0,0,0,14,14
1.0,0.0,-1,-1,-1,0,0,4,0,0,0,0,0,0,0,0,0,0,0,0,1,0,0,0,1,0,0,0,14,14
1.0,0.0,-1,-1,-1,0,0,4,0,0,0,0,0,0,0,0,0,0,0,0,1,0,0,0,1,0,0,0,14,14
1.0,0.0,-1,-1,-1,0,0,4,0,0,0,0,0,0,0,0,0,0,0,0,1,0,0,0,1,0,0,0,14,14
1.0,0.0,-1,-1,-1,0,0,4,0,0,0,0,0,0,0,0,0,0,0,0,1,0,0,0,1,0,0,0,14,14
1.0,0.0,-1,-1,-1,0,0,4,0,0,0,0,0,0,0,0,0,0,0,0,1,0,0,0,1,0,0,0,14,14
1.0,0.0,12503,0,0,0,0,23,0,0,0,0,0,0,0,0,0,0,0,0,1,0,0,0,1,0,0,0,27,17
1.0,0.0,12503,0,0,0,0,22,0,0,0,0,0,0,0,0,0,0,0,0,1,0,0,0,1,0,0,0,28,27
1.0,0.0,12503,0,0,0,0,22,0,0,0,0,0,0,0,0,0,0,0,0,1,0,0,0,1,0,0,0,28,27
1.0,0.0,12503,0,0,0,0,31,0,0,0,0,0,0,0,0,0,0,0,0,1,0,0,0,1,0,0,0,29,27
1.0,0.0,12503,0,0,0,0,31,0,0,0,0,0,0,0,0,0,0,0,0,1,0,0,0,1,0,0,0,30,27
1.0,0.0,12503,0,0,0,0,16,0,0,0,0,0,0,0,0,0,0,0,0,1,0,0,0,1,0,0,0,31,27
1.0,0.0,12503,0,0,0,0,22,0,0,0,0,0,0,0,0,0,0,0,0,1,0,0,0,1,0,0,0,28,27
1.0,0.0,12503,0,0,0,0,28,0,0,0,0,0,0,0,0,0,0,0,0,1,0,0,0,1,0,0,0,32,27
1.0,0.0,12503,0,0,2,0,20,0,0,0,0,0,0,0,0,0,0,0,0,1,0,0,0,1,0,0,0,6,32
1.0,0.0,12503,0,0,0,0,28,0,0,0,0,0,0,0,0,0,0,0,0,1,0,0,0,1,0,0,0,32,27
1.0,0.0,12503,0,0,2,0,20,0,0,0,0,0,0,0,0,0,0,0,0,1,0,0,0,1,0,0,0,6,32
1.0,0.0,12503,0,0,0,0,28,0,0,0,0,0,0,0,0,0,0,0,0,1,0,0,0,1,0,0,0,32,27
1.0,0.0,12503,0,0,2,0,20,0,0,0,0,0,0,0,0,0,0,0,0,1,0,0,0,1,0,0,0,6,32
1.0,0.0,12503,0,0,0,0,20,0,0,0,0,0,0,0,0,0,0,0,0,1,0,0,0,1,0,0,0,9,27
1.0,0.0,12503,0,0,0,0,16,0,0,0,0,0,0,0,0,0,0,0,0,1,0,0,0,1,0,0,0,31,27
1.0,0.0,12503,0,0,2,0,31,0,0,0,0,0,0,0,0,0,0,0,0,1,0,0,0,1,0,0,0,9,27
1.0,0.0,12503,0,0,0,0,40,0,0,0,0,0,0,0,0,0,0,0,0,1,0,0,0,1,0,0,0,33,27
1.0,0.0,12503,0,0,0,0,16,0,0,0,0,0,0,0,0,0,0,0,0,1,0,0,0,1,0,0,0,31,27
1.0,0.0,12503,0,0,0,0,40,0,0,0,0,0,0,0,0,0,0,0,0,1,0,0,0,1,0,0,0,33,27
1.0,0.0,12503,0,0,0,0,40,0,0,0,0,0,0,0,0,0,0,0,0,1,0,0,0,1,0,0,0,33,27
1.0,0.0,12503,0,0,0,0,22,0,0,0,0,0,0,0,0,0,0,0,0,1,0,0,0,1,0,0,0,28,27
1.0,0.0,12503,0,0,0,0,40,0,0,0,0,0,0,0,0,0,0,0,0,1,0,0,0,1,0,0,0,33,27
1.0,0.0,12503,0,0,0,0,16,0,0,0,0,0,0,0,0,0,0,0,0,1,0,0,0,1,0,0,0,31,27
1.0,0.0,12503,0,0,0,0,50,0,0,0,0,0,0,0,0,0,0,0,0,1,0,0,0,1,0,0,0,33,27
1.0,0.0,12503,0,0,0,0,50,0,0,0,0,0,0,0,0,0,0,0,0,1,0,0,0,1,0,0,0,33,27
1.0,0.0,0,0,0,0,0,16,0,0,0,0,0,0,0,0,0,0,0,0,1,0,0,0,1,0,0,0,8,3
1.0,0.0,0,0,0,0,0,16,0,0,0,0,0,0,0,0,0,0,0,0,1,0,0,0,1,0,0,0,11,3
1.0,0.0,0,12288,0,0,0,16,0,0,0,0,0,0,0,0,0,0,0,0,1,0,0,0,1,0,0,0,3,3
1.0,0.0,12503,0,0,0,0,40,0,0,0,0,0,0,0,0,0,0,0,0,1,0,0,0,1,0,0,0,33,27
1.0,0.0,12503,0,0,0,0,26,0,0,0,0,0,0,0,0,0,0,0,0,1,0,0,0,1,0,0,0,45,17
1.0,0.0,-1,-1,-1,0,0,4,0,0,0,0,0,0,0,0,0,0,0,0,1,0,0,0,1,0,0,0,14,14
1.0,0.0,-1,-1,-1,0,0,4,0,0,0,0,0,0,0,0,0,0,0,0,1,0,0,0,1,0,0,0,14,14
1.0,0.0,-1,-1,-1,0,0,4,0,0,0,0,0,0,0,0,0,0,0,0,1,0,0,0,1,0,0,0,14,14
1.0,0.0,-1,-1,-1,0,0,4,0,0,0,0,0,0,0,0,0,0,0,0,1,0,0,0,1,0,0,0,14,14
1.0,0.0,-1,-1,-1,0,0,4,0,0,0,0,0,0,0,0,0,0,0,0,1,0,0,0,1,0,0,0,14,14
1.0,0.0,-1,-1,-1,0,0,4,0,0,0,0,0,0,0,0,0,0,0,0,1,0,0,0,1,0,0,0,14,14
1.0,0.0,-1,-1,-1,0,0,4,0,0,0,0,0,0,0,0,0,0,0,0,1,0,0,0,1,0,0,0,14,14
1.0,0.0,-1,-1,-1,0,0,4,0,0,0,0,0,0,0,0,0,0,0,0,1,0,0,0,1,0,0,0,14,14
1.0,0.0,-1,-1,-1,0,0,4,0,0,0,0,0,0,0,0,0,0,0,0,1,0,0,0,1,0,0,0,14,14
1.0,0.0,12503,0,0,0,0,23,0,0,0,0,0,0,0,0,0,0,0,0,1,0,0,0,1,0,0,0,26,24
1.0,0.0,-1,-1,-1,0,0,5,0,0,0,0,0,0,0,0,0,0,0,0,1,0,0,0,1,0,0,0,14,14
1.0,0.0,0,0,0,0,0,24,0,0,0,0,0,0,0,0,0,0,0,0,1,0,0,0,1,0,0,0,20,24
1.0,0.0,0,0,0,0,0,19,0,0,0,0,0,0,0,0,0,0,0,0,1,0,0,0,1,0,0,0,17,17
1.0,0.0,-1,-1,-1,0,0,4,0,0,0,0,0,0,0,0,0,0,0,0,1,0,0,0,1,0,0,0,14,14
1.0,0.0,-1,-1,-1,0,0,4,0,0,0,0,0,0,0,0,0,0,0,0,1,0,0,0,1,0,0,0,14,14
1.0,0.0,-1,-1,-1,0,0,4,0,0,0,0,0,0,0,0,0,0,0,0,1,0,0,0,1,0,0,0,14,14
1.0,0.0,-1,-1,-1,0,0,4,0,0,0,0,0,0,0,0,0,0,0,0,1,0,0,0,1,0,0,0,14,14
1.0,0.0,-1,-1,-1,0,0,4,0,0,0,0,0,0,0,0,0,0,0,0,1,0,0,0,1,0,0,0,14,14
1.0,0.0,-1,-1,-1,0,0,5,0,0,0,0,0,0,0,0,0,0,0,0,1,0,0,0,1,0,0,0,14,14
1.0,0.0,65534,0,0,0,0,19,0,0,0,0,0,0,0,0,0,0,0,0,1,0,0,0,1,0,0,0,18,17
1.0,0.0,65534,0,0,0,0,19,0,0,0,0,0,0,0,0,0,0,0,0,1,0,0,0,1,0,0,0,18,17
1.0,0.0,-1,-1,-1,0,0,4,0,0,0,0,0,0,0,0,0,0,0,0,1,0,0,0,1,0,0,0,14,14
1.0,0.0,-1,-1,-1,0,0,4,0,0,0,0,0,0,0,0,0,0,0,0,1,0,0,0,1,0,0,0,14,14
1.0,0.0,-1,-1,-1,0,0,4,0,0,0,0,0,0,0,0,0,0,0,0,1,0,0,0,1,0,0,0,14,14
1.0,0.0,-1,-1,-1,0,0,4,0,0,0,0,0,0,0,0,0,0,0,0,1,0,0,0,1,0,0,0,14,14
1.0,0.0,-1,-1,-1,0,0,4,0,0,0,0,0,0,0,0,0,0,0,0,1,0,0,0,1,0,0,0,14,14
1.0,0.0,0,-1,5,0,0,10,0,0,0,0,0,0,0,0,0,0,0,0,1,0,0,0,1,0,0,0,17,17
1.0,0.0,-1,-1,-1,0,0,5,0,0,0,0,0,0,0,0,0,0,0,0,1,0,0,0,1,0,0,0,14,14
1.0,0.0,0,0,0,0,0,24,0,0,0,0,0,0,0,0,0,0,0,0,1,0,0,0,1,0,0,0,20,24
1.0,0.0,-1,-1,-1,0,0,5,0,0,0,0,0,0,0,0,0,0,0,0,1,0,0,0,1,0,0,0,14,14
1.0,0.0,0,-1,5,0,0,9,0,0,0,0,0,0,0,0,0,0,0,0,1,0,0,0,1,0,0,0,22,24
1.0,0.0,-1,-1,-1,0,0,5,0,0,0,0,0,0,0,0,0,0,0,0,1,0,0,0,1,0,0,0,14,14
1.0,0.0,12503,0,0,0,0,20,0,0,0,0,0,0,0,0,0,0,0,0,1,0,0,0,1,0,0,0,24,24
1.0,0.0,12503,0,0,0,0,28,0,0,0,0,0,0,0,0,0,0,0,0,1,0,0,0,1,0,0,0,25,89
1.0,0.0,0,0,0,0,0,19,0,0,0,0,0,0,0,0,0,0,0,0,1,0,0,0,1,0,0,0,17,17
1.0,0.0,-1,-1,-1,0,0,4,0,0,0,0,0,0,0,0,0,0,0,0,1,0,0,0,1,0,0,0,14,14
1.0,0.0,-1,-1,-1,0,0,4,0,0,0,0,0,0,0,0,0,0,0,0,1,0,0,0,1,0,0,0,14,14
1.0,0.0,-1,-1,-1,0,0,4,0,0,0,0,0,0,0,0,0,0,0,0,1,0,0,0,1,0,0,0,14,14
1.0,0.0,-1,-1,-1,0,0,4,0,0,0,0,0,0,0,0,0,0,0,0,1,0,0,0,1,0,0,0,14,14
1.0,0.0,-1,-1,-1,0,0,4,0,0,0,0,0,0,0,0,0,0,0,0,1,0,0,0,1,0,0,0,14,14
1.0,0.0,12503,0,0,0,0,31,0,0,0,0,0,0,0,0,0,0,0,0,1,0,0,0,1,0,0,0,26,24
1.0,0.0,-1,-1,-1,0,0,5,0,0,0,0,0,0,0,0,0,0,0,0,1,0,0,0,1,0,0,0,14,14
1.0,0.0,-1,-1,-1,0,0,4,0,0,0,0,0,0,0,0,0,0,0,0,1,0,0,0,1,0,0,0,14,14
1.0,0.0,-1,-1,-1,0,0,4,0,0,0,0,0,0,0,0,0,0,0,0,1,0,0,0,1,0,0,0,14,14
1.0,0.0,-1,-1,-1,0,0,4,0,0,0,0,0,0,0,0,0,0,0,0,1,0,0,0,1,0,0,0,14,14
1.0,0.0,-1,-1,-1,0,0,4,0,0,0,0,0,0,0,0,0,0,0,0,1,0,0,0,1,0,0,0,14,14
1.0,0.0,-1,-1,-1,0,0,4,0,0,0,0,0,0,0,0,0,0,0,0,1,0,0,0,1,0,0,0,14,14
1.0,0.0,65534,0,0,0,0,19,0,0,0,0,0,0,0,0,0,0,0,0,1,0,0,0,1,0,0,0,18,17
1.0,0.0,-1,-1,-1,0,0,4,0,0,0,0,0,0,0,0,0,0,0,0,1,0,0,0,1,0,0,0,14,14
1.0,0.0,-1,-1,-1,0,0,4,0,0,0,0,0,0,0,0,0,0,0,0,1,0,0,0,1,0,0,0,14,14
1.0,0.0,65534,0,0,0,0,19,0,0,0,0,0,0,0,0,0,0,0,0,1,0,0,0,1,0,0,0,18,17
1.0,0.0,-1,-1,-1,0,0,4,0,0,0,0,0,0,0,0,0,0,0,0,1,0,0,0,1,0,0,0,14,14
1.0,0.0,12503,0,0,0,0,23,0,0,0,0,0,0,0,0,0,0,0,0,1,0,0,0,1,0,0,0,27,17
1.0,0.0,12503,0,0,0,0,22,0,0,0,0,0,0,0,0,0,0,0,0,1,0,0,0,1,0,0,0,28,27
1.0,0.0,12503,0,0,0,0,22,0,0,0,0,0,0,0,0,0,0,0,0,1,0,0,0,1,0,0,0,28,27
1.0,0.0,12503,0,0,0,0,31,0,0,0,0,0,0,0,0,0,0,0,0,1,0,0,0,1,0,0,0,29,27
1.0,0.0,-1,-1,-1,0,0,4,0,0,0,0,0,0,0,0,0,0,0,0,1,0,0,0,1,0,0,0,14,14
1.0,0.0,-1,-1,-1,0,0,4,0,0,0,0,0,0,0,0,0,0,0,0,1,0,0,0,1,0,0,0,14,14
1.0,0.0,-1,-1,-1,0,0,4,0,0,0,0,0,0,0,0,0,0,0,0,1,0,0,0,1,0,0,0,14,14
1.0,0.0,-1,-1,-1,0,0,4,0,0,0,0,0,0,0,0,0,0,0,0,1,0,0,0,1,0,0,0,14,14
1.0,0.0,-1,-1,-1,0,0,4,0,0,0,0,0,0,0,0,0,0,0,0,1,0,0,0,1,0,0,0,14,14
1.0,0.0,0,-1,1,0,0,10,0,0,0,0,0,0,0,0,0,0,0,0,1,0,0,0,1,0,0,0,17,17
1.0,0.0,12503,0,0,0,0,31,0,0,0,0,0,0,0,0,0,0,0,0,1,0,0,0,1,0,0,0,30,27
1.0,0.0,12503,0,0,0,0,16,0,0,0,0,0,0,0,0,0,0,0,0,1,0,0,0,1,0,0,0,31,27
1.0,0.0,12503,0,0,0,0,22,0,0,0,0,0,0,0,0,0,0,0,0,1,0,0,0,1,0,0,0,28,27
1.0,0.0,12503,0,0,0,0,28,0,0,0,0,0,0,0,0,0,0,0,0,1,0,0,0,1,0,0,0,32,27
1.0,0.0,12503,0,0,2,0,20,0,0,0,0,0,0,0,0,0,0,0,0,1,0,0,0,1,0,0,0,6,32
1.0,0.0,12503,0,0,0,0,28,0,0,0,0,0,0,0,0,0,0,0,0,1,0,0,0,1,0,0,0,32,27
1.0,0.0,12503,0,0,2,0,20,0,0,0,0,0,0,0,0,0,0,0,0,1,0,0,0,1,0,0,0,6,32
1.0,0.0,12503,0,0,0,0,28,0,0,0,0,0,0,0,0,0,0,0,0,1,0,0,0,1,0,0,0,32,27
1.0,0.0,12503,0,0,2,0,20,0,0,0,0,0,0,0,0,0,0,0,0,1,0,0,0,1,0,0,0,6,32
1.0,0.0,12503,0,0,0,0,20,0,0,0,0,0,0,0,0,0,0,0,0,1,0,0,0,1,0,0,0,9,27
1.0,0.0,-1,-1,-1,0,0,4,0,0,0,0,0,0,0,0,0,0,0,0,1,0,0,0,1,0,0,0,14,14
1.0,0.0,-1,-1,-1,0,0,4,0,0,0,0,0,0,0,0,0,0,0,0,1,0,0,0,1,0,0,0,14,14
1.0,0.0,-1,-1,-1,0,0,4,0,0,0,0,0,0,0,0,0,0,0,0,1,0,0,0,1,0,0,0,14,14
1.0,0.0,-1,-1,-1,0,0,4,0,0,0,0,0,0,0,0,0,0,0,0,1,0,0,0,1,0,0,0,14,14
1.0,0.0,12503,0,0,0,0,16,0,0,0,0,0,0,0,0,0,0,0,0,1,0,0,0,1,0,0,0,31,27
1.0,0.0,-1,-1,-1,0,0,4,0,0,0,0,0,0,0,0,0,0,0,0,1,0,0,0,1,0,0,0,14,14
1.0,0.0,12503,0,0,2,0,31,0,0,0,0,0,0,0,0,0,0,0,0,1,0,0,0,1,0,0,0,9,27
1.0,0.0,12503,0,0,0,0,40,0,0,0,0,0,0,0,0,0,0,0,0,1,0,0,0,1,0,0,0,33,27
1.0,0.0,12503,0,0,0,0,16,0,0,0,0,0,0,0,0,0,0,0,0,1,0,0,0,1,0,0,0,31,27
1.0,0.0,12503,0,0,0,0,40,0,0,0,0,0,0,0,0,0,0,0,0,1,0,0,0,1,0,0,0,33,27
1.0,0.0,-1,-1,-1,0,0,4,0,0,0,0,0,0,0,0,0,0,0,0,1,0,0,0,1,0,0,0,14,14
1.0,0.0,-1,-1,-1,0,0,4,0,0,0,0,0,0,0,0,0,0,0,0,1,0,0,0,1,0,0,0,14,14
1.0,0.0,-1,-1,-1,0,0,4,0,0,0,0,0,0,0,0,0,0,0,0,1,0,0,0,1,0,0,0,14,14
1.0,0.0,0,0,0,1,0,18,0,0,0,0,0,0,0,0,0,0,0,0,1,0,0,0,1,0,0,0,27,17
1.0,0.0,0,0,0,1,0,13,0,0,0,0,0,0,0,0,0,0,0,0,1,0,0,0,1,0,0,0,31,27
1.0,0.0,0,0,0,1,0,25,0,0,0,0,0,0,0,0,0,0,0,0,1,0,0,0,1,0,0,0,32,27
1.0,0.0,0,0,0,3,0,17,0,0,0,0,0,0,0,0,0,0,0,0,1,0,0,0,1,0,0,0,6,32
1.0,0.0,0,0,0,1,0,25,0,0,0,0,0,0,0,0,0,0,0,0,1,0,0,0,1,0,0,0,32,27
1.0,0.0,0,0,0,3,0,17,0,0,0,0,0,0,0,0,0,0,0,0,1,0,0,0,1,0,0,0,6,32
1.0,0.0,0,0,0,1,0,25,0,0,0,0,0,0,0,0,0,0,0,0,1,0,0,0,1,0,0,0,32,27
1.0,0.0,0,0,0,3,0,17,0,0,0,0,0,0,0,0,0,0,0,0,1,0,0,0,1,0,0,0,6,32
1.0,0.0,0,0,0,1,0,17,0,0,0,0,0,0,0,0,0,0,0,0,1,0,0,0,1,0,0,0,9,27
1.0,0.0,0,0,0,1,0,13,0,0,0,0,0,0,0,0,0,0,0,0,1,0,0,0,1,0,0,0,31,27
1.0,0.0,0,0,0,3,0,28,0,0,0,0,0,0,0,0,0,0,0,0,1,0,0,0,1,0,0,0,9,27
1.0,0.0,0,0,0,1,0,19,0,0,0,0,0,0,0,0,0,0,0,0,1,0,0,0,1,0,0,0,28,27
1.0,0.0,0,0,0,1,0,13,0,0,0,0,0,0,0,0,0,0,0,0,1,0,0,0,1,0,0,0,46,27
1.0,0.0,0,0,0,1,0,19,0,0,0,0,0,0,0,0,0,0,0,0,1,0,0,0,1,0,0,0,47,17
1.0,0.0,12503,0,0,0,0,40,0,0,0,0,0,0,0,0,0,0,0,0,1,0,0,0,1,0,0,0,33,27
1.0,0.0,-1,-1,-1,0,0,4,0,0,0,0,0,0,0,0,0,0,0,0,1,0,0,0,1,0,0,0,14,14
1.0,0.0,-1,-1,-1,0,0,4,0,0,0,0,0,0,0,0,0,0,0,0,1,0,0,0,1,0,0,0,14,14
1.0,0.0,-1,-1,-1,0,0,4,0,0,0,0,0,0,0,0,0,0,0,0,1,0,0,0,1,0,0,0,14,14
1.0,0.0,-1,-1,-1,0,0,4,0,0,0,0,0,0,0,0,0,0,0,0,1,0,0,0,1,0,0,0,14,14
1.0,0.0,-1,-1,-1,0,0,4,0,0,0,0,0,0,0,0,0,0,0,0,1,0,0,0,1,0,0,0,14,14
1.0,0.0,-1,-1,-1,0,0,4,0,0,0,0,0,0,0,0,0,0,0,0,1,0,0,0,1,0,0,0,14,14
1.0,0.0,-1,-1,-1,0,0,4,0,0,0,0,0,0,0,0,0,0,0,0,1,0,0,0,1,0,0,0,14,14
1.0,0.0,-1,-1,-1,0,0,4,0,0,0,0,0,0,0,0,0,0,0,0,1,0,0,0,1,0,0,0,14,14
1.0,0.0,-1,-1,-1,0,0,4,0,0,0,0,0,0,0,0,0,0,0,0,1,0,0,0,1,0,0,0,14,14
1.0,0.0,12503,0,0,0,0,22,0,0,0,0,0,0,0,0,0,0,0,0,1,0,0,0,1,0,0,0,28,27
1.0,0.0,12503,0,0,0,0,40,0,0,0,0,0,0,0,0,0,0,0,0,1,0,0,0,1,0,0,0,33,27
1.0,0.0,12503,0,0,0,0,16,0,0,0,0,0,0,0,0,0,0,0,0,1,0,0,0,1,0,0,0,31,27
1.0,0.0,12503,0,0,0,0,50,0,0,0,0,0,0,0,0,0,0,0,0,1,0,0,0,1,0,0,0,33,27
1.0,0.0,0,0,0,0,0,19,0,0,0,0,0,0,0,0,0,0,0,0,1,0,0,0,1,0,0,0,17,17
1.0,0.0,-1,-1,-1,0,0,4,0,0,0,0,0,0,0,0,0,0,0,0,1,0,0,0,1,0,0,0,14,14
1.0,0.0,-1,-1,-1,0,0,4,0,0,0,0,0,0,0,0,0,0,0,0,1,0,0,0,1,0,0,0,14,14
1.0,0.0,-1,-1,-1,0,0,4,0,0,0,0,0,0,0,0,0,0,0,0,1,0,0,0,1,0,0,0,14,14
1.0,0.0,12503,0,0,0,0,50,0,0,0,0,0,0,0,0,0,0,0,0,1,0,0,0,1,0,0,0,33,27
1.0,0.0,-1,-1,-1,0,0,4,0,0,0,0,0,0,0,0,0,0,0,0,1,0,0,0,1,0,0,0,14,14
1.0,0.0,-1,-1,-1,0,0,4,0,0,0,0,0,0,0,0,0,0,0,0,1,0,0,0,1,0,0,0,14,14
1.0,0.0,12503,0,0,0,0,40,0,0,0,0,0,0,0,0,0,0,0,0,1,0,0,0,1,0,0,0,33,27
1.0,0.0,12503,0,0,0,0,26,0,0,0,0,0,0,0,0,0,0,0,0,1,0,0,0,1,0,0,0,45,17
1.0,0.0,-1,-1,-1,0,0,4,0,0,0,0,0,0,0,0,0,0,0,0,1,0,0,0,1,0,0,0,14,14
1.0,0.0,-1,-1,-1,0,0,4,0,0,0,0,0,0,0,0,0,0,0,0,1,0,0,0,1,0,0,0,14,14
1.0,0.0,-1,-1,-1,0,0,4,0,0,0,0,0,0,0,0,0,0,0,0,1,0,0,0,1,0,0,0,14,14
1.0,0.0,-1,-1,-1,0,0,4,0,0,0,0,0,0,0,0,0,0,0,0,1,0,0,0,1,0,0,0,14,14
1.0,0.0,-1,-1,-1,0,0,4,0,0,0,0,0,0,0,0,0,0,0,0,1,0,0,0,1,0,0,0,14,14
1.0,0.0,-1,-1,-1,0,0,4,0,0,0,0,0,0,0,0,0,0,0,0,1,0,0,0,1,0,0,0,14,14
1.0,0.0,-1,-1,-1,0,0,4,0,0,0,0,0,0,0,0,0,0,0,0,1,0,0,0,1,0,0,0,14,14
1.0,0.0,-1,-1,-1,0,0,4,0,0,0,0,0,0,0,0,0,0,0,0,1,0,0,0,1,0,0,0,14,14
1.0,0.0,-1,-1,-1,0,0,4,0,0,0,0,0,0,0,0,0,0,0,0,1,0,0,0,1,0,0,0,14,14
1.0,0.0,12503,0,0,0,0,23,0,0,0,0,0,0,0,0,0,0,0,0,1,0,0,0,1,0,0,0,26,24
1.0,0.0,-1,-1,-1,0,0,5,0,0,0,0,0,0,0,0,0,0,0,0,1,0,0,0,1,0,0,0,14,14
1.0,0.0,0,0,0,0,0,24,0,0,0,0,0,0,0,0,0,0,0,0,1,0,0,0,1,0,0,0,20,24
1.0,0.0,-1,-1,-1,0,0,5,0,0,0,0,0,0,0,0,0,0,0,0,1,0,0,0,1,0,0,0,14,14
1.0,0.0,0,0,0,0,0,16,0,0,0,0,0,0,0,0,0,0,0,0,1,0,0,0,1,0,0,0,8,3
1.0,0.0,0,0,0,0,0,16,0,0,0,0,0,0,0,0,0,0,0,0,1,0,0,0,1,0,0,0,11,3
1.0,0.0,0,12288,0,0,0,16,0,0,0,0,0,0,0,0,0,0,0,0,1,0,0,0,1,0,0,0,3,3
1.0,0.0,33902,0,0,0,0,17,0,0,0,0,0,0,0,0,0,0,0,0,1,0,0,0,1,0,0,0,1,87
1.0,0.0,33902,0,0,2,0,22,0,0,0,0,0,0,0,0,0,0,0,0,1,0,0,0,1,0,0,0,2,87
1.0,0.0,65534,0,0,0,0,19,0,0,0,0,0,0,0,0,0,0,0,0,1,0,0,0,1,0,0,0,18,17
1.0,0.0,-1,-1,-1,0,0,4,0,0,0,0,0,0,0,0,0,0,0,0,1,0,0,0,1,0,0,0,14,14
1.0,0.0,-1,-1,-1,0,0,4,0,0,0,0,0,0,0,0,0,0,0,0,1,0,0,0,1,0,0,0,14,14
1.0,0.0,-1,-1,-1,0,0,4,0,0,0,0,0,0,0,0,0,0,0,0,1,0,0,0,1,0,0,0,14,14
1.0,0.0,-1,-1,-1,0,0,4,0,0,0,0,0,0,0,0,0,0,0,0,1,0,0,0,1,0,0,0,14,14
1.0,0.0,-1,-1,-1,0,0,4,0,0,0,0,0,0,0,0,0,0,0,0,1,0,0,0,1,0,0,0,14,14
1.0,0.0,0,-1,5,0,0,10,0,0,0,0,0,0,0,0,0,0,0,0,1,0,0,0,1,0,0,0,17,17
1.0,0.0,-1,-1,-1,0,0,5,0,0,0,0,0,0,0,0,0,0,0,0,1,0,0,0,1,0,0,0,14,14
1.0,0.0,0,0,0,0,0,24,0,0,0,0,0,0,0,0,0,0,0,0,1,0,0,0,1,0,0,0,20,24
1.0,0.0,-1,-1,-1,0,0,5,0,0,0,0,0,0,0,0,0,0,0,0,1,0,0,0,1,0,0,0,14,14
1.0,0.0,0,-1,5,0,0,9,0,0,0,0,0,0,0,0,0,0,0,0,1,0,0,0,1,0,0,0,22,24
1.0,0.0,-1,-1,-1,0,0,5,0,0,0,0,0,0,0,0,0,0,0,0,1,0,0,0,1,0,0,0,14,14
1.0,0.0,12503,0,0,0,0,20,0,0,0,0,0,0,0,0,0,0,0,0,1,0,0,0,1,0,0,0,24,24
1.0,0.0,12503,0,0,0,0,28,0,0,0,0,0,0,0,0,0,0,0,0,1,0,0,0,1,0,0,0,25,89
1.0,0.0,12503,0,0,0,0,31,0,0,0,0,0,0,0,0,0,0,0,0,1,0,0,0,1,0,0,0,26,24
1.0,0.0,-1,-1,-1,0,0,5,0,0,0,0,0,0,0,0,0,0,0,0,1,0,0,0,1,0,0,0,14,14
1.0,0.0,-1,-1,-1,0,0,4,0,0,0,0,0,0,0,0,0,0,0,0,1,0,0,0,1,0,0,0,14,14
1.0,0.0,-1,-1,-1,0,0,4,0,0,0,0,0,0,0,0,0,0,0,0,1,0,0,0,1,0,0,0,14,14
1.0,0.0,-1,-1,-1,0,0,4,0,0,0,0,0,0,0,0,0,0,0,0,1,0,0,0,1,0,0,0,14,14
1.0,0.0,-1,-1,-1,0,0,4,0,0,0,0,0,0,0,0,0,0,0,0,1,0,0,0,1,0,0,0,14,14
1.0,0.0,-1,-1,-1,0,0,4,0,0,0,0,0,0,0,0,0,0,0,0,1,0,0,0,1,0,0,0,14,14
1.0,0.0,-1,-1,-1,0,0,4,0,0,0,0,0,0,0,0,0,0,0,0,1,0,0,0,1,0,0,0,14,14
1.0,0.0,-1,-1,-1,0,0,4,0,0,0,0,0,0,0,0,0,0,0,0,1,0,0,0,1,0,0,0,14,14
1.0,0.0,-1,-1,-1,0,0,4,0,0,0,0,0,0,0,0,0,0,0,0,1,0,0,0,1,0,0,0,14,14
1.0,0.0,12503,0,0,0,0,23,0,0,0,0,0,0,0,0,0,0,0,0,1,0,0,0,1,0,0,0,27,17
1.0,0.0,12503,0,0,0,0,22,0,0,0,0,0,0,0,0,0,0,0,0,1,0,0,0,1,0,0,0,28,27
1.0,0.0,12503,0,0,0,0,22,0,0,0,0,0,0,0,0,0,0,0,0,1,0,0,0,1,0,0,0,28,27
1.0,0.0,12503,0,0,0,0,31,0,0,0,0,0,0,0,0,0,0,0,0,1,0,0,0,1,0,0,0,29,27
1.0,0.0,12503,0,0,0,0,31,0,0,0,0,0,0,0,0,0,0,0,0,1,0,0,0,1,0,0,0,30,27
1.0,0.0,12503,0,0,0,0,16,0,0,0,0,0,0,0,0,0,0,0,0,1,0,0,0,1,0,0,0,31,27
1.0,0.0,12503,0,0,0,0,22,0,0,0,0,0,0,0,0,0,0,0,0,1,0,0,0,1,0,0,0,28,27
1.0,0.0,12503,0,0,0,0,28,0,0,0,0,0,0,0,0,0,0,0,0,1,0,0,0,1,0,0,0,32,27
1.0,0.0,12503,0,0,2,0,20,0,0,0,0,0,0,0,0,0,0,0,0,1,0,0,0,1,0,0,0,6,32
1.0,0.0,12503,0,0,0,0,28,0,0,0,0,0,0,0,0,0,0,0,0,1,0,0,0,1,0,0,0,32,27
1.0,0.0,12503,0,0,2,0,20,0,0,0,0,0,0,0,0,0,0,0,0,1,0,0,0,1,0,0,0,6,32
1.0,0.0,12503,0,0,0,0,28,0,0,0,0,0,0,0,0,0,0,0,0,1,0,0,0,1,0,0,0,32,27
1.0,0.0,12503,0,0,2,0,20,0,0,0,0,0,0,0,0,0,0,0,0,1,0,0,0,1,0,0,0,6,32
1.0,0.0,12503,0,0,0,0,20,0,0,0,0,0,0,0,0,0,0,0,0,1,0,0,0,1,0,0,0,9,27
1.0,0.0,12503,0,0,0,0,16,0,0,0,0,0,0,0,0,0,0,0,0,1,0,0,0,1,0,0,0,31,27
1.0,0.0,12503,0,0,2,0,31,0,0,0,0,0,0,0,0,0,0,0,0,1,0,0,0,1,0,0,0,9,27
1.0,0.0,12503,0,0,0,0,40,0,0,0,0,0,0,0,0,0,0,0,0,1,0,0,0,1,0,0,0,33,27
1.0,0.0,12503,0,0,0,0,16,0,0,0,0,0,0,0,0,0,0,0,0,1,0,0,0,1,0,0,0,31,27
1.0,0.0,12503,0,0,0,0,40,0,0,0,0,0,0,0,0,0,0,0,0,1,0,0,0,1,0,0,0,33,27
1.0,0.0,12503,0,0,0,0,40,0,0,0,0,0,0,0,0,0,0,0,0,1,0,0,0,1,0,0,0,33,27
1.0,0.0,12503,0,0,0,0,22,0,0,0,0,0,0,0,0,0,0,0,0,1,0,0,0,1,0,0,0,28,27
1.0,0.0,12503,0,0,0,0,40,0,0,0,0,0,0,0,0,0,0,0,0,1,0,0,0,1,0,0,0,33,27
1.0,0.0,12503,0,0,0,0,16,0,0,0,0,0,0,0,0,0,0,0,0,1,0,0,0,1,0,0,0,31,27
1.0,0.0,12503,0,0,0,0,50,0,0,0,0,0,0,0,0,0,0,0,0,1,0,0,0,1,0,0,0,33,27
1.0,0.0,12503,0,0,0,0,50,0,0,0,0,0,0,0,0,0,0,0,0,1,0,0,0,1,0,0,0,33,27
1.0,0.0,12503,0,0,0,0,40,0,0,0,0,0,0,0,0,0,0,0,0,1,0,0,0,1,0,0,0,33,27
1.0,0.0,12503,0,0,0,0,26,0,0,0,0,0,0,0,0,0,0,0,0,1,0,0,0,1,0,0,0,45,17
1.0,0.0,-1,-1,-1,0,0,4,0,0,0,0,0,0,0,0,0,0,0,0,1,0,0,0,1,0,0,0,14,14
1.0,0.0,-1,-1,-1,0,0,4,0,0,0,0,0,0,0,0,0,0,0,0,1,0,0,0,1,0,0,0,14,14
1.0,0.0,-1,-1,-1,0,0,4,0,0,0,0,0,0,0,0,0,0,0,0,1,0,0,0,1,0,0,0,14,14
1.0,0.0,-1,-1,-1,0,0,4,0,0,0,0,0,0,0,0,0,0,0,0,1,0,0,0,1,0,0,0,14,14
1.0,0.0,-1,-1,-1,0,0,4,0,0,0,0,0,0,0,0,0,0,0,0,1,0,0,0,1,0,0,0,14,14
1.0,0.0,-1,-1,-1,0,0,4,0,0,0,0,0,0,0,0,0,0,0,0,1,0,0,0,1,0,0,0,14,14
1.0,0.0,-1,-1,-1,0,0,4,0,0,0,0,0,0,0,0,0,0,0,0,1,0,0,0,1,0,0,0,14,14
1.0,0.0,-1,-1,-1,0,0,4,0,0,0,0,0,0,0,0,0,0,0,0,1,0,0,0,1,0,0,0,14,14
1.0,0.0,-1,-1,-1,0,0,4,0,0,0,0,0,0,0,0,0,0,0,0,1,0,0,0,1,0,0,0,14,14
1.0,0.0,12503,0,0,0,0,23,0,0,0,0,0,0,0,0,0,0,0,0,1,0,0,0,1,0,0,0,26,24
1.0,0.0,-1,-1,-1,0,0,5,0,0,0,0,0,0,0,0,0,0,0,0,1,0,0,0,1,0,0,0,14,14
1.0,0.0,0,0,0,0,0,24,0,0,0,0,0,0,0,0,0,0,0,0,1,0,0,0,1,0,0,0,20,24
1.0,0.0,-1,-1,-1,0,0,5,0,0,0,0,0,0,0,0,0,0,0,0,1,0,0,0,1,0,0,0,14,14
1.0,0.0,0,0,0,0,0,16,0,0,0,0,0,0,0,0,0,0,0,0,1,0,0,0,1,0,0,0,8,3
1.0,0.0,0,0,0,0,0,16,0,0,0,0,0,0,0,0,0,0,0,0,1,0,0,0,1,0,0,0,8,3
1.0,0.0,0,0,0,0,0,16,0,0,0,0,0,0,0,0,0,0,0,0,1,0,0,0,1,0,0,0,48,3
1.0,0.0,0,0,0,0,0,16,0,0,0,0,0,0,0,0,0,0,0,0,1,0,0,0,1,0,0,0,8,3
1.0,0.0,0,0,0,0,0,16,0,0,0,0,0,0,0,0,0,0,0,0,1,0,0,0,1,0,0,0,8,3
1.0,0.0,0,0,0,0,0,16,0,0,0,0,0,0,0,0,0,0,0,0,1,0,0,0,1,0,0,0,48,3
1.0,0.0,0,0,0,0,0,21,0,0,0,0,0,0,0,0,0,0,0,0,1,0,0,0,1,0,0,0,49,91
1.0,0.0,33902,0,0,0,0,17,0,0,0,0,0,0,0,0,0,0,0,0,1,0,0,0,1,0,0,0,1,87
1.0,0.0,33902,0,0,2,0,22,0,0,0,0,0,0,0,0,0,0,0,0,1,0,0,0,1,0,0,0,2,87
1.0,0.0,33902,0,0,0,0,17,0,0,0,0,0,0,0,0,0,0,0,0,1,0,0,0,1,0,0,0,1,87
1.0,0.0,33902,0,0,2,0,22,0,0,0,0,0,0,0,0,0,0,0,0,1,0,0,0,1,0,0,0,2,87
1.0,0.0,0,0,0,0,0,19,0,0,0,0,0,0,0,0,0,0,0,0,1,0,0,0,1,0,0,0,17,17
1.0,0.0,-1,-1,-1,0,0,4,0,0,0,0,0,0,0,0,0,0,0,0,1,0,0,0,1,0,0,0,14,14
1.0,0.0,-1,-1,-1,0,0,4,0,0,0,0,0,0,0,0,0,0,0,0,1,0,0,0,1,0,0,0,14,14
1.0,0.0,-1,-1,-1,0,0,4,0,0,0,0,0,0,0,0,0,0,0,0,1,0,0,0,1,0,0,0,14,14
1.0,0.0,-1,-1,-1,0,0,4,0,0,0,0,0,0,0,0,0,0,0,0,1,0,0,0,1,0,0,0,14,14
1.0,0.0,-1,-1,-1,0,0,4,0,0,0,0,0,0,0,0,0,0,0,0,1,0,0,0,1,0,0,0,14,14
1.0,0.0,65534,0,0,0,0,19,0,0,0,0,0,0,0,0,0,0,0,0,1,0,0,0,1,0,0,0,18,17
1.0,0.0,-1,-1,-1,0,0,4,0,0,0,0,0,0,0,0,0,0,0,0,1,0,0,0,1,0,0,0,14,14
1.0,0.0,-1,-1,-1,0,0,4,0,0,0,0,0,0,0,0,0,0,0,0,1,0,0,0,1,0,0,0,14,14
1.0,0.0,-1,-1,-1,0,0,4,0,0,0,0,0,0,0,0,0,0,0,0,1,0,0,0,1,0,0,0,14,14
1.0,0.0,-1,-1,-1,0,0,4,0,0,0,0,0,0,0,0,0,0,0,0,1,0,0,0,1,0,0,0,14,14
1.0,0.0,-1,-1,-1,0,0,4,0,0,0,0,0,0,0,0,0,0,0,0,1,0,0,0,1,0,0,0,14,14
1.0,0.0,0,-1,5,0,0,10,0,0,0,0,0,0,0,0,0,0,0,0,1,0,0,0,1,0,0,0,17,17
1.0,0.0,-1,-1,-1,0,0,5,0,0,0,0,0,0,0,0,0,0,0,0,1,0,0,0,1,0,0,0,14,14
1.0,0.0,0,0,0,0,0,24,0,0,0,0,0,0,0,0,0,0,0,0,1,0,0,0,1,0,0,0,20,24
1.0,0.0,-1,-1,-1,0,0,5,0,0,0,0,0,0,0,0,0,0,0,0,1,0,0,0,1,0,0,0,14,14
1.0,0.0,0,-1,5,0,0,9,0,0,0,0,0,0,0,0,0,0,0,0,1,0,0,0,1,0,0,0,22,24
1.0,0.0,-1,-1,-1,0,0,5,0,0,0,0,0,0,0,0,0,0,0,0,1,0,0,0,1,0,0,0,14,14
1.0,0.0,12546,0,0,0,0,20,0,0,0,0,0,0,0,0,0,0,0,0,1,0,0,0,1,0,0,0,24,24
1.0,0.0,12546,0,0,0,0,28,0,0,0,0,0,0,0,0,0,0,0,0,1,0,0,0,1,0,0,0,25,89
1.0,0.0,12546,0,0,0,0,31,0,0,0,0,0,0,0,0,0,0,0,0,1,0,0,0,1,0,0,0,26,24
1.0,0.0,-1,-1,-1,0,0,5,0,0,0,0,0,0,0,0,0,0,0,0,1,0,0,0,1,0,0,0,14,14
1.0,0.0,-1,-1,-1,0,0,4,0,0,0,0,0,0,0,0,0,0,0,0,1,0,0,0,1,0,0,0,14,14
1.0,0.0,-1,-1,-1,0,0,4,0,0,0,0,0,0,0,0,0,0,0,0,1,0,0,0,1,0,0,0,14,14
1.0,0.0,-1,-1,-1,0,0,4,0,0,0,0,0,0,0,0,0,0,0,0,1,0,0,0,1,0,0,0,14,14
1.0,0.0,-1,-1,-1,0,0,4,0,0,0,0,0,0,0,0,0,0,0,0,1,0,0,0,1,0,0,0,14,14
1.0,0.0,-1,-1,-1,0,0,4,0,0,0,0,0,0,0,0,0,0,0,0,1,0,0,0,1,0,0,0,14,14
1.0,0.0,-1,-1,-1,0,0,4,0,0,0,0,0,0,0,0,0,0,0,0,1,0,0,0,1,0,0,0,14,14
1.0,0.0,-1,-1,-1,0,0,4,0,0,0,0,0,0,0,0,0,0,0,0,1,0,0,0,1,0,0,0,14,14
1.0,0.0,-1,-1,-1,0,0,4,0,0,0,0,0,0,0,0,0,0,0,0,1,0,0,0,1,0,0,0,14,14
1.0,0.0,12546,0,0,0,0,15,0,0,0,0,0,0,0,0,0,0,0,0,1,0,0,0,1,0,0,0,27,17
1.0,0.0,12546,0,0,0,0,22,0,0,0,0,0,0,0,0,0,0,0,0,1,0,0,0,1,0,0,0,28,27
1.0,0.0,12546,0,0,0,0,22,0,0,0,0,0,0,0,0,0,0,0,0,1,0,0,0,1,0,0,0,28,27
1.0,0.0,12546,0,0,0,0,31,0,0,0,0,0,0,0,0,0,0,0,0,1,0,0,0,1,0,0,0,29,27
1.0,0.0,12546,0,0,0,0,31,0,0,0,0,0,0,0,0,0,0,0,0,1,0,0,0,1,0,0,0,30,27
1.0,0.0,12546,0,0,0,0,16,0,0,0,0,0,0,0,0,0,0,0,0,1,0,0,0,1,0,0,0,31,27
1.0,0.0,12546,0,0,0,0,22,0,0,0,0,0,0,0,0,0,0,0,0,1,0,0,0,1,0,0,0,28,27
1.0,0.0,12546,0,0,0,0,28,0,0,0,0,0,0,0,0,0,0,0,0,1,0,0,0,1,0,0,0,32,27
1.0,0.0,12546,0,0,2,0,20,0,0,0,0,0,0,0,0,0,0,0,0,1,0,0,0,1,0,0,0,6,32
1.0,0.0,12546,0,0,0,0,28,0,0,0,0,0,0,0,0,0,0,0,0,1,0,0,0,1,0,0,0,32,27
1.0,0.0,12546,0,0,2,0,20,0,0,0,0,0,0,0,0,0,0,0,0,1,0,0,0,1,0,0,0,6,32
1.0,0.0,12546,0,0,0,0,28,0,0,0,0,0,0,0,0,0,0,0,0,1,0,0,0,1,0,0,0,32,27
1.0,0.0,12546,0,0,2,0,20,0,0,0,0,0,0,0,0,0,0,0,0,1,0,0,0,1,0,0,0,6,32
1.0,0.0,12546,0,0,0,0,20,0,0,0,0,0,0,0,0,0,0,0,0,1,0,0,0,1,0,0,0,9,27
1.0,0.0,12546,0,0,0,0,16,0,0,0,0,0,0,0,0,0,0,0,0,1,0,0,0,1,0,0,0,31,27
1.0,0.0,12546,0,0,2,0,31,0,0,0,0,0,0,0,0,0,0,0,0,1,0,0,0,1,0,0,0,9,27
1.0,0.0,12546,0,0,0,0,40,0,0,0,0,0,0,0,0,0,0,0,0,1,0,0,0,1,0,0,0,33,27
1.0,0.0,12546,0,0,0,0,16,0,0,0,0,0,0,0,0,0,0,0,0,1,0,0,0,1,0,0,0,31,27
1.0,0.0,12546,0,0,0,0,40,0,0,0,0,0,0,0,0,0,0,0,0,1,0,0,0,1,0,0,0,33,27
1.0,0.0,12546,0,0,0,0,40,0,0,0,0,0,0,0,0,0,0,0,0,1,0,0,0,1,0,0,0,33,27
1.0,0.0,12546,0,0,0,0,19,0,0,0,0,0,0,0,0,0,0,0,0,1,0,0,0,1,0,0,0,28,14
1.0,0.0,12546,0,0,0,0,16,0,0,0,0,0,0,0,0,0,0,0,0,1,0,0,0,1,0,0,0,50,27
1.0,0.0,12546,0,0,0,0,16,0,0,0,0,0,0,0,0,0,0,0,0,1,0,0,0,1,0,0,0,7,27
1.0,0.0,12546,0,0,0,0,16,0,0,0,0,0,0,0,0,0,0,0,0,1,0,0,0,1,0,0,0,51,27
1.0,0.0,12546,0,0,0,0,16,0,0,0,0,0,0,0,0,0,0,0,0,1,0,0,0,1,0,0,0,52,27
1.0,0.0,12546,0,0,0,0,16,0,0,0,0,0,0,0,0,0,0,0,0,1,0,0,0,1,0,0,0,53,27
1.0,0.0,-1,-1,-1,0,0,4,0,0,0,0,0,0,0,0,0,0,0,0,1,0,0,0,1,0,0,0,14,14
1.0,0.0,-1,-1,-1,0,0,4,0,0,0,0,0,0,0,0,0,0,0,0,1,0,0,0,1,0,0,0,14,14
1.0,0.0,-1,-1,-1,0,0,4,0,0,0,0,0,0,0,0,0,0,0,0,1,0,0,0,1,0,0,0,14,14
1.0,0.0,-1,-1,-1,0,0,4,0,0,0,0,0,0,0,0,0,0,0,0,1,0,0,0,1,0,0,0,14,14
1.0,0.0,-1,-1,-1,0,0,4,0,0,0,0,0,0,0,0,0,0,0,0,1,0,0,0,1,0,0,0,14,14
1.0,0.0,-1,-1,-1,0,0,4,0,0,0,0,0,0,0,0,0,0,0,0,1,0,0,0,1,0,0,0,14,14
1.0,0.0,-1,-1,-1,0,0,4,0,0,0,0,0,0,0,0,0,0,0,0,1,0,0,0,1,0,0,0,14,14
1.0,0.0,-1,-1,-1,0,0,4,0,0,0,0,0,0,0,0,0,0,0,0,1,0,0,0,1,0,0,0,14,14
1.0,0.0,-1,-1,-1,0,0,4,0,0,0,0,0,0,0,0,0,0,0,0,1,0,0,0,1,0,0,0,14,14
1.0,0.0,12546,0,0,0,0,23,0,0,0,0,0,0,0,0,0,0,0,0,1,0,0,0,1,0,0,0,26,24
1.0,0.0,-1,-1,-1,0,0,5,0,0,0,0,0,0,0,0,0,0,0,0,1,0,0,0,1,0,0,0,14,14
1.0,0.0,0,0,0,0,0,24,0,0,0,0,0,0,0,0,0,0,0,0,1,0,0,0,1,0,0,0,20,24
1.0,0.0,-1,-1,-1,0,0,5,0,0,0,0,0,0,0,0,0,0,0,0,1,0,0,0,1,0,0,0,14,14
1.0,0.0,33902,0,0,0,0,17,0,0,0,0,0,0,0,0,0,0,0,0,1,0,0,0,1,0,0,0,1,87
1.0,0.0,33902,0,0,2,0,22,0,0,0,0,0,0,0,0,0,0,0,0,1,0,0,0,1,0,0,0,2,87
1.0,0.0,0,0,0,0,0,19,0,0,0,0,0,0,0,0,0,0,0,0,1,0,0,0,1,0,0,0,17,17
1.0,0.0,-1,-1,-1,0,0,4,0,0,0,0,0,0,0,0,0,0,0,0,1,0,0,0,1,0,0,0,14,14
1.0,0.0,-1,-1,-1,0,0,4,0,0,0,0,0,0,0,0,0,0,0,0,1,0,0,0,1,0,0,0,14,14
1.0,0.0,-1,-1,-1,0,0,4,0,0,0,0,0,0,0,0,0,0,0,0,1,0,0,0,1,0,0,0,14,14
1.0,0.0,-1,-1,-1,0,0,4,0,0,0,0,0,0,0,0,0,0,0,0,1,0,0,0,1,0,0,0,14,14
1.0,0.0,-1,-1,-1,0,0,4,0,0,0,0,0,0,0,0,0,0,0,0,1,0,0,0,1,0,0,0,14,14
1.0,0.0,65534,0,0,0,0,19,0,0,0,0,0,0,0,0,0,0,0,0,1,0,0,0,1,0,0,0,18,17
1.0,0.0,-1,-1,-1,0,0,4,0,0,0,0,0,0,0,0,0,0,0,0,1,0,0,0,1,0,0,0,14,14
1.0,0.0,-1,-1,-1,0,0,4,0,0,0,0,0,0,0,0,0,0,0,0,1,0,0,0,1,0,0,0,14,14
1.0,0.0,-1,-1,-1,0,0,4,0,0,0,0,0,0,0,0,0,0,0,0,1,0,0,0,1,0,0,0,14,14
1.0,0.0,-1,-1,-1,0,0,4,0,0,0,0,0,0,0,0,0,0,0,0,1,0,0,0,1,0,0,0,14,14
1.0,0.0,-1,-1,-1,0,0,4,0,0,0,0,0,0,0,0,0,0,0,0,1,0,0,0,1,0,0,0,14,14
1.0,0.0,0,-1,5,0,0,10,0,0,0,0,0,0,0,0,0,0,0,0,1,0,0,0,1,0,0,0,17,17
1.0,0.0,-1,-1,-1,0,0,5,0,0,0,0,0,0,0,0,0,0,0,0,1,0,0,0,1,0,0,0,14,14
1.0,0.0,0,0,0,0,0,24,0,0,0,0,0,0,0,0,0,0,0,0,1,0,0,0,1,0,0,0,20,24
1.0,0.0,-1,-1,-1,0,0,5,0,0,0,0,0,0,0,0,0,0,0,0,1,0,0,0,1,0,0,0,14,14
1.0,0.0,0,-1,5,0,0,9,0,0,0,0,0,0,0,0,0,0,0,0,1,0,0,0,1,0,0,0,22,24
1.0,0.0,-1,-1,-1,0,0,5,0,0,0,0,0,0,0,0,0,0,0,0,1,0,0,0,1,0,0,0,14,14
1.0,0.0,12571,0,0,0,0,20,0,0,0,0,0,0,0,0,0,0,0,0,1,0,0,0,1,0,0,0,24,24
1.0,0.0,12571,0,0,0,0,28,0,0,0,0,0,0,0,0,0,0,0,0,1,0,0,0,1,0,0,0,25,89
1.0,0.0,12571,0,0,0,0,31,0,0,0,0,0,0,0,0,0,0,0,0,1,0,0,0,1,0,0,0,26,24
1.0,0.0,-1,-1,-1,0,0,5,0,0,0,0,0,0,0,0,0,0,0,0,1,0,0,0,1,0,0,0,14,14
1.0,0.0,-1,-1,-1,0,0,4,0,0,0,0,0,0,0,0,0,0,0,0,1,0,0,0,1,0,0,0,14,14
1.0,0.0,-1,-1,-1,0,0,4,0,0,0,0,0,0,0,0,0,0,0,0,1,0,0,0,1,0,0,0,14,14
1.0,0.0,-1,-1,-1,0,0,4,0,0,0,0,0,0,0,0,0,0,0,0,1,0,0,0,1,0,0,0,14,14
1.0,0.0,-1,-1,-1,0,0,4,0,0,0,0,0,0,0,0,0,0,0,0,1,0,0,0,1,0,0,0,14,14
1.0,0.0,-1,-1,-1,0,0,4,0,0,0,0,0,0,0,0,0,0,0,0,1,0,0,0,1,0,0,0,14,14
1.0,0.0,-1,-1,-1,0,0,4,0,0,0,0,0,0,0,0,0,0,0,0,1,0,0,0,1,0,0,0,14,14
1.0,0.0,-1,-1,-1,0,0,4,0,0,0,0,0,0,0,0,0,0,0,0,1,0,0,0,1,0,0,0,14,14
1.0,0.0,-1,-1,-1,0,0,4,0,0,0,0,0,0,0,0,0,0,0,0,1,0,0,0,1,0,0,0,14,14
1.0,0.0,12571,0,0,0,0,19,0,0,0,0,0,0,0,0,0,0,0,0,1,0,0,0,1,0,0,0,27,17
1.0,0.0,12571,0,0,0,0,22,0,0,0,0,0,0,0,0,0,0,0,0,1,0,0,0,1,0,0,0,28,27
1.0,0.0,12571,0,0,0,0,22,0,0,0,0,0,0,0,0,0,0,0,0,1,0,0,0,1,0,0,0,28,27
1.0,0.0,12571,0,0,0,0,31,0,0,0,0,0,0,0,0,0,0,0,0,1,0,0,0,1,0,0,0,29,27
1.0,0.0,12571,0,0,0,0,31,0,0,0,0,0,0,0,0,0,0,0,0,1,0,0,0,1,0,0,0,30,27
1.0,0.0,12571,0,0,0,0,16,0,0,0,0,0,0,0,0,0,0,0,0,1,0,0,0,1,0,0,0,31,27
1.0,0.0,12571,0,0,0,0,22,0,0,0,0,0,0,0,0,0,0,0,0,1,0,0,0,1,0,0,0,28,27
1.0,0.0,12571,0,0,0,0,28,0,0,0,0,0,0,0,0,0,0,0,0,1,0,0,0,1,0,0,0,32,27
1.0,0.0,12571,0,0,2,0,20,0,0,0,0,0,0,0,0,0,0,0,0,1,0,0,0,1,0,0,0,6,32
1.0,0.0,12571,0,0,0,0,28,0,0,0,0,0,0,0,0,0,0,0,0,1,0,0,0,1,0,0,0,32,27
1.0,0.0,12571,0,0,2,0,20,0,0,0,0,0,0,0,0,0,0,0,0,1,0,0,0,1,0,0,0,6,32
1.0,0.0,12571,0,0,0,0,28,0,0,0,0,0,0,0,0,0,0,0,0,1,0,0,0,1,0,0,0,32,27
1.0,0.0,12571,0,0,2,0,20,0,0,0,0,0,0,0,0,0,0,0,0,1,0,0,0,1,0,0,0,6,32
1.0,0.0,12571,0,0,0,0,20,0,0,0,0,0,0,0,0,0,0,0,0,1,0,0,0,1,0,0,0,9,27
1.0,0.0,12571,0,0,0,0,16,0,0,0,0,0,0,0,0,0,0,0,0,1,0,0,0,1,0,0,0,31,27
1.0,0.0,12571,0,0,2,0,31,0,0,0,0,0,0,0,0,0,0,0,0,1,0,0,0,1,0,0,0,9,27
1.0,0.0,12571,0,0,0,0,40,0,0,0,0,0,0,0,0,0,0,0,0,1,0,0,0,1,0,0,0,33,27
1.0,0.0,12571,0,0,0,0,16,0,0,0,0,0,0,0,0,0,0,0,0,1,0,0,0,1,0,0,0,31,27
1.0,0.0,12571,0,0,0,0,40,0,0,0,0,0,0,0,0,0,0,0,0,1,0,0,0,1,0,0,0,33,27
1.0,0.0,12571,0,0,0,0,40,0,0,0,0,0,0,0,0,0,0,0,0,1,0,0,0,1,0,0,0,33,27
1.0,0.0,12571,0,0,0,0,22,0,0,0,0,0,0,0,0,0,0,0,0,1,0,0,0,1,0,0,0,28,27
1.0,0.0,12571,0,0,0,0,25,0,0,0,0,0,0,0,0,0,0,0,0,1,0,0,0,1,0,0,0,34,27
1.0,0.0,12571,0,0,0,0,40,0,0,0,0,0,0,0,0,0,0,0,0,1,0,0,0,1,0,0,0,33,34
1.0,0.0,12571,0,0,0,0,16,0,0,0,0,0,0,0,0,0,0,0,0,1,0,0,0,1,0,0,0,31,34
1.0,0.0,12571,0,0,0,0,42,0,0,0,0,0,0,0,0,0,0,0,0,1,0,0,0,1,0,0,0,33,34
1.0,0.0,12571,0,0,0,0,57,0,0,0,0,0,0,0,0,0,0,0,0,1,0,0,0,1,0,0,0,36,34
1.0,0.0,0,0,0,0,0,38,0,0,0,0,0,0,0,0,0,0,0,0,1,0,0,0,1,0,0,0,35,88
1.0,0.0,0,0,0,0,0,28,0,0,0,0,0,0,0,0,0,0,0,0,1,0,0,0,1,0,0,0,4,35
1.0,0.0,0,0,0,0,0,22,0,0,0,0,0,0,0,0,0,0,0,0,1,0,0,0,1,0,0,0,9,35
1.0,0.0,0,0,0,0,0,16,0,0,0,0,0,0,0,0,0,0,0,0,1,0,0,0,1,0,0,0,10,35
1.0,0.0,0,0,0,0,0,16,0,0,0,0,0,0,0,0,0,0,0,0,1,0,0,0,1,0,0,0,11,35
1.0,0.0,0,0,0,0,0,16,0,0,0,0,0,0,0,0,0,0,0,0,1,0,0,0,1,0,0,0,8,35
1.0,0.0,0,0,0,0,0,16,0,0,0,0,0,0,0,0,0,0,0,0,1,0,0,0,1,0,0,0,6,35
1.0,0.0,0,0,0,0,0,16,0,0,0,0,0,0,0,0,0,0,0,0,1,0,0,0,1,0,0,0,6,35
1.0,0.0,0,0,0,0,0,18,0,0,0,0,0,0,0,0,0,0,0,0,1,0,0,0,1,0,0,0,37,35
1.0,0.0,0,0,0,0,0,16,0,0,0,0,0,0,0,0,0,0,0,0,1,0,0,0,1,0,0,0,6,35
1.0,0.0,0,0,0,0,0,24,0,0,0,0,0,0,0,0,0,0,0,0,1,0,0,0,1,0,0,0,7,35
1.0,0.0,0,0,0,0,0,16,0,0,0,0,0,0,0,0,0,0,0,0,1,0,0,0,1,0,0,0,37,35
1.0,0.0,0,0,0,0,0,16,0,0,0,0,0,0,0,0,0,0,0,0,1,0,0,0,1,0,0,0,6,35
1.0,0.0,0,0,0,0,0,28,0,0,0,0,0,0,0,0,0,0,0,0,1,0,0,0,1,0,0,0,9,35
1.0,0.0,0,0,0,0,0,16,0,0,0,0,0,0,0,0,0,0,0,0,1,0,0,0,1,0,0,0,38,35
1.0,0.0,0,0,0,0,0,16,0,0,0,0,0,0,0,0,0,0,0,0,1,0,0,0,1,0,0,0,38,35
1.0,0.0,0,0,0,0,0,16,0,0,0,0,0,0,0,0,0,0,0,0,1,0,0,0,1,0,0,0,38,35
1.0,0.0,0,0,0,0,0,16,0,0,0,0,0,0,0,0,0,0,0,0,1,0,0,0,1,0,0,0,37,35
1.0,0.0,0,0,0,0,0,18,0,0,0,0,0,0,0,0,0,0,0,0,1,0,0,0,1,0,0,0,6,35
1.0,0.0,0,0,0,0,0,16,0,0,0,0,0,0,0,0,0,0,0,0,1,0,0,0,1,0,0,0,39,35
1.0,0.0,0,0,0,0,0,16,0,0,0,0,0,0,0,0,0,0,0,0,1,0,0,0,1,0,0,0,37,35
1.0,0.0,0,0,0,0,0,18,0,0,0,0,0,0,0,0,0,0,0,0,1,0,0,0,1,0,0,0,6,35
1.0,0.0,0,0,0,0,0,16,0,0,0,0,0,0,0,0,0,0,0,0,1,0,0,0,1,0,0,0,38,35
1.0,0.0,0,0,0,0,0,16,0,0,0,0,0,0,0,0,0,0,0,0,1,0,0,0,1,0,0,0,6,35
1.0,0.0,-1,-1,-1,0,0,4,0,0,0,0,0,0,0,0,0,0,0,0,1,0,0,0,1,0,0,0,14,14
1.0,0.0,-1,-1,-1,0,0,4,0,0,0,0,0,0,0,0,0,0,0,0,1,0,0,0,1,0,0,0,14,14
1.0,0.0,-1,-1,-1,0,0,4,0,0,0,0,0,0,0,0,0,0,0,0,1,0,0,0,1,0,0,0,14,14
1.0,0.0,-1,-1,-1,0,0,4,0,0,0,0,0,0,0,0,0,0,0,0,1,0,0,0,1,0,0,0,14,14
1.0,0.0,-1,-1,-1,0,0,4,0,0,0,0,0,0,0,0,0,0,0,0,1,0,0,0,1,0,0,0,14,14
1.0,0.0,-1,-1,-1,0,0,4,0,0,0,0,0,0,0,0,0,0,0,0,1,0,0,0,1,0,0,0,14,14
1.0,0.0,-1,-1,-1,0,0,4,0,0,0,0,0,0,0,0,0,0,0,0,1,0,0,0,1,0,0,0,14,14
1.0,0.0,-1,-1,-1,0,0,4,0,0,0,0,0,0,0,0,0,0,0,0,1,0,0,0,1,0,0,0,14,14
1.0,0.0,-1,-1,-1,0,0,4,0,0,0,0,0,0,0,0,0,0,0,0,1,0,0,0,1,0,0,0,14,14
1.0,0.0,12571,0,0,0,0,23,0,0,0,0,0,0,0,0,0,0,0,0,1,0,0,0,1,0,0,0,26,24
1.0,0.0,-1,-1,-1,0,0,5,0,0,0,0,0,0,0,0,0,0,0,0,1,0,0,0,1,0,0,0,14,14
1.0,0.0,0,0,0,0,0,24,0,0,0,0,0,0,0,0,0,0,0,0,1,0,0,0,1,0,0,0,20,24
1.0,0.0,-1,-1,-1,0,0,5,0,0,0,0,0,0,0,0,0,0,0,0,1,0,0,0,1,0,0,0,14,14
1.0,0.0,0,0,0,1,0,13,0,0,0,0,0,0,0,0,0,0,0,0,1,0,0,0,1,0,0,0,54,40
1.0,0.0,0,0,0,1,0,17,0,0,0,0,0,0,0,0,0,0,0,0,1,0,0,0,1,0,0,0,55,40
1.0,0.0,0,0,0,3,0,17,0,0,0,0,0,0,0,0,0,0,0,0,1,0,0,0,1,0,0,0,6,40
1.0,0.0,0,0,0,3,0,17,0,0,0,0,0,0,0,0,0,0,0,0,1,0,0,0,1,0,0,0,56,40
1.0,0.0,0,0,0,1,0,18,0,0,0,0,0,0,0,0,0,0,0,0,1,0,0,0,1,0,0,0,57,92
1.0,0.0,0,0,0,1,0,18,0,0,0,0,0,0,0,0,0,0,0,0,1,0,0,0,1,0,0,0,58,92
1.0,0.0,0,0,0,1,0,18,0,0,0,0,0,0,0,0,0,0,0,0,1,0,0,0,1,0,0,0,59,92
1.0,10.0,33902,0,0,0,0,17,0,0,0,0,0,0,0,0,0,0,0,0,1,0,0,0,1,0,0,0,1,87
1.0,0.0,33902,0,0,2,0,22,0,0,0,0,0,0,0,0,0,0,0,0,1,0,0,0,1,0,0,0,2,87
1.0,0.0,0,0,0,0,0,16,0,0,0,0,0,0,0,0,0,0,0,0,1,0,0,0,1,0,0,0,37,93
1.0,0.0,0,0,0,0,0,20,0,0,0,0,0,0,0,0,0,0,0,0,1,0,0,0,1,0,0,0,1,93
1.0,0.0,0,0,0,0,0,18,0,0,0,0,0,0,0,0,0,0,0,0,1,0,0,0,1,0,0,0,60,93
1.0,0.0,0,0,0,0,0,19,0,0,0,0,0,0,0,0,0,0,0,0,1,0,0,0,1,0,0,0,61,93
1.0,0.0,0,0,0,0,0,19,0,0,0,0,0,0,0,0,0,0,0,0,1,0,0,0,1,0,0,0,61,93
1.0,0.0,0,0,0,0,0,27,0,0,0,0,0,0,0,0,0,0,0,0,1,0,0,0,1,0,0,0,62,93
1.0,0.0,0,0,0,0,0,27,0,0,0,0,0,0,0,0,0,0,0,0,1,0,0,0,1,0,0,0,63,93
1.0,0.0,0,0,0,0,0,27,0,0,0,0,0,0,0,0,0,0,0,0,1,0,0,0,1,0,0,0,64,93
1.0,0.0,33902,0,0,0,0,17,0,0,0,0,0,0,0,0,0,0,0,0,1,0,0,0,1,0,0,0,1,87
1.0,0.0,33902,0,0,2,0,22,0,0,0,0,0,0,0,0,0,0,0,0,1,0,0,0,1,0,0,0,2,87
1.0,0.0,0,0,0,0,0,38,0,0,0,0,0,0,0,0,0,0,0,0,1,0,0,0,1,0,0,0,3,88
1.0,0.0,0,0,0,0,0,28,0,0,0,0,0,0,0,0,0,0,0,0,1,0,0,0,1,0,0,0,4,3
1.0,0.0,0,0,0,0,0,28,0,0,0,0,0,0,0,0,0,0,0,0,1,0,0,0,1,0,0,0,5,3
1.0,0.0,0,0,0,0,0,21,0,0,0,0,0,0,0,0,0,0,0,0,1,0,0,0,1,0,0,0,6,3
1.0,0.0,0,0,0,0,0,16,0,0,0,0,0,0,0,0,0,0,0,0,1,0,0,0,1,0,0,0,7,3
1.0,0.0,0,0,0,0,0,20,0,0,0,0,0,0,0,0,0,0,0,0,1,0,0,0,1,0,0,0,8,3
1.0,0.0,0,0,0,0,0,18,0,0,0,0,0,0,0,0,0,0,0,0,1,0,0,0,1,0,0,0,8,3
1.0,0.0,0,0,0,0,0,22,0,0,0,0,0,0,0,0,0,0,0,0,1,0,0,0,1,0,0,0,9,3
1.0,0.0,0,0,0,0,0,16,0,0,0,0,0,0,0,0,0,0,0,0,1,0,0,0,1,0,0,0,10,3
1.0,0.0,0,0,0,0,0,16,0,0,0,0,0,0,0,0,0,0,0,0,1,0,0,0,1,0,0,0,11,3
1.0,0.0,0,12288,0,0,0,16,0,0,0,0,0,0,0,0,0,0,0,0,1,0,0,0,1,0,0,0,3,3
1.0,0.0,0,0,0,0,0,38,0,0,0,0,0,0,0,0,0,0,0,0,1,0,0,0,1,0,0,0,3,88
1.0,0.0,0,0,0,0,0,25,0,0,0,0,0,0,0,0,0,0,0,0,1,0,0,0,1,0,0,0,4,14
1.0,0.0,0,0,0,0,0,28,0,0,0,0,0,0,0,0,0,0,0,0,1,0,0,0,1,0,0,0,5,3
1.0,0.0,0,0,0,0,0,21,0,0,0,0,0,0,0,0,0,0,0,0,1,0,0,0,1,0,0,0,6,3
1.0,0.0,0,0,0,0,0,16,0,0,0,0,0,0,0,0,0,0,0,0,1,0,0,0,1,0,0,0,7,3
1.0,0.0,0,0,0,0,0,20,0,0,0,0,0,0,0,0,0,0,0,0,1,0,0,0,1,0,0,0,8,3
1.0,0.0,0,0,0,0,0,18,0,0,0,0,0,0,0,0,0,0,0,0,1,0,0,0,1,0,0,0,8,3
1.0,0.0,0,0,0,0,0,22,0,0,0,0,0,0,0,0,0,0,0,0,1,0,0,0,1,0,0,0,9,3
1.0,0.0,0,0,0,0,0,16,0,0,0,0,0,0,0,0,0,0,0,0,1,0,0,0,1,0,0,0,10,3
1.0,0.0,0,0,0,0,0,16,0,0,0,0,0,0,0,0,0,0,0,0,1,0,0,0,1,0,0,0,11,3
1.0,0.0,0,12288,0,0,0,16,0,0,0,0,0,0,0,0,0,0,0,0,1,0,0,0,1,0,0,0,3,3
1.0,0.0,34855,0,0,0,0,16,0,0,0,0,0,0,0,0,0,0,0,0,1,0,0,0,1,0,0,0,65,27
1.0,0.0,33902,0,0,0,0,17,0,0,0,0,0,0,0,0,0,0,0,0,1,0,0,0,1,0,0,0,1,87
1.0,0.0,33902,0,0,2,0,22,0,0,0,0,0,0,0,0,0,0,0,0,1,0,0,0,1,0,0,0,2,87
1.0,0.0,0,0,0,0,0,16,0,0,0,0,0,0,0,0,0,0,0,0,1,0,0,0,1,0,0,0,8,3
1.0,0.0,0,0,0,0,0,16,0,0,0,0,0,0,0,0,0,0,0,0,1,0,0,0,1,0,0,0,11,3
1.0,0.0,0,12288,0,0,0,16,0,0,0,0,0,0,0,0,0,0,0,0,1,0,0,0,1,0,0,0,3,3
1.0,0.0,0,0,0,0,0,16,0,0,0,0,0,0,0,0,0,0,0,0,1,0,0,0,1,0,0,0,8,3
1.0,0.0,0,0,0,0,0,16,0,0,0,0,0,0,0,0,0,0,0,0,1,0,0,0,1,0,0,0,11,3
1.0,0.0,0,12288,0,0,0,16,0,0,0,0,0,0,0,0,0,0,0,0,1,0,0,0,1,0,0,0,3,3
1.0,0.0,33902,0,0,0,0,17,0,0,0,0,0,0,0,0,0,0,0,0,1,0,0,0,1,0,0,0,1,87
1.0,0.0,33902,0,0,2,0,22,0,0,0,0,0,0,0,0,0,0,0,0,1,0,0,0,1,0,0,0,2,87
1.0,0.0,0,0,0,0,0,16,0,0,0,0,0,0,0,0,0,0,0,0,1,0,0,0,1,0,0,0,8,3
1.0,0.0,0,0,0,0,0,16,0,0,0,0,0,0,0,0,0,0,0,0,1,0,0,0,1,0,0,0,11,3
1.0,0.0,0,12288,0,0,0,16,0,0,0,0,0,0,0,0,0,0,0,0,1,0,0,0,1,0,0,0,3,3
1.0,0.0,0,0,0,0,0,16,0,0,0,0,0,0,0,0,0,0,0,0,1,0,0,0,1,0,0,0,8,3
1.0,0.0,0,0,0,0,0,16,0,0,0,0,0,0,0,0,0,0,0,0,1,0,0,0,1,0,0,0,11,3
1.0,0.0,0,12288,0,0,0,16,0,0,0,0,0,0,0,0,0,0,0,0,1,0,0,0,1,0,0,0,3,3
1.0,0.0,33902,0,0,0,0,17,0,0,0,0,0,0,0,0,0,0,0,0,1,0,0,0,1,0,0,0,1,87
1.0,0.0,33902,0,0,2,0,22,0,0,0,0,0,0,0,0,0,0,0,0,1,0,0,0,1,0,0,0,2,87
1.0,0.0,0,0,0,0,0,21,0,0,0,0,0,0,0,0,0,0,0,0,1,0,0,0,1,0,0,0,49,91
1.0,0.0,0,0,0,0,0,16,0,0,0,0,0,0,0,0,0,0,0,0,1,0,0,0,1,0,0,0,8,3
1.0,0.0,0,0,0,0,0,16,0,0,0,0,0,0,0,0,0,0,0,0,1,0,0,0,1,0,0,0,11,3
1.0,0.0,0,12288,0,0,0,16,0,0,0,0,0,0,0,0,0,0,0,0,1,0,0,0,1,0,0,0,3,3
1.0,0.0,0,0,0,0,0,38,0,0,0,0,0,0,0,0,0,0,0,0,1,0,0,0,1,0,0,0,35,88
1.0,0.0,0,0,0,0,0,28,0,0,0,0,0,0,0,0,0,0,0,0,1,0,0,0,1,0,0,0,4,35
1.0,0.0,0,0,0,0,0,22,0,0,0,0,0,0,0,0,0,0,0,0,1,0,0,0,1,0,0,0,9,35
1.0,0.0,0,0,0,0,0,16,0,0,0,0,0,0,0,0,0,0,0,0,1,0,0,0,1,0,0,0,10,35
1.0,0.0,0,0,0,0,0,16,0,0,0,0,0,0,0,0,0,0,0,0,1,0,0,0,1,0,0,0,11,35
1.0,0.0,0,0,0,0,0,16,0,0,0,0,0,0,0,0,0,0,0,0,1,0,0,0,1,0,0,0,8,35
1.0,0.0,0,0,0,0,0,16,0,0,0,0,0,0,0,0,0,0,0,0,1,0,0,0,1,0,0,0,6,35
1.0,0.0,0,0,0,0,0,16,0,0,0,0,0,0,0,0,0,0,0,0,1,0,0,0,1,0,0,0,6,35
1.0,0.0,0,0,0,0,0,18,0,0,0,0,0,0,0,0,0,0,0,0,1,0,0,0,1,0,0,0,37,35
1.0,0.0,0,0,0,0,0,16,0,0,0,0,0,0,0,0,0,0,0,0,1,0,0,0,1,0,0,0,6,35
1.0,0.0,0,0,0,0,0,24,0,0,0,0,0,0,0,0,0,0,0,0,1,0,0,0,1,0,0,0,7,35
1.0,0.0,0,0,0,0,0,16,0,0,0,0,0,0,0,0,0,0,0,0,1,0,0,0,1,0,0,0,37,35
1.0,0.0,0,0,0,0,0,16,0,0,0,0,0,0,0,0,0,0,0,0,1,0,0,0,1,0,0,0,6,35
1.0,0.0,0,0,0,0,0,28,0,0,0,0,0,0,0,0,0,0,0,0,1,0,0,0,1,0,0,0,9,35
1.0,0.0,0,0,0,0,0,16,0,0,0,0,0,0,0,0,0,0,0,0,1,0,0,0,1,0,0,0,38,35
1.0,0.0,0,0,0,0,0,16,0,0,0,0,0,0,0,0,0,0,0,0,1,0,0,0,1,0,0,0,38,35
1.0,0.0,0,0,0,0,0,16,0,0,0,0,0,0,0,0,0,0,0,0,1,0,0,0,1,0,0,0,38,35
1.0,0.0,0,0,0,0,0,16,0,0,0,0,0,0,0,0,0,0,0,0,1,0,0,0,1,0,0,0,37,35
1.0,0.0,0,0,0,0,0,18,0,0,0,0,0,0,0,0,0,0,0,0,1,0,0,0,1,0,0,0,6,35
1.0,0.0,0,0,0,0,0,16,0,0,0,0,0,0,0,0,0,0,0,0,1,0,0,0,1,0,0,0,39,35
1.0,0.0,0,0,0,0,0,16,0,0,0,0,0,0,0,0,0,0,0,0,1,0,0,0,1,0,0,0,37,35
1.0,0.0,0,0,0,0,0,18,0,0,0,0,0,0,0,0,0,0,0,0,1,0,0,0,1,0,0,0,6,35
1.0,0.0,0,0,0,0,0,16,0,0,0,0,0,0,0,0,0,0,0,0,1,0,0,0,1,0,0,0,38,35
1.0,0.0,0,0,0,0,0,16,0,0,0,0,0,0,0,0,0,0,0,0,1,0,0,0,1,0,0,0,6,35
1.0,0.0,0,0,0,0,0,16,0,0,0,0,0,0,0,0,0,0,0,0,1,0,0,0,1,0,0,0,8,3
1.0,0.0,0,0,0,0,0,16,0,0,0,0,0,0,0,0,0,0,0,0,1,0,0,0,1,0,0,0,11,3
1.0,0.0,0,12288,0,0,0,16,0,0,0,0,0,0,0,0,0,0,0,0,1,0,0,0,1,0,0,0,3,3
1.0,10.0,33902,0,0,0,0,17,0,0,0,0,0,0,0,0,0,0,0,0,1,0,0,0,1,0,0,0,1,87
1.0,0.0,33902,0,0,2,0,22,0,0,0,0,0,0,0,0,0,0,0,0,1,0,0,0,1,0,0,0,2,87
1.0,0.0,0,0,0,0,0,16,0,0,0,0,0,0,0,0,0,0,0,0,1,0,0,0,1,0,0,0,8,3
1.0,0.0,0,0,0,0,0,16,0,0,0,0,0,0,0,0,0,0,0,0,1,0,0,0,1,0,0,0,11,3
1.0,0.0,0,12288,0,0,0,16,0,0,0,0,0,0,0,0,0,0,0,0,1,0,0,0,1,0,0,0,3,3
1.0,0.0,0,0,0,0,0,16,0,0,0,0,0,0,0,0,0,0,0,0,1,0,0,0,1,0,0,0,8,3
1.0,0.0,0,0,0,0,0,16,0,0,0,0,0,0,0,0,0,0,0,0,1,0,0,0,1,0,0,0,11,3
1.0,0.0,0,12288,0,0,0,16,0,0,0,0,0,0,0,0,0,0,0,0,1,0,0,0,1,0,0,0,3,3
1.0,0.0,33902,0,0,0,0,17,0,0,0,0,0,0,0,0,0,0,0,0,1,0,0,0,1,0,0,0,1,87
1.0,0.0,33902,0,0,2,0,22,0,0,0,0,0,0,0,0,0,0,0,0,1,0,0,0,1,0,0,0,2,87
1.0,0.0,0,0,0,1,0,32,0,0,0,0,0,0,0,0,0,0,0,0,1,0,0,0,1,0,0,0,1,41
1.0,0.0,0,0,0,1,0,33,0,0,0,0,0,0,0,0,0,0,0,0,1,0,0,0,1,0,0,0,66,41
1.0,0.0,0,0,0,1,0,27,0,0,0,0,0,0,0,0,0,0,0,0,1,0,0,0,1,0,0,0,67,66
1.0,0.0,-1,-1,-1,0,0,4,0,0,0,0,0,0,0,0,0,0,0,0,1,0,0,0,1,0,0,0,14,14
1.0,0.0,-1,-1,-1,0,0,4,0,0,0,0,0,0,0,0,0,0,0,0,1,0,0,0,1,0,0,0,14,14
1.0,0.0,12031,0,0,1,0,20,0,0,0,0,0,0,0,0,0,0,0,0,1,0,0,0,1,0,0,0,27,67
1.0,0.0,12031,0,0,1,0,26,0,0,0,0,0,0,0,0,0,0,0,0,1,0,0,0,1,0,0,0,68,67
1.0,0.0,0,0,0,4,0,41,0,0,0,0,0,0,0,0,0,0,0,0,1,0,0,0,1,0,0,0,1,41
1.0,0.0,12031,0,0,1,0,13,0,0,0,0,0,0,0,0,0,0,0,0,1,0,0,0,1,0,0,0,8,68
1.0,0.0,0,0,0,4,0,42,0,0,0,0,0,0,0,0,0,0,0,0,1,0,0,0,1,0,0,0,66,41
1.0,0.0,12031,0,0,1,0,13,0,0,0,0,0,0,0,0,0,0,0,0,1,0,0,0,1,0,0,0,69,68
1.0,0.0,12031,0,0,1,0,13,0,0,0,0,0,0,0,0,0,0,0,0,1,0,0,0,1,0,0,0,6,68
1.0,0.0,0,0,0,5,0,39,0,0,0,0,0,0,0,0,0,0,0,0,1,0,0,0,1,0,0,0,67,66
1.0,0.0,-1,-1,-1,0,0,4,0,0,0,0,0,0,0,0,0,0,0,0,1,0,0,0,1,0,0,0,14,14
1.0,0.0,-1,-1,-1,0,0,4,0,0,0,0,0,0,0,0,0,0,0,0,1,0,0,0,1,0,0,0,14,14
1.0,0.0,0,0,0,5,0,32,0,0,0,0,0,0,0,0,0,0,0,0,1,0,0,0,1,0,0,0,27,67
1.0,0.0,0,0,0,5,0,40,0,0,0,0,0,0,0,0,0,0,0,0,1,0,0,0,1,0,0,0,70,67
1.0,0.0,0,0,0,1,0,47,0,0,0,0,0,0,0,0,0,0,0,0,1,0,0,0,1,0,0,0,1,41
1.0,0.0,0,0,0,1,0,48,0,0,0,0,0,0,0,0,0,0,0,0,1,0,0,0,1,0,0,0,66,41
1.0,0.0,0,0,0,1,0,45,0,0,0,0,0,0,0,0,0,0,0,0,1,0,0,0,1,0,0,0,67,66
1.0,0.0,-1,-1,-1,0,0,4,0,0,0,0,0,0,0,0,0,0,0,0,1,0,0,0,1,0,0,0,14,14
1.0,0.0,-1,-1,-1,0,0,4,0,0,0,0,0,0,0,0,0,0,0,0,1,0,0,0,1,0,0,0,14,14
1.0,0.0,0,0,0,1,0,38,0,0,0,0,0,0,0,0,0,0,0,0,1,0,0,0,1,0,0,0,27,67
1.0,0.0,0,0,0,1,0,46,0,0,0,0,0,0,0,0,0,0,0,0,1,0,0,0,1,0,0,0,70,67
1.0,0.0,0,0,0,1,0,38,0,0,0,0,0,0,0,0,0,0,0,0,1,0,0,0,1,0,0,0,1,41
1.0,0.0,0,0,0,1,0,39,0,0,0,0,0,0,0,0,0,0,0,0,1,0,0,0,1,0,0,0,66,41
1.0,0.0,0,0,0,1,0,33,0,0,0,0,0,0,0,0,0,0,0,0,1,0,0,0,1,0,0,0,67,66
1.0,0.0,-1,-1,-1,0,0,4,0,0,0,0,0,0,0,0,0,0,0,0,1,0,0,0,1,0,0,0,14,14
1.0,0.0,-1,-1,-1,0,0,4,0,0,0,0,0,0,0,0,0,0,0,0,1,0,0,0,1,0,0,0,14,14
1.0,0.0,0,0,0,1,0,26,0,0,0,0,0,0,0,0,0,0,0,0,1,0,0,0,1,0,0,0,27,67
1.0,0.0,0,0,0,1,0,34,0,0,0,0,0,0,0,0,0,0,0,0,1,0,0,0,1,0,0,0,70,67
1.0,0.0,0,0,0,1,0,32,0,0,0,0,0,0,0,0,0,0,0,0,1,0,0,0,1,0,0,0,1,41
1.0,0.0,0,0,0,1,0,33,0,0,0,0,0,0,0,0,0,0,0,0,1,0,0,0,1,0,0,0,66,41
1.0,0.0,0,0,0,1,0,27,0,0,0,0,0,0,0,0,0,0,0,0,1,0,0,0,1,0,0,0,67,66
1.0,0.0,-1,-1,-1,0,0,4,0,0,0,0,0,0,0,0,0,0,0,0,1,0,0,0,1,0,0,0,14,14
1.0,0.0,-1,-1,-1,0,0,4,0,0,0,0,0,0,0,0,0,0,0,0,1,0,0,0,1,0,0,0,14,14
1.0,0.0,0,0,0,1,0,20,0,0,0,0,0,0,0,0,0,0,0,0,1,0,0,0,1,0,0,0,27,67
1.0,0.0,0,0,0,1,0,26,0,0,0,0,0,0,0,0,0,0,0,0,1,0,0,0,1,0,0,0,71,67
1.0,0.0,0,0,0,1,0,13,0,0,0,0,0,0,0,0,0,0,0,0,1,0,0,0,1,0,0,0,72,71
1.0,0.0,0,0,0,1,0,13,0,0,0,0,0,0,0,0,0,0,0,0,1,0,0,0,1,0,0,0,6,71
1.0,0.0,0,0,0,1,0,13,0,0,0,0,0,0,0,0,0,0,0,0,1,0,0,0,1,0,0,0,73,71
1.0,0.0,0,0,0,1,0,32,0,0,0,0,0,0,0,0,0,0,0,0,1,0,0,0,1,0,0,0,1,41
1.0,0.0,0,0,0,1,0,33,0,0,0,0,0,0,0,0,0,0,0,0,1,0,0,0,1,0,0,0,66,41
1.0,0.0,0,0,0,1,0,27,0,0,0,0,0,0,0,0,0,0,0,0,1,0,0,0,1,0,0,0,67,66
1.0,0.0,-1,-1,-1,0,0,4,0,0,0,0,0,0,0,0,0,0,0,0,1,0,0,0,1,0,0,0,14,14
1.0,0.0,-1,-1,-1,0,0,4,0,0,0,0,0,0,0,0,0,0,0,0,1,0,0,0,1,0,0,0,14,14
1.0,0.0,12031,0,0,1,0,20,0,0,0,0,0,0,0,0,0,0,0,0,1,0,0,0,1,0,0,0,27,67
1.0,0.0,12031,0,0,1,0,26,0,0,0,0,0,0,0,0,0,0,0,0,1,0,0,0,1,0,0,0,74,67
1.0,0.0,12031,0,0,1,0,13,0,0,0,0,0,0,0,0,0,0,0,0,1,0,0,0,1,0,0,0,75,74
1.0,0.0,12031,0,0,1,0,13,0,0,0,0,0,0,0,0,0,0,0,0,1,0,0,0,1,0,0,0,73,74
1.0,0.0,0,0,0,1,0,32,0,0,0,0,0,0,0,0,0,0,0,0,1,0,0,0,1,0,0,0,1,41
1.0,0.0,0,0,0,1,0,33,0,0,0,0,0,0,0,0,0,0,0,0,1,0,0,0,1,0,0,0,66,41
1.0,0.0,-1,-1,-1,0,0,4,0,0,0,0,0,0,0,0,0,0,0,0,1,0,0,0,1,0,0,0,14,14
1.0,0.0,-1,-1,-1,0,0,4,0,0,0,0,0,0,0,0,0,0,0,0,1,0,0,0,1,0,0,0,14,14
1.0,0.0,0,0,0,1,0,27,0,0,0,0,0,0,0,0,0,0,0,0,1,0,0,0,1,0,0,0,67,66
1.0,0.0,0,0,0,1,0,32,0,0,0,0,0,0,0,0,0,0,0,0,1,0,0,0,1,0,0,0,1,41
1.0,0.0,-1,-1,-1,0,0,4,0,0,0,0,0,0,0,0,0,0,0,0,1,0,0,0,1,0,0,0,14,14
1.0,0.0,0,0,0,1,0,33,0,0,0,0,0,0,0,0,0,0,0,0,1,0,0,0,1,0,0,0,66,41
1.0,0.0,0,0,0,1,0,27,0,0,0,0,0,0,0,0,0,0,0,0,1,0,0,0,1,0,0,0,67,66
1.0,0.0,-1,-1,-1,0,0,4,0,0,0,0,0,0,0,0,0,0,0,0,1,0,0,0,1,0,0,0,14,14
1.0,0.0,-1,-1,-1,0,0,4,0,0,0,0,0,0,0,0,0,0,0,0,1,0,0,0,1,0,0,0,14,14
1.0,0.0,0,0,0,1,0,20,0,0,0,0,0,0,0,0,0,0,0,0,1,0,0,0,1,0,0,0,27,67
1.0,0.0,0,0,0,1,0,26,0,0,0,0,0,0,0,0,0,0,0,0,1,0,0,0,1,0,0,0,76,67
1.0,0.0,-1,-1,-1,0,0,4,0,0,0,0,0,0,0,0,0,0,0,0,1,0,0,0,1,0,0,0,14,14
1.0,0.0,-1,-1,-1,0,0,4,0,0,0,0,0,0,0,0,0,0,0,0,1,0,0,0,1,0,0,0,14,14
1.0,0.0,-1,-1,-1,0,0,4,0,0,0,0,0,0,0,0,0,0,0,0,1,0,0,0,1,0,0,0,14,14
1.0,0.0,0,0,0,1,0,13,0,0,0,0,0,0,0,0,0,0,0,0,1,0,0,0,1,0,0,0,26,76
1.0,0.0,12031,0,0,1,0,20,0,0,0,0,0,0,0,0,0,0,0,0,1,0,0,0,1,0,0,0,27,67
1.0,0.0,12031,0,0,1,0,26,0,0,0,0,0,0,0,0,0,0,0,0,1,0,0,0,1,0,0,0,77,67
1.0,0.0,12031,0,0,1,0,19,0,0,0,0,0,0,0,0,0,0,0,0,1,0,0,0,1,0,0,0,78,77
1.0,0.0,12031,0,0,1,0,13,0,0,0,0,0,0,0,0,0,0,0,0,1,0,0,0,1,0,0,0,6,77
1.0,0.0,12031,0,0,1,0,13,0,0,0,0,0,0,0,0,0,0,0,0,1,0,0,0,1,0,0,0,7,77
1.0,0.0,12031,0,0,1,0,13,0,0,0,0,0,0,0,0,0,0,0,0,1,0,0,0,1,0,0,0,56,77
1.0,0.0,0,0,0,1,0,19,0,0,0,0,0,0,0,0,0,0,0,0,1,0,0,0,1,0,0,0,79,70
1.0,0.0,0,0,0,1,0,32,0,0,0,0,0,0,0,0,0,0,0,0,1,0,0,0,1,0,0,0,1,41
1.0,0.0,0,0,0,1,0,33,0,0,0,0,0,0,0,0,0,0,0,0,1,0,0,0,1,0,0,0,66,41
1.0,0.0,0,0,0,1,0,27,0,0,0,0,0,0,0,0,0,0,0,0,1,0,0,0,1,0,0,0,67,66
1.0,0.0,0,0,0,1,0,13,0,0,0,0,0,0,0,0,0,0,0,0,1,0,0,0,1,0,0,0,26,76
1.0,0.0,0,0,0,1,0,13,0,0,0,0,0,0,0,0,0,0,0,0,1,0,0,0,1,0,0,0,6,76
1.0,0.0,0,0,0,1,0,13,0,0,0,0,0,0,0,0,0,0,0,0,1,0,0,0,1,0,0,0,6,76
1.0,0.0,-1,-1,-1,0,0,4,0,0,0,0,0,0,0,0,0,0,0,0,1,0,0,0,1,0,0,0,14,14
1.0,0.0,-1,-1,-1,0,0,4,0,0,0,0,0,0,0,0,0,0,0,0,1,0,0,0,1,0,0,0,14,14
1.0,0.0,0,0,0,1,0,20,0,0,0,0,0,0,0,0,0,0,0,0,1,0,0,0,1,0,0,0,27,67
1.0,0.0,0,0,0,1,0,19,0,0,0,0,0,0,0,0,0,0,0,0,1,0,0,0,1,0,0,0,79,70
1.0,0.0,0,0,0,1,0,28,0,0,0,0,0,0,0,0,0,0,0,0,1,0,0,0,1,0,0,0,80,67
1.0,0.0,0,0,0,1,0,32,0,0,0,0,0,0,0,0,0,0,0,0,1,0,0,0,1,0,0,0,1,41
1.0,0.0,0,0,0,1,0,33,0,0,0,0,0,0,0,0,0,0,0,0,1,0,0,0,1,0,0,0,66,41
1.0,0.0,0,0,0,1,0,27,0,0,0,0,0,0,0,0,0,0,0,0,1,0,0,0,1,0,0,0,67,66
1.0,0.0,-1,-1,-1,0,0,4,0,0,0,0,0,0,0,0,0,0,0,0,1,0,0,0,1,0,0,0,14,14
1.0,0.0,-1,-1,-1,0,0,4,0,0,0,0,0,0,0,0,0,0,0,0,1,0,0,0,1,0,0,0,14,14
1.0,0.0,0,0,0,1,0,19,0,0,0,0,0,0,0,0,0,0,0,0,1,0,0,0,1,0,0,0,79,70
1.0,0.0,12031,0,0,1,0,20,0,0,0,0,0,0,0,0,0,0,0,0,1,0,0,0,1,0,0,0,27,67
1.0,0.0,12031,0,0,1,0,26,0,0,0,0,0,0,0,0,0,0,0,0,1,0,0,0,1,0,0,0,81,67
1.0,0.0,12031,0,0,1,0,17,0,0,0,0,0,0,0,0,0,0,0,0,1,0,0,0,1,0,0,0,53,81
1.0,0.0,12031,0,0,1,0,13,0,0,0,0,0,0,0,0,0,0,0,0,1,0,0,0,1,0,0,0,6,81
1.0,0.0,12031,0,0,1,0,13,0,0,0,0,0,0,0,0,0,0,0,0,1,0,0,0,1,0,0,0,7,81
1.0,0.0,0,0,0,1,0,32,0,0,0,0,0,0,0,0,0,0,0,0,1,0,0,0,1,0,0,0,1,41
1.0,0.0,-1,-1,-1,0,0,4,0,0,0,0,0,0,0,0,0,0,0,0,1,0,0,0,1,0,0,0,14,14
1.0,0.0,-1,-1,-1,0,0,4,0,0,0,0,0,0,0,0,0,0,0,0,1,0,0,0,1,0,0,0,14,14
1.0,0.0,0,0,0,1,0,33,0,0,0,0,0,0,0,0,0,0,0,0,1,0,0,0,1,0,0,0,66,41
1.0,0.0,0,0,0,1,0,27,0,0,0,0,0,0,0,0,0,0,0,0,1,0,0,0,1,0,0,0,67,66
1.0,0.0,12031,0,0,1,0,13,0,0,0,0,0,0,0,0,0,0,0,0,1,0,0,0,1,0,0,0,82,56
1.0,0.0,-1,-1,-1,0,0,4,0,0,0,0,0,0,0,0,0,0,0,0,1,0,0,0,1,0,0,0,14,14
1.0,0.0,-1,-1,-1,0,0,4,0,0,0,0,0,0,0,0,0,0,0,0,1,0,0,0,1,0,0,0,14,14
1.0,0.0,-1,-1,-1,0,0,4,0,0,0,0,0,0,0,0,0,0,0,0,1,0,0,0,1,0,0,0,14,14
1.0,0.0,-1,-1,-1,0,0,4,0,0,0,0,0,0,0,0,0,0,0,0,1,0,0,0,1,0,0,0,14,14
1.0,0.0,-1,-1,-1,0,0,4,0,0,0,0,0,0,0,0,0,0,0,0,1,0,0,0,1,0,0,0,14,14
1.0,0.0,-1,-1,-1,0,0,4,0,0,0,0,0,0,0,0,0,0,0,0,1,0,0,0,1,0,0,0,14,14
1.0,0.0,0,0,0,1,0,20,0,0,0,0,0,0,0,0,0,0,0,0,1,0,0,0,1,0,0,0,27,67
1.0,0.0,0,0,0,1,0,26,0,0,0,0,0,0,0,0,0,0,0,0,1,0,0,0,1,0,0,0,83,67
1.0,0.0,0,0,0,1,0,13,0,0,0,0,0,0,0,0,0,0,0,0,1,0,0,0,1,0,0,0,69,83
1.0,0.0,0,0,0,1,0,13,0,0,0,0,0,0,0,0,0,0,0,0,1,0,0,0,1,0,0,0,6,83
1.0,0.0,0,0,0,1,0,13,0,0,0,0,0,0,0,0,0,0,0,0,1,0,0,0,1,0,0,0,16,83
1.0,0.0,0,0,0,1,0,18,0,0,0,0,0,0,0,0,0,0,0,0,1,0,0,0,1,0,0,0,1,80
1.0,0.0,0,0,0,1,0,32,0,0,0,0,0,0,0,0,0,0,0,0,1,0,0,0,1,0,0,0,1,41
1.0,0.0,0,0,0,1,0,25,0,0,0,0,0,0,0,0,0,0,0,0,1,0,0,0,1,0,0,0,84,1
1.0,0.0,0,0,0,1,0,13,0,0,0,0,0,0,0,0,0,0,0,0,1,0,0,0,1,0,0,0,6,1
1.0,0.0,0,0,0,1,0,33,0,0,0,0,0,0,0,0,0,0,0,0,1,0,0,0,1,0,0,0,66,41
1.0,0.0,0,0,0,1,0,27,0,0,0,0,0,0,0,0,0,0,0,0,1,0,0,0,1,0,0,0,67,66
1.0,0.0,0,0,0,1,0,19,0,0,0,0,0,0,0,0,0,0,0,0,1,0,0,0,1,0,0,0,9,84
1.0,0.0,0,0,0,1,0,19,0,0,0,0,0,0,0,0,0,0,0,0,1,0,0,0,1,0,0,0,9,84
1.0,0.0,-1,-1,-1,0,0,4,0,0,0,0,0,0,0,0,0,0,0,0,1,0,0,0,1,0,0,0,14,14
1.0,0.0,0,0,0,1,0,29,0,0,0,0,0,0,0,0,0,0,0,0,1,0,0,0,1,0,0,0,53,84
1.0,0.0,-1,-1,-1,0,0,4,0,0,0,0,0,0,0,0,0,0,0,0,1,0,0,0,1,0,0,0,14,14
1.0,0.0,0,0,0,1,0,27,0,0,0,0,0,0,0,0,0,0,0,0,1,0,0,0,1,0,0,0,53,84
1.0,0.0,12031,0,0,1,0,20,0,0,0,0,0,0,0,0,0,0,0,0,1,0,0,0,1,0,0,0,27,67
1.0,0.0,12031,0,-8,1,0,16,0,0,0,0,0,0,0,0,0,0,0,0,1,0,0,0,1,0,0,0,27,67
1.0,0.0,12031,0,0,5,0,27,0,0,0,0,0,0,0,0,0,0,0,0,1,0,0,0,1,0,0,0,2,27
1.0,0.0,0,0,0,1,0,27,0,0,0,0,0,0,0,0,0,0,0,0,1,0,0,0,1,0,0,0,53,84
1.0,0.0,0,0,0,1,0,27,0,0,0,0,0,0,0,0,0,0,0,0,1,0,0,0,1,0,0,0,53,84
1.0,0.0,0,0,0,1,0,27,0,0,0,0,0,0,0,0,0,0,0,0,1,0,0,0,1,0,0,0,53,84
1.0,0.0,0,0,0,1,0,27,0,0,0,0,0,0,0,0,0,0,0,0,1,0,0,0,1,0,0,0,53,84
1.0,0.0,0,0,0,1,0,27,0,0,0,0,0,0,0,0,0,0,0,0,1,0,0,0,1,0,0,0,53,84
1.0,0.0,0,0,0,3,0,26,0,0,0,0,0,0,0,0,0,0,0,0,1,0,0,0,1,0,0,0,1,70
1.0,0.0,0,0,0,3,0,22,0,0,0,0,0,0,0,0,0,0,0,0,1,0,0,0,1,0,0,0,27,1
1.0,0.0,0,0,0,1,0,18,0,0,0,0,0,0,0,0,0,0,0,0,1,0,0,0,1,0,0,0,1,80
1.0,0.0,0,0,0,3,0,18,0,0,0,0,0,0,0,0,0,0,0,0,1,0,0,0,1,0,0,0,85,1
1.0,0.0,0,0,0,1,0,25,0,0,0,0,0,0,0,0,0,0,0,0,1,0,0,0,1,0,0,0,84,1
1.0,0.0,0,0,0,1,0,13,0,0,0,0,0,0,0,0,0,0,0,0,1,0,0,0,1,0,0,0,6,1
1.0,0.0,0,0,0,1,0,13,0,0,0,0,0,0,0,0,0,0,0,0,1,0,0,0,1,0,0,0,6,1
1.0,0.0,0,0,0,1,0,19,0,0,0,0,0,0,0,0,0,0,0,0,1,0,0,0,1,0,0,0,79,70
1.0,0.0,0,0,0,1,0,19,0,0,0,0,0,0,0,0,0,0,0,0,1,0,0,0,1,0,0,0,9,84
1.0,0.0,0,0,0,1,0,28,0,0,0,0,0,0,0,0,0,0,0,0,1,0,0,0,1,0,0,0,1,70
1.0,0.0,0,0,0,1,0,19,0,0,0,0,0,0,0,0,0,0,0,0,1,0,0,0,1,0,0,0,9,84
1.0,0.0,0,0,0,1,0,24,0,0,0,0,0,0,0,0,0,0,0,0,1,0,0,0,1,0,0,0,27,1
1.0,0.0,0,0,0,1,0,20,0,0,0,0,0,0,0,0,0,0,0,0,1,0,0,0,1,0,0,0,85,1
1.0,0.0,0,0,0,1,0,29,0,0,0,0,0,0,0,0,0,0,0,0,1,0,0,0,1,0,0,0,53,84
1.0,0.0,0,0,0,1,0,27,0,0,0,0,0,0,0,0,0,0,0,0,1,0,0,0,1,0,0,0,53,84
1.0,0.0,0,0,0,1,0,27,0,0,0,0,0,0,0,0,0,0,0,0,1,0,0,0,1,0,0,0,53,84
1.0,0.0,0,0,0,1,0,27,0,0,0,0,0,0,0,0,0,0,0,0,1,0,0,0,1,0,0,0,53,84
1.0,0.0,0,0,0,1,0,26,0,0,0,0,0,0,0,0,0,0,0,0,1,0,0,0,1,0,0,0,1,70
1.0,0.0,0,0,0,1,0,27,0,0,0,0,0,0,0,0,0,0,0,0,1,0,0,0,1,0,0,0,53,84
1.0,0.0,0,0,0,1,0,22,0,0,0,0,0,0,0,0,0,0,0,0,1,0,0,0,1,0,0,0,27,1
1.0,0.0,0,0,0,1,0,18,0,0,0,0,0,0,0,0,0,0,0,0,1,0,0,0,1,0,0,0,85,1
1.0,0.0,0,0,0,1,0,27,0,0,0,0,0,0,0,0,0,0,0,0,1,0,0,0,1,0,0,0,53,84
1.0,0.0,0,0,0,1,0,27,0,0,0,0,0,0,0,0,0,0,0,0,1,0,0,0,1,0,0,0,53,84
1.0,0.0,0,0,0,1,0,19,0,0,0,0,0,0,0,0,0,0,0,0,1,0,0,0,1,0,0,0,79,70
1.0,0.0,0,0,0,1,0,18,0,0,0,0,0,0,0,0,0,0,0,0,1,0,0,0,1,0,0,0,1,80
1.0,0.0,0,0,0,1,0,25,0,0,0,0,0,0,0,0,0,0,0,0,1,0,0,0,1,0,0,0,84,1
1.0,0.0,0,0,0,1,0,13,0,0,0,0,0,0,0,0,0,0,0,0,1,0,0,0,1,0,0,0,6,1
1.0,0.0,0,0,0,1,0,13,0,0,0,0,0,0,0,0,0,0,0,0,1,0,0,0,1,0,0,0,6,1
1.0,0.0,0,0,0,1,0,19,0,0,0,0,0,0,0,0,0,0,0,0,1,0,0,0,1,0,0,0,79,70
1.0,0.0,0,0,0,1,0,19,0,0,0,0,0,0,0,0,0,0,0,0,1,0,0,0,1,0,0,0,9,84
1.0,0.0,0,0,0,1,0,19,0,0,0,0,0,0,0,0,0,0,0,0,1,0,0,0,1,0,0,0,9,84
1.0,0.0,0,0,0,1,0,29,0,0,0,0,0,0,0,0,0,0,0,0,1,0,0,0,1,0,0,0,53,84
1.0,0.0,0,0,0,1,0,27,0,0,0,0,0,0,0,0,0,0,0,0,1,0,0,0,1,0,0,0,53,84
1.0,0.0,0,0,0,1,0,27,0,0,0,0,0,0,0,0,0,0,0,0,1,0,0,0,1,0,0,0,53,84
1.0,0.0,0,0,0,1,0,27,0,0,0,0,0,0,0,0,0,0,0,0,1,0,0,0,1,0,0,0,53,84
1.0,0.0,0,0,0,1,0,27,0,0,0,0,0,0,0,0,0,0,0,0,1,0,0,0,1,0,0,0,53,84
1.0,0.0,0,0,0,1,0,27,0,0,0,0,0,0,0,0,0,0,0,0,1,0,0,0,1,0,0,0,53,84
1.0,0.0,0,0,0,1,0,27,0,0,0,0,0,0,0,0,0,0,0,0,1,0,0,0,1,0,0,0,53,84
1.0,0.0,0,0,0,1,0,16,0,0,0,0,0,0,0,0,0,0,0,0,1,0,0,0,1,0,0,0,1,80
1.0,0.0,-1,-1,-1,0,0,4,0,0,0,0,0,0,0,0,0,0,0,0,1,0,0,0,1,0,0,0,14,14
1.0,0.0,-1,-1,-1,0,0,4,0,0,0,0,0,0,0,0,0,0,0,0,1,0,0,0,1,0,0,0,14,14
1.0,0.0,0,0,0,1,0,16,0,0,0,0,0,0,0,0,0,0,0,0,1,0,0,0,1,0,0,0,86,1
1.0,0.0,0,0,0,1,0,13,0,0,0,0,0,0,0,0,0,0,0,0,1,0,0,0,1,0,0,0,6,1
1.0,0.0,0,0,0,1,0,13,0,0,0,0,0,0,0,0,0,0,0,0,1,0,0,0,1,0,0,0,7,1
1.0,0.0,0,0,0,1,0,13,0,0,0,0,0,0,0,0,0,0,0,0,1,0,0,0,1,0,0,0,6,1
1.0,0.0,0,0,0,1,0,26,0,0,0,0,0,0,0,0,0,0,0,0,1,0,0,0,1,0,0,0,1,70
1.0,0.0,0,0,0,1,0,22,0,0,0,0,0,0,0,0,0,0,0,0,1,0,0,0,1,0,0,0,27,1
1.0,0.0,0,0,0,1,0,18,0,0,0,0,0,0,0,0,0,0,0,0,1,0,0,0,1,0,0,0,85,1
1.0,0.0,0,0,0,1,0,19,0,0,0,0,0,0,0,0,0,0,0,0,1,0,0,0,1,0,0,0,79,70
1.0,0.0,-1,-1,-1,0,0,4,0,0,0,0,0,0,0,0,0,0,0,0,1,0,0,0,1,0,0,0,14,14
1.0,0.0,-1,-1,-1,0,0,4,0,0,0,0,0,0,0,0,0,0,0,0,1,0,0,0,1,0,0,0,14,14
1.0,0.0,0,0,0,1,0,26,0,0,0,0,0,0,0,0,0,0,0,0,1,0,0,0,1,0,0,0,1,70
1.0,0.0,0,0,0,1,0,28,0,0,0,0,0,0,0,0,0,0,0,0,1,0,0,0,1,0,0,0,1,70
1.0,0.0,0,0,0,1,0,22,0,0,0,0,0,0,0,0,0,0,0,0,1,0,0,0,1,0,0,0,27,1
1.0,0.0,0,0,0,1,0,24,0,0,0,0,0,0,0,0,0,0,0,0,1,0,0,0,1,0,0,0,27,1
1.0,0.0,0,0,0,1,0,18,0,0,0,0,0,0,0,0,0,0,0,0,1,0,0,0,1,0,0,0,85,1
1.0,0.0,0,0,0,1,0,20,0,0,0,0,0,0,0,0,0,0,0,0,1,0,0,0,1,0,0,0,85,1
1.0,0.0,0,0,0,1,0,19,0,0,0,0,0,0,0,0,0,0,0,0,1,0,0,0,1,0,0,0,79,70
1.0,0.0,-1,-1,-1,0,0,4,0,0,0,0,0,0,0,0,0,0,0,0,1,0,0,0,1,0,0,0,14,14
1.0,0.0,-1,-1,-1,0,0,4,0,0,0,0,0,0,0,0,0,0,0,0,1,0,0,0,1,0,0,0,14,14
1.0,0.0,0,0,0,1,0,26,0,0,0,0,0,0,0,0,0,0,0,0,1,0,0,0,1,0,0,0,1,70
1.0,0.0,0,0,0,1,0,22,0,0,0,0,0,0,0,0,0,0,0,0,1,0,0,0,1,0,0,0,27,1
1.0,0.0,0,0,0,1,0,18,0,0,0,0,0,0,0,0,0,0,0,0,1,0,0,0,1,0,0,0,85,1
1.0,0.0,0,0,0,1,0,19,0,0,0,0,0,0,0,0,0,0,0,0,1,0,0,0,1,0,0,0,79,70
1.0,0.0,0,0,0,1,0,26,0,0,0,0,0,0,0,0,0,0,0,0,1,0,0,0,1,0,0,0,1,70
1.0,0.0,0,0,0,1,0,22,0,0,0,0,0,0,0,0,0,0,0,0,1,0,0,0,1,0,0,0,27,1
1.0,0.0,0,0,0,1,0,18,0,0,0,0,0,0,0,0,0,0,0,0,1,0,0,0,1,0,0,0,85,1
1.0,0.0,0,0,0,1,0,19,0,0,0,0,0,0,0,0,0,0,0,0,1,0,0,0,1,0,0,0,79,70
1.0,0.0,-1,-1,-1,0,0,4,0,0,0,0,0,0,0,0,0,0,0,0,1,0,0,0,1,0,0,0,14,14
1.0,0.0,-1,-1,-1,0,0,4,0,0,0,0,0,0,0,0,0,0,0,0,1,0,0,0,1,0,0,0,14,14
1.0,0.0,0,0,0,1,0,26,0,0,0,0,0,0,0,0,0,0,0,0,1,0,0,0,1,0,0,0,1,70
1.0,0.0,0,0,0,1,0,22,0,0,0,0,0,0,0,0,0,0,0,0,1,0,0,0,1,0,0,0,27,1
1.0,0.0,0,0,0,1,0,18,0,0,0,0,0,0,0,0,0,0,0,0,1,0,0,0,1,0,0,0,85,1
1.0,0.0,0,0,0,1,0,19,0,0,0,0,0,0,0,0,0,0,0,0,1,0,0,0,1,0,0,0,79,70
1.0,0.0,0,0,0,1,0,26,0,0,0,0,0,0,0,0,0,0,0,0,1,0,0,0,1,0,0,0,1,70
1.0,0.0,0,0,0,1,0,22,0,0,0,0,0,0,0,0,0,0,0,0,1,0,0,0,1,0,0,0,27,1
1.0,0.0,0,0,0,1,0,18,0,0,0,0,0,0,0,0,0,0,0,0,1,0,0,0,1,0,0,0,85,1
1.0,0.0,0,0,0,1,0,19,0,0,0,0,0,0,0,0,0,0,0,0,1,0,0,0,1,0,0,0,79,70
1.0,0.0,-1,-1,-1,0,0,4,0,0,0,0,0,0,0,0,0,0,0,0,1,0,0,0,1,0,0,0,14,14
1.0,0.0,-1,-1,-1,0,0,4,0,0,0,0,0,0,0,0,0,0,0,0,1,0,0,0,1,0,0,0,14,14
1.0,0.0,0,0,0,3,0,26,0,0,0,0,0,0,0,0,0,0,0,0,1,0,0,0,1,0,0,0,1,70
1.0,0.0,0,0,0,3,0,22,0,0,0,0,0,0,0,0,0,0,0,0,1,0,0,0,1,0,0,0,27,1
