severity_scores,timedelta,suid,cap_fp,exit,n_dang,n_dang_no_cron,fp_length,col_0,col_1,col_2,col_3,col_4,col_5,col_6,col_7,col_8,col_9,col_10,col_11,col_12,col_13,col_14,col_15,col_16,col_17,col_18,col_19,enc_comm,enc_parent_comm
1.0,0.0,0,0,0,0,0,16,0,0,0,0,0,0,0,0,0,0,0,0,0,0,0,0,1,1,0,0,1,4
1.0,0.0,0,0,0,0,0,16,0,0,0,0,0,0,0,0,0,0,0,0,0,0,0,0,1,1,0,0,1,4
1.0,0.0,0,0,0,0,0,16,0,0,0,0,0,0,0,0,0,0,0,0,0,0,0,0,1,1,0,0,1,4
1.0,0.0,0,0,0,0,0,16,0,0,0,0,0,0,0,0,0,0,0,0,0,0,0,0,1,1,0,0,2,4
1.0,0.0,0,0,0,0,0,16,0,0,0,0,0,0,0,0,0,0,0,0,0,0,0,0,1,1,0,0,3,4
1.0,0.0,0,12288,0,0,0,16,0,0,0,0,0,0,0,0,0,0,0,0,0,0,0,0,1,1,0,0,4,4
1.0,0.0,0,0,0,1,0,22,0,0,0,0,0,0,0,0,0,0,0,0,0,0,0,0,1,1,0,0,5,82
1.0,0.0,0,0,0,1,0,28,0,0,0,0,0,0,0,0,0,0,0,0,0,0,0,0,1,1,0,0,5,82
1.0,0.0,0,0,0,1,0,28,0,0,0,0,0,0,0,0,0,0,0,0,0,0,0,0,1,1,0,0,5,82
1.0,0.0,0,0,0,1,0,25,0,0,0,0,0,0,0,0,0,0,0,0,0,0,0,0,1,1,0,0,6,82
1.0,0.0,-1,-1,-1,0,0,5,0,0,0,0,0,0,0,0,0,0,0,0,0,0,0,0,1,1,0,0,7,7
1.0,0.0,0,0,0,1,0,31,0,0,0,0,0,0,0,0,0,0,0,0,0,0,0,0,1,1,0,0,8,5
1.0,0.0,0,0,0,1,0,31,0,0,0,0,0,0,0,0,0,0,0,0,0,0,0,0,1,1,0,0,8,5
1.0,0.0,0,0,0,1,0,19,0,0,0,0,0,0,0,0,0,0,0,0,0,0,0,0,1,1,0,0,9,6
1.0,0.0,0,0,0,1,0,17,0,0,0,0,0,0,0,0,0,0,0,0,0,0,0,0,1,1,0,0,10,6
1.0,0.0,0,0,0,1,0,21,0,0,0,0,0,0,0,0,0,0,0,0,0,0,0,0,1,1,0,0,11,6
1.0,0.0,0,0,0,1,0,17,0,0,0,0,0,0,0,0,0,0,0,0,0,0,0,0,1,1,0,0,12,6
1.0,0.0,997,0,0,4,0,38,0,0,0,0,0,0,0,0,0,0,0,0,0,0,0,0,1,1,0,0,13,20
1.0,0.0,-1,-1,-1,0,0,5,0,0,0,0,0,0,0,0,0,0,0,0,0,0,0,0,1,1,0,0,7,7
1.0,0.0,-1,-1,-1,0,0,5,0,0,0,0,0,0,0,0,0,0,0,0,0,0,0,0,1,1,0,0,7,7
1.0,0.0,0,0,0,0,0,26,0,0,0,0,0,0,0,0,0,0,0,0,0,0,0,0,1,1,0,0,14,20
1.0,0.0,0,0,0,0,0,13,0,0,0,0,0,0,0,0,0,0,0,0,0,0,0,0,1,1,0,0,11,14
1.0,0.0,0,0,0,0,0,19,0,0,0,0,0,0,0,0,0,0,0,0,0,0,0,0,1,1,0,0,15,14
1.0,0.0,-1,-1,-1,0,0,5,0,0,0,0,0,0,0,0,0,0,0,0,0,0,0,0,1,1,0,0,7,7
1.0,0.0,0,0,0,0,0,19,0,0,0,0,0,0,0,0,0,0,0,0,0,0,0,0,1,1,0,0,16,16
1.0,0.0,-1,-1,-1,0,0,4,0,0,0,0,0,0,0,0,0,0,0,0,0,0,0,0,1,1,0,0,7,7
1.0,0.0,-1,-1,-1,0,0,4,0,0,0,0,0,0,0,0,0,0,0,0,0,0,0,0,1,1,0,0,7,7
1.0,0.0,-1,-1,-1,0,0,4,0,0,0,0,0,0,0,0,0,0,0,0,0,0,0,0,1,1,0,0,7,7
1.0,0.0,-1,-1,-1,0,0,4,0,0,0,0,0,0,0,0,0,0,0,0,0,0,0,0,1,1,0,0,7,7
1.0,0.0,-1,-1,-1,0,0,4,0,0,0,0,0,0,0,0,0,0,0,0,0,0,0,0,1,1,0,0,7,7
1.0,0.0,65534,0,0,0,0,19,0,0,0,0,0,0,0,0,0,0,0,0,0,0,0,0,1,1,0,0,17,16
1.0,0.0,65534,0,0,0,0,19,0,0,0,0,0,0,0,0,0,0,0,0,0,0,0,0,1,1,0,0,17,16
1.0,0.0,-1,-1,-1,0,0,4,0,0,0,0,0,0,0,0,0,0,0,0,0,0,0,0,1,1,0,0,7,7
1.0,0.0,-1,-1,-1,0,0,4,0,0,0,0,0,0,0,0,0,0,0,0,0,0,0,0,1,1,0,0,7,7
1.0,0.0,-1,-1,-1,0,0,4,0,0,0,0,0,0,0,0,0,0,0,0,0,0,0,0,1,1,0,0,7,7
1.0,0.0,-1,-1,-1,0,0,4,0,0,0,0,0,0,0,0,0,0,0,0,0,0,0,0,1,1,0,0,7,7
1.0,0.0,-1,-1,-1,0,0,4,0,0,0,0,0,0,0,0,0,0,0,0,0,0,0,0,1,1,0,0,7,7
1.0,0.0,0,-1,1,0,0,10,0,0,0,0,0,0,0,0,0,0,0,0,0,0,0,0,1,1,0,0,16,16
1.0,0.0,-1,-1,-1,0,0,5,0,0,0,0,0,0,0,0,0,0,0,0,0,0,0,0,1,1,0,0,7,7
1.0,0.0,0,0,0,0,0,24,0,0,0,0,0,0,0,0,0,0,0,0,0,0,0,0,1,1,0,0,18,20
1.0,0.0,-1,-1,-1,0,0,5,0,0,0,0,0,0,0,0,0,0,0,0,0,0,0,0,1,1,0,0,7,7
1.0,0.0,0,-1,1,0,0,9,0,0,0,0,0,0,0,0,0,0,0,0,0,0,0,0,1,1,0,0,19,20
1.0,0.0,-1,-1,-1,0,0,5,0,0,0,0,0,0,0,0,0,0,0,0,0,0,0,0,1,1,0,0,7,7
1.0,0.0,0,0,0,0,0,20,0,0,0,0,0,0,0,0,0,0,0,0,0,0,0,0,1,1,0,0,20,20
1.0,0.0,0,0,0,0,0,28,0,0,0,0,0,0,0,0,0,0,0,0,0,0,0,0,1,1,0,0,21,83
1.0,0.0,0,0,0,1,0,28,0,0,0,0,0,0,0,0,0,0,0,0,0,0,0,0,1,1,0,0,22,20
1.0,0.0,-1,-1,-1,0,0,5,0,0,0,0,0,0,0,0,0,0,0,0,0,0,0,0,1,1,0,0,7,7
1.0,0.0,0,0,0,0,0,16,0,0,0,0,0,0,0,0,0,0,0,0,0,0,0,0,1,1,0,0,1,4
1.0,0.0,0,0,0,0,0,16,0,0,0,0,0,0,0,0,0,0,0,0,0,0,0,0,1,1,0,0,1,4
1.0,0.0,0,0,0,0,0,16,0,0,0,0,0,0,0,0,0,0,0,0,0,0,0,0,1,1,0,0,3,4
1.0,0.0,-1,-1,-1,0,0,4,0,0,0,0,0,0,0,0,0,0,0,0,0,0,0,0,1,1,0,0,7,7
1.0,0.0,-1,-1,-1,0,0,4,0,0,0,0,0,0,0,0,0,0,0,0,0,0,0,0,1,1,0,0,7,7
1.0,0.0,-1,-1,-1,0,0,4,0,0,0,0,0,0,0,0,0,0,0,0,0,0,0,0,1,1,0,0,7,7
1.0,0.0,-1,-1,-1,0,0,4,0,0,0,0,0,0,0,0,0,0,0,0,0,0,0,0,1,1,0,0,7,7
1.0,0.0,-1,-1,-1,0,0,4,0,0,0,0,0,0,0,0,0,0,0,0,0,0,0,0,1,1,0,0,7,7
1.0,0.0,-1,-1,-1,0,0,4,0,0,0,0,0,0,0,0,0,0,0,0,0,0,0,0,1,1,0,0,7,7
1.0,0.0,-1,-1,-1,0,0,4,0,0,0,0,0,0,0,0,0,0,0,0,0,0,0,0,1,1,0,0,7,7
1.0,0.0,-1,-1,-1,0,0,4,0,0,0,0,0,0,0,0,0,0,0,0,0,0,0,0,1,1,0,0,7,7
1.0,0.0,0,0,0,1,0,18,0,0,0,0,0,0,0,0,0,0,0,0,0,0,0,0,1,1,0,0,23,16
1.0,0.0,0,0,0,1,0,13,0,0,0,0,0,0,0,0,0,0,0,0,0,0,0,0,1,1,0,0,24,23
1.0,0.0,0,0,0,1,0,25,0,0,0,0,0,0,0,0,0,0,0,0,0,0,0,0,1,1,0,0,25,23
1.0,0.0,0,0,0,3,0,17,0,0,0,0,0,0,0,0,0,0,0,0,0,0,0,0,1,1,0,0,12,25
1.0,0.0,0,0,0,1,0,25,0,0,0,0,0,0,0,0,0,0,0,0,0,0,0,0,1,1,0,0,25,23
1.0,0.0,0,0,0,3,0,17,0,0,0,0,0,0,0,0,0,0,0,0,0,0,0,0,1,1,0,0,12,25
1.0,0.0,0,0,0,1,0,25,0,0,0,0,0,0,0,0,0,0,0,0,0,0,0,0,1,1,0,0,25,23
1.0,0.0,0,0,0,3,0,17,0,0,0,0,0,0,0,0,0,0,0,0,0,0,0,0,1,1,0,0,12,25
1.0,0.0,0,0,0,1,0,17,0,0,0,0,0,0,0,0,0,0,0,0,0,0,0,0,1,1,0,0,26,23
1.0,0.0,0,0,0,1,0,13,0,0,0,0,0,0,0,0,0,0,0,0,0,0,0,0,1,1,0,0,24,23
1.0,0.0,0,0,0,3,0,28,0,0,0,0,0,0,0,0,0,0,0,0,0,0,0,0,1,1,0,0,26,23
1.0,0.0,0,0,0,1,0,19,0,0,0,0,0,0,0,0,0,0,0,0,0,0,0,0,1,1,0,0,27,23
1.0,0.0,0,0,0,1,0,13,0,0,0,0,0,0,0,0,0,0,0,0,0,0,0,0,1,1,0,0,28,23
1.0,0.0,0,0,0,1,0,19,0,0,0,0,0,0,0,0,0,0,0,0,0,0,0,0,1,1,0,0,29,16
1.0,0.0,-1,-1,-1,0,0,4,0,0,0,0,0,0,0,0,0,0,0,0,0,0,0,0,1,1,0,0,7,7
1.0,0.0,-1,-1,-1,0,0,4,0,0,0,0,0,0,0,0,0,0,0,0,0,0,0,0,1,1,0,0,7,7
1.0,0.0,-1,-1,-1,0,0,4,0,0,0,0,0,0,0,0,0,0,0,0,0,0,0,0,1,1,0,0,7,7
1.0,0.0,-1,-1,-1,0,0,4,0,0,0,0,0,0,0,0,0,0,0,0,0,0,0,0,1,1,0,0,7,7
1.0,0.0,-1,-1,-1,0,0,4,0,0,0,0,0,0,0,0,0,0,0,0,0,0,0,0,1,1,0,0,7,7
1.0,0.0,-1,-1,-1,0,0,4,0,0,0,0,0,0,0,0,0,0,0,0,0,0,0,0,1,1,0,0,7,7
1.0,0.0,-1,-1,-1,0,0,4,0,0,0,0,0,0,0,0,0,0,0,0,0,0,0,0,1,1,0,0,7,7
1.0,0.0,-1,-1,-1,0,0,4,0,0,0,0,0,0,0,0,0,0,0,0,0,0,0,0,1,1,0,0,7,7
1.0,0.0,-1,-1,-1,0,0,4,0,0,0,0,0,0,0,0,0,0,0,0,0,0,0,0,1,1,0,0,7,7
1.0,0.0,0,0,0,1,0,20,0,0,0,0,0,0,0,0,0,0,0,0,0,0,0,0,1,1,0,0,22,20
1.0,0.0,-1,-1,-1,0,0,5,0,0,0,0,0,0,0,0,0,0,0,0,0,0,0,0,1,1,0,0,7,7
1.0,0.0,0,0,0,0,0,24,0,0,0,0,0,0,0,0,0,0,0,0,0,0,0,0,1,1,0,0,18,20
1.0,0.0,-1,-1,-1,0,0,5,0,0,0,0,0,0,0,0,0,0,0,0,0,0,0,0,1,1,0,0,7,7
1.0,10.0,0,0,0,0,0,38,0,0,0,0,0,0,0,0,0,0,0,0,0,0,0,0,1,1,0,0,4,84
1.0,0.0,0,0,0,0,0,25,0,0,0,0,0,0,0,0,0,0,0,0,0,0,0,0,1,1,0,0,9,7
1.0,0.0,0,0,0,0,0,28,0,0,0,0,0,0,0,0,0,0,0,0,0,0,0,0,1,1,0,0,30,4
1.0,0.0,0,0,0,0,0,21,0,0,0,0,0,0,0,0,0,0,0,0,0,0,0,0,1,1,0,0,12,4
1.0,0.0,0,0,0,0,0,16,0,0,0,0,0,0,0,0,0,0,0,0,0,0,0,0,1,1,0,0,11,4
1.0,0.0,0,0,0,0,0,20,0,0,0,0,0,0,0,0,0,0,0,0,0,0,0,0,1,1,0,0,1,4
1.0,0.0,0,0,0,0,0,18,0,0,0,0,0,0,0,0,0,0,0,0,0,0,0,0,1,1,0,0,1,4
1.0,0.0,0,0,0,0,0,22,0,0,0,0,0,0,0,0,0,0,0,0,0,0,0,0,1,1,0,0,26,4
1.0,0.0,0,0,0,0,0,16,0,0,0,0,0,0,0,0,0,0,0,0,0,0,0,0,1,1,0,0,31,4
1.0,0.0,0,0,0,0,0,16,0,0,0,0,0,0,0,0,0,0,0,0,0,0,0,0,1,1,0,0,2,4
1.0,0.0,0,12288,0,0,0,16,0,0,0,0,0,0,0,0,0,0,0,0,0,0,0,0,1,1,0,0,4,4
1.0,0.0,990,0,-2,0,0,15,0,0,0,0,0,0,0,0,0,0,0,0,0,0,0,0,1,1,0,0,32,32
1.0,0.0,990,0,-2,0,0,15,0,0,0,0,0,0,0,0,0,0,0,0,0,0,0,0,1,1,0,0,32,32
1.0,0.0,990,0,-2,0,0,14,0,0,0,0,0,0,0,0,0,0,0,0,0,0,0,0,1,1,0,0,32,32
1.0,0.0,0,0,0,0,0,19,0,0,0,0,0,0,0,0,0,0,0,0,0,0,0,0,1,1,0,0,33,32
1.0,0.0,-1,-1,-1,0,0,4,0,0,0,0,0,0,0,0,0,0,0,0,0,0,0,0,1,1,0,0,7,7
1.0,0.0,-1,-1,-1,0,0,8,0,0,0,0,0,0,0,0,0,0,0,0,0,0,0,0,1,1,0,0,7,7
1.0,0.0,-1,-1,-1,0,0,4,0,0,0,0,0,0,0,0,0,0,0,0,0,0,0,0,1,1,0,0,7,7
1.0,0.0,-1,-1,-1,0,0,5,0,0,0,0,0,0,0,0,0,0,0,0,0,0,0,0,1,1,0,0,7,7
1.0,0.0,0,0,0,0,0,24,0,0,0,0,0,0,0,0,0,0,0,0,0,0,0,0,1,1,0,0,18,20
1.0,0.0,-1,-1,-1,0,0,5,0,0,0,0,0,0,0,0,0,0,0,0,0,0,0,0,1,1,0,0,7,7
1.0,0.0,0,-1,1,0,0,9,0,0,0,0,0,0,0,0,0,0,0,0,0,0,0,0,1,1,0,0,19,20
1.0,0.0,-1,-1,-1,0,0,5,0,0,0,0,0,0,0,0,0,0,0,0,0,0,0,0,1,1,0,0,7,7
1.0,0.0,0,0,0,0,0,20,0,0,0,0,0,0,0,0,0,0,0,0,0,0,0,0,1,1,0,0,20,20
1.0,0.0,0,0,0,0,0,28,0,0,0,0,0,0,0,0,0,0,0,0,0,0,0,0,1,1,0,0,21,83
1.0,0.0,0,0,0,1,0,28,0,0,0,0,0,0,0,0,0,0,0,0,0,0,0,0,1,1,0,0,22,20
1.0,0.0,-1,-1,-1,0,0,5,0,0,0,0,0,0,0,0,0,0,0,0,0,0,0,0,1,1,0,0,7,7
1.0,0.0,-1,-1,-1,0,0,4,0,0,0,0,0,0,0,0,0,0,0,0,0,0,0,0,1,1,0,0,7,7
1.0,0.0,0,0,0,0,0,25,0,0,0,0,0,0,0,0,0,0,0,0,0,0,0,0,1,1,0,0,34,33
1.0,0.0,0,0,0,0,0,77,0,0,0,0,0,0,0,0,0,0,0,0,0,0,0,0,1,1,0,0,35,33
1.0,0.0,-1,-1,-1,0,0,4,0,0,0,0,0,0,0,0,0,0,0,0,0,0,0,0,1,1,0,0,7,7
1.0,0.0,-1,-1,-1,0,0,4,0,0,0,0,0,0,0,0,0,0,0,0,0,0,0,0,1,1,0,0,7,7
1.0,0.0,0,0,0,1,0,20,0,0,0,0,0,0,0,0,0,0,0,0,0,0,0,0,1,1,0,0,22,20
1.0,0.0,-1,-1,-1,0,0,5,0,0,0,0,0,0,0,0,0,0,0,0,0,0,0,0,1,1,0,0,7,7
1.0,0.0,0,0,0,0,0,24,0,0,0,0,0,0,0,0,0,0,0,0,0,0,0,0,1,1,0,0,18,20
1.0,0.0,-1,-1,-1,0,0,5,0,0,0,0,0,0,0,0,0,0,0,0,0,0,0,0,1,1,0,0,7,7
1.0,0.0,0,0,0,0,0,38,0,0,0,0,0,0,0,0,0,0,0,0,0,0,0,0,1,1,0,0,4,84
1.0,0.0,0,0,0,0,0,25,0,0,0,0,0,0,0,0,0,0,0,0,0,0,0,0,1,1,0,0,9,7
1.0,0.0,0,0,0,0,0,28,0,0,0,0,0,0,0,0,0,0,0,0,0,0,0,0,1,1,0,0,30,4
1.0,0.0,0,0,0,0,0,21,0,0,0,0,0,0,0,0,0,0,0,0,0,0,0,0,1,1,0,0,12,4
1.0,0.0,0,0,0,0,0,16,0,0,0,0,0,0,0,0,0,0,0,0,0,0,0,0,1,1,0,0,11,4
1.0,0.0,0,0,0,0,0,20,0,0,0,0,0,0,0,0,0,0,0,0,0,0,0,0,1,1,0,0,1,4
1.0,0.0,0,0,0,0,0,18,0,0,0,0,0,0,0,0,0,0,0,0,0,0,0,0,1,1,0,0,1,4
1.0,0.0,0,0,0,0,0,22,0,0,0,0,0,0,0,0,0,0,0,0,0,0,0,0,1,1,0,0,26,4
1.0,0.0,0,0,0,0,0,16,0,0,0,0,0,0,0,0,0,0,0,0,0,0,0,0,1,1,0,0,31,4
1.0,0.0,0,0,0,0,0,16,0,0,0,0,0,0,0,0,0,0,0,0,0,0,0,0,1,1,0,0,2,4
1.0,0.0,0,12288,0,0,0,16,0,0,0,0,0,0,0,0,0,0,0,0,0,0,0,0,1,1,0,0,4,4
1.0,0.0,0,0,0,0,0,16,0,0,0,0,0,0,0,0,0,0,0,0,0,0,0,0,1,1,0,0,1,4
1.0,0.0,0,0,0,0,0,16,0,0,0,0,0,0,0,0,0,0,0,0,0,0,0,0,1,1,0,0,2,4
1.0,0.0,0,12288,0,0,0,16,0,0,0,0,0,0,0,0,0,0,0,0,0,0,0,0,1,1,0,0,4,4
1.0,0.0,0,0,0,0,0,21,0,0,0,0,0,0,0,0,0,0,0,0,0,0,0,0,1,1,0,0,36,85
1.0,0.0,0,0,0,0,0,16,0,0,0,0,0,0,0,0,0,0,0,0,0,0,0,0,1,1,0,0,1,4
1.0,0.0,0,0,0,0,0,16,0,0,0,0,0,0,0,0,0,0,0,0,0,0,0,0,1,1,0,0,1,4
1.0,0.0,0,0,0,0,0,16,0,0,0,0,0,0,0,0,0,0,0,0,0,0,0,0,1,1,0,0,2,4
1.0,0.0,0,0,0,0,0,16,0,0,0,0,0,0,0,0,0,0,0,0,0,0,0,0,1,1,0,0,2,4
1.0,0.0,0,12288,0,0,0,16,0,0,0,0,0,0,0,0,0,0,0,0,0,0,0,0,1,1,0,0,4,4
1.0,0.0,0,12288,0,0,0,16,0,0,0,0,0,0,0,0,0,0,0,0,0,0,0,0,1,1,0,0,4,4
1.0,0.0,0,0,0,0,0,16,0,0,0,0,0,0,0,0,0,0,0,0,0,0,0,0,1,1,0,0,37,86
1.0,0.0,0,0,0,0,0,20,0,0,0,0,0,0,0,0,0,0,0,0,0,0,0,0,1,1,0,0,5,86
1.0,0.0,0,0,0,0,0,18,0,0,0,0,0,0,0,0,0,0,0,0,0,0,0,0,1,1,0,0,38,86
1.0,0.0,0,0,0,0,0,16,0,0,0,0,0,0,0,0,0,0,0,0,0,0,0,0,1,1,0,0,39,86
1.0,0.0,0,0,0,0,0,19,0,0,0,0,0,0,0,0,0,0,0,0,0,0,0,0,1,1,0,0,40,86
1.0,0.0,0,0,0,0,0,19,0,0,0,0,0,0,0,0,0,0,0,0,0,0,0,0,1,1,0,0,40,86
1.0,0.0,0,0,0,0,0,27,0,0,0,0,0,0,0,0,0,0,0,0,0,0,0,0,1,1,0,0,41,86
1.0,0.0,0,0,0,0,0,27,0,0,0,0,0,0,0,0,0,0,0,0,0,0,0,0,1,1,0,0,42,86
1.0,0.0,0,0,0,0,0,27,0,0,0,0,0,0,0,0,0,0,0,0,0,0,0,0,1,1,0,0,43,86
1.0,0.0,0,0,0,0,0,16,0,0,0,0,0,0,0,0,0,0,0,0,0,0,0,0,1,1,0,0,1,4
1.0,0.0,0,0,0,0,0,16,0,0,0,0,0,0,0,0,0,0,0,0,0,0,0,0,1,1,0,0,1,4
1.0,0.0,0,0,0,0,0,16,0,0,0,0,0,0,0,0,0,0,0,0,0,0,0,0,1,1,0,0,2,4
1.0,0.0,0,0,0,0,0,16,0,0,0,0,0,0,0,0,0,0,0,0,0,0,0,0,1,1,0,0,2,4
1.0,0.0,0,12288,0,0,0,16,0,0,0,0,0,0,0,0,0,0,0,0,0,0,0,0,1,1,0,0,4,4
1.0,0.0,0,12288,0,0,0,16,0,0,0,0,0,0,0,0,0,0,0,0,0,0,0,0,1,1,0,0,4,4
1.0,0.0,0,0,0,0,0,16,0,0,0,0,0,0,0,0,0,0,0,0,0,0,0,0,1,1,0,0,1,4
1.0,0.0,0,0,0,0,0,16,0,0,0,0,0,0,0,0,0,0,0,0,0,0,0,0,1,1,0,0,2,4
1.0,0.0,0,0,0,0,0,16,0,0,0,0,0,0,0,0,0,0,0,0,0,0,0,0,1,1,0,0,1,4
1.0,0.0,0,12288,0,0,0,16,0,0,0,0,0,0,0,0,0,0,0,0,0,0,0,0,1,1,0,0,4,4
1.0,0.0,0,0,0,0,0,16,0,0,0,0,0,0,0,0,0,0,0,0,0,0,0,0,1,1,0,0,2,4
1.0,0.0,0,12288,0,0,0,16,0,0,0,0,0,0,0,0,0,0,0,0,0,0,0,0,1,1,0,0,4,4
1.0,10.0,0,0,0,0,0,16,0,0,0,0,0,0,0,0,0,0,0,0,0,0,0,0,1,1,0,0,1,4
1.0,0.0,0,0,0,0,0,16,0,0,0,0,0,0,0,0,0,0,0,0,0,0,0,0,1,1,0,0,1,4
1.0,0.0,0,0,0,0,0,16,0,0,0,0,0,0,0,0,0,0,0,0,0,0,0,0,1,1,0,0,1,4
1.0,0.0,0,0,0,0,0,16,0,0,0,0,0,0,0,0,0,0,0,0,0,0,0,0,1,1,0,0,2,4
1.0,0.0,0,0,0,0,0,16,0,0,0,0,0,0,0,0,0,0,0,0,0,0,0,0,1,1,0,0,3,4
1.0,0.0,0,12288,0,0,0,16,0,0,0,0,0,0,0,0,0,0,0,0,0,0,0,0,1,1,0,0,4,4
1.0,0.0,0,0,0,0,0,16,0,0,0,0,0,0,0,0,0,0,0,0,0,0,0,0,1,1,0,0,1,4
1.0,0.0,0,0,0,0,0,16,0,0,0,0,0,0,0,0,0,0,0,0,0,0,0,0,1,1,0,0,1,4
1.0,0.0,0,0,0,0,0,16,0,0,0,0,0,0,0,0,0,0,0,0,0,0,0,0,1,1,0,0,3,4
1.0,0.0,0,0,0,0,0,21,0,0,0,0,0,0,0,0,0,0,0,0,0,0,0,0,1,1,0,0,36,85
1.0,10.0,0,0,0,1,0,32,0,0,0,0,0,0,0,0,0,0,0,0,0,0,0,0,1,1,0,0,5,8
1.0,0.0,0,0,0,1,0,32,0,0,0,0,0,0,0,0,0,0,0,0,0,0,0,0,1,1,0,0,5,8
1.0,0.0,0,0,0,1,0,33,0,0,0,0,0,0,0,0,0,0,0,0,0,0,0,0,1,1,0,0,44,8
1.0,0.0,0,0,0,1,0,33,0,0,0,0,0,0,0,0,0,0,0,0,0,0,0,0,1,1,0,0,44,8
1.0,0.0,0,0,0,1,0,27,0,0,0,0,0,0,0,0,0,0,0,0,0,0,0,0,1,1,0,0,45,44
1.0,0.0,0,0,0,1,0,27,0,0,0,0,0,0,0,0,0,0,0,0,0,0,0,0,1,1,0,0,45,44
1.0,0.0,-1,-1,-1,0,0,4,0,0,0,0,0,0,0,0,0,0,0,0,0,0,0,0,1,1,0,0,7,7
1.0,0.0,-1,-1,-1,0,0,4,0,0,0,0,0,0,0,0,0,0,0,0,0,0,0,0,1,1,0,0,7,7
1.0,0.0,-1,-1,-1,0,0,4,0,0,0,0,0,0,0,0,0,0,0,0,0,0,0,0,1,1,0,0,7,7
1.0,0.0,-1,-1,-1,0,0,4,0,0,0,0,0,0,0,0,0,0,0,0,0,0,0,0,1,1,0,0,7,7
1.0,0.0,12031,0,0,1,0,20,0,0,0,0,0,0,0,0,0,0,0,0,0,0,0,0,1,1,0,0,23,45
1.0,0.0,12031,0,0,1,0,20,0,0,0,0,0,0,0,0,0,0,0,0,0,0,0,0,1,1,0,0,23,45
1.0,0.0,12031,0,0,1,0,26,0,0,0,0,0,0,0,0,0,0,0,0,0,0,0,0,1,1,0,0,46,45
1.0,0.0,12031,0,0,1,0,26,0,0,0,0,0,0,0,0,0,0,0,0,0,0,0,0,1,1,0,0,47,45
1.0,0.0,0,0,0,4,0,41,0,0,0,0,0,0,0,0,0,0,0,0,0,0,0,0,1,1,0,0,5,8
1.0,0.0,0,0,0,1,0,32,0,0,0,0,0,0,0,0,0,0,0,0,0,0,0,0,1,1,0,0,5,8
1.0,0.0,12031,0,0,1,0,13,0,0,0,0,0,0,0,0,0,0,0,0,0,0,0,0,1,1,0,0,1,47
1.0,0.0,0,0,0,4,0,42,0,0,0,0,0,0,0,0,0,0,0,0,0,0,0,0,1,1,0,0,44,8
1.0,0.0,0,0,0,1,0,33,0,0,0,0,0,0,0,0,0,0,0,0,0,0,0,0,1,1,0,0,44,8
1.0,0.0,0,0,0,5,0,39,0,0,0,0,0,0,0,0,0,0,0,0,0,0,0,0,1,1,0,0,45,44
1.0,0.0,12031,0,0,1,0,13,0,0,0,0,0,0,0,0,0,0,0,0,0,0,0,0,1,1,0,0,48,46
1.0,0.0,0,0,0,1,0,27,0,0,0,0,0,0,0,0,0,0,0,0,0,0,0,0,1,1,0,0,45,44
1.0,0.0,12031,0,0,1,0,13,0,0,0,0,0,0,0,0,0,0,0,0,0,0,0,0,1,1,0,0,12,46
1.0,0.0,12031,0,0,1,0,13,0,0,0,0,0,0,0,0,0,0,0,0,0,0,0,0,1,1,0,0,11,46
1.0,0.0,12031,0,0,1,0,13,0,0,0,0,0,0,0,0,0,0,0,0,0,0,0,0,1,1,0,0,39,47
1.0,0.0,12031,0,0,1,0,13,0,0,0,0,0,0,0,0,0,0,0,0,0,0,0,0,1,1,0,0,12,47
1.0,0.0,12031,0,0,1,0,13,0,0,0,0,0,0,0,0,0,0,0,0,0,0,0,0,1,1,0,0,49,46
1.0,0.0,-1,-1,-1,0,0,4,0,0,0,0,0,0,0,0,0,0,0,0,0,0,0,0,1,1,0,0,7,7
1.0,0.0,-1,-1,-1,0,0,4,0,0,0,0,0,0,0,0,0,0,0,0,0,0,0,0,1,1,0,0,7,7
1.0,0.0,-1,-1,-1,0,0,4,0,0,0,0,0,0,0,0,0,0,0,0,0,0,0,0,1,1,0,0,7,7
1.0,0.0,-1,-1,-1,0,0,4,0,0,0,0,0,0,0,0,0,0,0,0,0,0,0,0,1,1,0,0,7,7
1.0,0.0,12031,0,0,1,0,20,0,0,0,0,0,0,0,0,0,0,0,0,0,0,0,0,1,1,0,0,23,45
1.0,0.0,0,0,0,5,0,32,0,0,0,0,0,0,0,0,0,0,0,0,0,0,0,0,1,1,0,0,23,45
1.0,0.0,12031,0,0,1,0,26,0,0,0,0,0,0,0,0,0,0,0,0,0,0,0,0,1,1,0,0,50,45
1.0,0.0,0,0,0,5,0,40,0,0,0,0,0,0,0,0,0,0,0,0,0,0,0,0,1,1,0,0,51,45
1.0,0.0,0,0,0,1,0,47,0,0,0,0,0,0,0,0,0,0,0,0,0,0,0,0,1,1,0,0,5,8
1.0,0.0,12031,0,0,1,0,13,0,0,0,0,0,0,0,0,0,0,0,0,0,0,0,0,1,1,0,0,48,50
1.0,0.0,12031,0,0,1,0,21,0,0,0,0,0,0,0,0,0,0,0,0,0,0,0,0,1,1,0,0,11,50
1.0,0.0,0,0,0,1,0,48,0,0,0,0,0,0,0,0,0,0,0,0,0,0,0,0,1,1,0,0,44,8
1.0,0.0,0,0,0,1,0,45,0,0,0,0,0,0,0,0,0,0,0,0,0,0,0,0,1,1,0,0,45,44
1.0,0.0,-1,-1,-1,0,0,4,0,0,0,0,0,0,0,0,0,0,0,0,0,0,0,0,1,1,0,0,7,7
1.0,0.0,-1,-1,-1,0,0,4,0,0,0,0,0,0,0,0,0,0,0,0,0,0,0,0,1,1,0,0,7,7
1.0,0.0,0,0,0,1,0,38,0,0,0,0,0,0,0,0,0,0,0,0,0,0,0,0,1,1,0,0,23,45
1.0,0.0,0,0,0,1,0,46,0,0,0,0,0,0,0,0,0,0,0,0,0,0,0,0,1,1,0,0,51,45
1.0,0.0,0,0,0,1,0,38,0,0,0,0,0,0,0,0,0,0,0,0,0,0,0,0,1,1,0,0,5,8
1.0,0.0,0,0,0,1,0,39,0,0,0,0,0,0,0,0,0,0,0,0,0,0,0,0,1,1,0,0,44,8
1.0,0.0,0,0,0,1,0,33,0,0,0,0,0,0,0,0,0,0,0,0,0,0,0,0,1,1,0,0,45,44
1.0,0.0,-1,-1,-1,0,0,4,0,0,0,0,0,0,0,0,0,0,0,0,0,0,0,0,1,1,0,0,7,7
1.0,0.0,-1,-1,-1,0,0,4,0,0,0,0,0,0,0,0,0,0,0,0,0,0,0,0,1,1,0,0,7,7
1.0,0.0,12031,0,0,1,0,13,0,0,0,0,0,0,0,0,0,0,0,0,0,0,0,0,1,1,0,0,48,50
1.0,0.0,12031,0,0,1,0,21,0,0,0,0,0,0,0,0,0,0,0,0,0,0,0,0,1,1,0,0,11,50
1.0,0.0,0,0,0,1,0,26,0,0,0,0,0,0,0,0,0,0,0,0,0,0,0,0,1,1,0,0,23,45
1.0,0.0,0,0,0,1,0,34,0,0,0,0,0,0,0,0,0,0,0,0,0,0,0,0,1,1,0,0,51,45
1.0,0.0,0,0,0,1,0,32,0,0,0,0,0,0,0,0,0,0,0,0,0,0,0,0,1,1,0,0,5,8
1.0,0.0,0,0,0,1,0,33,0,0,0,0,0,0,0,0,0,0,0,0,0,0,0,0,1,1,0,0,44,8
1.0,0.0,0,0,0,1,0,27,0,0,0,0,0,0,0,0,0,0,0,0,0,0,0,0,1,1,0,0,45,44
1.0,0.0,-1,-1,-1,0,0,4,0,0,0,0,0,0,0,0,0,0,0,0,0,0,0,0,1,1,0,0,7,7
1.0,0.0,-1,-1,-1,0,0,4,0,0,0,0,0,0,0,0,0,0,0,0,0,0,0,0,1,1,0,0,7,7
1.0,0.0,0,0,0,1,0,20,0,0,0,0,0,0,0,0,0,0,0,0,0,0,0,0,1,1,0,0,23,45
1.0,0.0,0,0,0,1,0,26,0,0,0,0,0,0,0,0,0,0,0,0,0,0,0,0,1,1,0,0,52,45
1.0,0.0,0,0,0,1,0,32,0,0,0,0,0,0,0,0,0,0,0,0,0,0,0,0,1,1,0,0,5,8
1.0,0.0,0,0,0,1,0,13,0,0,0,0,0,0,0,0,0,0,0,0,0,0,0,0,1,1,0,0,53,52
1.0,0.0,0,0,0,1,0,13,0,0,0,0,0,0,0,0,0,0,0,0,0,0,0,0,1,1,0,0,12,52
1.0,0.0,0,0,0,1,0,13,0,0,0,0,0,0,0,0,0,0,0,0,0,0,0,0,1,1,0,0,54,52
1.0,0.0,0,0,0,1,0,33,0,0,0,0,0,0,0,0,0,0,0,0,0,0,0,0,1,1,0,0,44,8
1.0,0.0,0,0,0,1,0,27,0,0,0,0,0,0,0,0,0,0,0,0,0,0,0,0,1,1,0,0,45,44
1.0,0.0,-1,-1,-1,0,0,4,0,0,0,0,0,0,0,0,0,0,0,0,0,0,0,0,1,1,0,0,7,7
1.0,0.0,12031,0,0,1,0,13,0,0,0,0,0,0,0,0,0,0,0,0,0,0,0,0,1,1,0,0,12,50
1.0,0.0,-1,-1,-1,0,0,4,0,0,0,0,0,0,0,0,0,0,0,0,0,0,0,0,1,1,0,0,7,7
1.0,0.0,-1,-1,-1,0,0,4,0,0,0,0,0,0,0,0,0,0,0,0,0,0,0,0,1,1,0,0,7,7
1.0,0.0,-1,-1,-1,0,0,4,0,0,0,0,0,0,0,0,0,0,0,0,0,0,0,0,1,1,0,0,7,7
1.0,0.0,0,0,0,1,0,20,0,0,0,0,0,0,0,0,0,0,0,0,0,0,0,0,1,1,0,0,23,45
1.0,0.0,0,0,0,1,0,26,0,0,0,0,0,0,0,0,0,0,0,0,0,0,0,0,1,1,0,0,55,45
1.0,0.0,0,0,0,1,0,32,0,0,0,0,0,0,0,0,0,0,0,0,0,0,0,0,1,1,0,0,5,8
1.0,0.0,0,0,0,1,0,35,0,0,0,0,0,0,0,0,0,0,0,0,0,0,0,0,1,1,0,0,56,55
1.0,0.0,0,0,0,1,0,33,0,0,0,0,0,0,0,0,0,0,0,0,0,0,0,0,1,1,0,0,44,8
1.0,0.0,0,0,0,1,0,27,0,0,0,0,0,0,0,0,0,0,0,0,0,0,0,0,1,1,0,0,45,44
1.0,0.0,-1,-1,-1,0,0,4,0,0,0,0,0,0,0,0,0,0,0,0,0,0,0,0,1,1,0,0,7,7
1.0,0.0,-1,-1,-1,0,0,4,0,0,0,0,0,0,0,0,0,0,0,0,0,0,0,0,1,1,0,0,7,7
1.0,0.0,-1,-1,-1,0,0,4,0,0,0,0,0,0,0,0,0,0,0,0,0,0,0,0,1,1,0,0,7,7
1.0,0.0,-1,-1,-1,0,0,4,0,0,0,0,0,0,0,0,0,0,0,0,0,0,0,0,1,1,0,0,7,7
1.0,0.0,12031,0,0,1,0,20,0,0,0,0,0,0,0,0,0,0,0,0,0,0,0,0,1,1,0,0,23,45
1.0,0.0,12031,0,0,1,0,26,0,0,0,0,0,0,0,0,0,0,0,0,0,0,0,0,1,1,0,0,57,45
1.0,0.0,12031,0,0,1,0,13,0,0,0,0,0,0,0,0,0,0,0,0,0,0,0,0,1,1,0,0,58,57
1.0,0.0,0,0,0,1,0,32,0,0,0,0,0,0,0,0,0,0,0,0,0,0,0,0,1,1,0,0,5,8
1.0,0.0,12031,0,0,1,0,13,0,0,0,0,0,0,0,0,0,0,0,0,0,0,0,0,1,1,0,0,54,57
1.0,0.0,0,0,0,1,0,33,0,0,0,0,0,0,0,0,0,0,0,0,0,0,0,0,1,1,0,0,44,8
1.0,0.0,0,0,0,1,0,27,0,0,0,0,0,0,0,0,0,0,0,0,0,0,0,0,1,1,0,0,45,44
1.0,0.0,0,0,0,1,0,32,0,0,0,0,0,0,0,0,0,0,0,0,0,0,0,0,1,1,0,0,5,8
1.0,0.0,0,0,0,1,0,33,0,0,0,0,0,0,0,0,0,0,0,0,0,0,0,0,1,1,0,0,44,8
1.0,0.0,-1,-1,-1,0,0,4,0,0,0,0,0,0,0,0,0,0,0,0,0,0,0,0,1,1,0,0,7,7
1.0,0.0,0,0,0,1,0,27,0,0,0,0,0,0,0,0,0,0,0,0,0,0,0,0,1,1,0,0,45,44
1.0,0.0,0,0,0,1,0,19,0,0,0,0,0,0,0,0,0,0,0,0,0,0,0,0,1,1,0,0,59,51
1.0,0.0,-1,-1,-1,0,0,4,0,0,0,0,0,0,0,0,0,0,0,0,0,0,0,0,1,1,0,0,7,7
1.0,0.0,-1,-1,-1,0,0,4,0,0,0,0,0,0,0,0,0,0,0,0,0,0,0,0,1,1,0,0,7,7
1.0,0.0,0,0,0,1,0,20,0,0,0,0,0,0,0,0,0,0,0,0,0,0,0,0,1,1,0,0,23,45
1.0,0.0,-1,-1,-1,0,0,4,0,0,0,0,0,0,0,0,0,0,0,0,0,0,0,0,1,1,0,0,7,7
1.0,0.0,12031,0,0,1,0,20,0,0,0,0,0,0,0,0,0,0,0,0,0,0,0,0,1,1,0,0,23,45
1.0,0.0,0,0,0,1,0,26,0,0,0,0,0,0,0,0,0,0,0,0,0,0,0,0,1,1,0,0,60,45
1.0,0.0,-1,-1,-1,0,0,4,0,0,0,0,0,0,0,0,0,0,0,0,0,0,0,0,1,1,0,0,7,7
1.0,0.0,-1,-1,-1,0,0,4,0,0,0,0,0,0,0,0,0,0,0,0,0,0,0,0,1,1,0,0,7,7
1.0,0.0,12031,0,0,1,0,26,0,0,0,0,0,0,0,0,0,0,0,0,0,0,0,0,1,1,0,0,61,45
1.0,0.0,0,0,0,1,0,13,0,0,0,0,0,0,0,0,0,0,0,0,0,0,0,0,1,1,0,0,22,60
1.0,0.0,12031,0,0,1,0,19,0,0,0,0,0,0,0,0,0,0,0,0,0,0,0,0,1,1,0,0,62,61
1.0,0.0,12031,0,0,1,0,13,0,0,0,0,0,0,0,0,0,0,0,0,0,0,0,0,1,1,0,0,12,61
1.0,0.0,12031,0,0,1,0,13,0,0,0,0,0,0,0,0,0,0,0,0,0,0,0,0,1,1,0,0,11,61
1.0,0.0,12031,0,0,1,0,13,0,0,0,0,0,0,0,0,0,0,0,0,0,0,0,0,1,1,0,0,49,61
1.0,0.0,0,0,0,1,0,32,0,0,0,0,0,0,0,0,0,0,0,0,0,0,0,0,1,1,0,0,5,8
1.0,0.0,0,0,0,1,0,19,0,0,0,0,0,0,0,0,0,0,0,0,0,0,0,0,1,1,0,0,59,51
1.0,0.0,0,0,0,1,0,33,0,0,0,0,0,0,0,0,0,0,0,0,0,0,0,0,1,1,0,0,44,8
1.0,0.0,0,0,0,1,0,27,0,0,0,0,0,0,0,0,0,0,0,0,0,0,0,0,1,1,0,0,45,44
1.0,0.0,0,0,0,1,0,13,0,0,0,0,0,0,0,0,0,0,0,0,0,0,0,0,1,1,0,0,22,60
1.0,0.0,0,0,0,1,0,13,0,0,0,0,0,0,0,0,0,0,0,0,0,0,0,0,1,1,0,0,12,60
1.0,0.0,0,0,0,1,0,13,0,0,0,0,0,0,0,0,0,0,0,0,0,0,0,0,1,1,0,0,12,60
1.0,0.0,-1,-1,-1,0,0,4,0,0,0,0,0,0,0,0,0,0,0,0,0,0,0,0,1,1,0,0,7,7
1.0,0.0,-1,-1,-1,0,0,4,0,0,0,0,0,0,0,0,0,0,0,0,0,0,0,0,1,1,0,0,7,7
1.0,0.0,0,0,0,1,0,20,0,0,0,0,0,0,0,0,0,0,0,0,0,0,0,0,1,1,0,0,23,45
1.0,0.0,0,0,0,1,0,28,0,0,0,0,0,0,0,0,0,0,0,0,0,0,0,0,1,1,0,0,63,45
1.0,0.0,0,0,0,1,0,32,0,0,0,0,0,0,0,0,0,0,0,0,0,0,0,0,1,1,0,0,5,8
1.0,0.0,0,0,0,1,0,19,0,0,0,0,0,0,0,0,0,0,0,0,0,0,0,0,1,1,0,0,59,51
1.0,0.0,0,0,0,1,0,33,0,0,0,0,0,0,0,0,0,0,0,0,0,0,0,0,1,1,0,0,44,8
1.0,0.0,0,0,0,1,0,27,0,0,0,0,0,0,0,0,0,0,0,0,0,0,0,0,1,1,0,0,45,44
1.0,0.0,-1,-1,-1,0,0,4,0,0,0,0,0,0,0,0,0,0,0,0,0,0,0,0,1,1,0,0,7,7
1.0,0.0,-1,-1,-1,0,0,4,0,0,0,0,0,0,0,0,0,0,0,0,0,0,0,0,1,1,0,0,7,7
1.0,0.0,12031,0,0,1,0,20,0,0,0,0,0,0,0,0,0,0,0,0,0,0,0,0,1,1,0,0,23,45
1.0,0.0,12031,0,0,1,0,26,0,0,0,0,0,0,0,0,0,0,0,0,0,0,0,0,1,1,0,0,64,45
1.0,0.0,0,0,0,1,0,32,0,0,0,0,0,0,0,0,0,0,0,0,0,0,0,0,1,1,0,0,5,8
1.0,0.0,12031,0,0,1,0,17,0,0,0,0,0,0,0,0,0,0,0,0,0,0,0,0,1,1,0,0,65,64
1.0,0.0,12031,0,0,1,0,13,0,0,0,0,0,0,0,0,0,0,0,0,0,0,0,0,1,1,0,0,12,64
1.0,0.0,12031,0,0,1,0,13,0,0,0,0,0,0,0,0,0,0,0,0,0,0,0,0,1,1,0,0,11,64
1.0,0.0,0,0,0,1,0,33,0,0,0,0,0,0,0,0,0,0,0,0,0,0,0,0,1,1,0,0,44,8
1.0,0.0,0,0,0,1,0,27,0,0,0,0,0,0,0,0,0,0,0,0,0,0,0,0,1,1,0,0,45,44
1.0,0.0,-1,-1,-1,0,0,4,0,0,0,0,0,0,0,0,0,0,0,0,0,0,0,0,1,1,0,0,7,7
1.0,0.0,-1,-1,-1,0,0,4,0,0,0,0,0,0,0,0,0,0,0,0,0,0,0,0,1,1,0,0,7,7
1.0,0.0,-1,-1,-1,0,0,4,0,0,0,0,0,0,0,0,0,0,0,0,0,0,0,0,1,1,0,0,7,7
1.0,0.0,12031,0,0,1,0,13,0,0,0,0,0,0,0,0,0,0,0,0,0,0,0,0,1,1,0,0,66,49
1.0,0.0,-1,-1,-1,0,0,4,0,0,0,0,0,0,0,0,0,0,0,0,0,0,0,0,1,1,0,0,7,7
1.0,0.0,-1,-1,-1,0,0,4,0,0,0,0,0,0,0,0,0,0,0,0,0,0,0,0,1,1,0,0,7,7
1.0,0.0,-1,-1,-1,0,0,4,0,0,0,0,0,0,0,0,0,0,0,0,0,0,0,0,1,1,0,0,7,7
1.0,0.0,0,0,0,1,0,20,0,0,0,0,0,0,0,0,0,0,0,0,0,0,0,0,1,1,0,0,23,45
1.0,0.0,0,0,0,5,0,23,0,0,0,0,0,0,0,0,0,0,0,0,0,0,0,0,1,1,0,0,67,56
1.0,0.0,0,0,0,1,0,26,0,0,0,0,0,0,0,0,0,0,0,0,0,0,0,0,1,1,0,0,68,45
1.0,0.0,0,0,0,1,0,32,0,0,0,0,0,0,0,0,0,0,0,0,0,0,0,0,1,1,0,0,5,8
1.0,0.0,0,0,0,1,0,13,0,0,0,0,0,0,0,0,0,0,0,0,0,0,0,0,1,1,0,0,39,68
1.0,0.0,0,0,0,1,0,13,0,0,0,0,0,0,0,0,0,0,0,0,0,0,0,0,1,1,0,0,12,68
1.0,0.0,0,0,0,1,0,13,0,0,0,0,0,0,0,0,0,0,0,0,0,0,0,0,1,1,0,0,35,68
1.0,0.0,0,0,0,3,0,26,0,0,0,0,0,0,0,0,0,0,0,0,0,0,0,0,1,1,0,0,5,51
1.0,0.0,0,0,0,1,0,33,0,0,0,0,0,0,0,0,0,0,0,0,0,0,0,0,1,1,0,0,44,8
1.0,0.0,0,0,0,3,0,22,0,0,0,0,0,0,0,0,0,0,0,0,0,0,0,0,1,1,0,0,23,5
1.0,0.0,0,0,0,1,0,27,0,0,0,0,0,0,0,0,0,0,0,0,0,0,0,0,1,1,0,0,45,44
1.0,0.0,0,0,0,1,0,18,0,0,0,0,0,0,0,0,0,0,0,0,0,0,0,0,1,1,0,0,5,63
1.0,0.0,0,0,0,3,0,18,0,0,0,0,0,0,0,0,0,0,0,0,0,0,0,0,1,1,0,0,69,5
1.0,0.0,0,0,0,1,0,25,0,0,0,0,0,0,0,0,0,0,0,0,0,0,0,0,1,1,0,0,70,5
1.0,0.0,0,0,0,1,0,13,0,0,0,0,0,0,0,0,0,0,0,0,0,0,0,0,1,1,0,0,12,5
1.0,0.0,0,0,0,5,0,23,0,0,0,0,0,0,0,0,0,0,0,0,0,0,0,0,1,1,0,0,67,56
1.0,0.0,0,0,0,1,0,28,0,0,0,0,0,0,0,0,0,0,0,0,0,0,0,0,1,1,0,0,5,51
1.0,0.0,0,0,0,1,0,19,0,0,0,0,0,0,0,0,0,0,0,0,0,0,0,0,1,1,0,0,59,51
1.0,0.0,0,0,0,1,0,19,0,0,0,0,0,0,0,0,0,0,0,0,0,0,0,0,1,1,0,0,26,70
1.0,0.0,0,0,0,1,0,24,0,0,0,0,0,0,0,0,0,0,0,0,0,0,0,0,1,1,0,0,23,5
1.0,0.0,-1,-1,-1,0,0,4,0,0,0,0,0,0,0,0,0,0,0,0,0,0,0,0,1,1,0,0,7,7
1.0,0.0,-1,-1,-1,0,0,4,0,0,0,0,0,0,0,0,0,0,0,0,0,0,0,0,1,1,0,0,7,7
1.0,0.0,-1,-1,-1,0,0,4,0,0,0,0,0,0,0,0,0,0,0,0,0,0,0,0,1,1,0,0,7,7
1.0,0.0,0,0,0,1,0,20,0,0,0,0,0,0,0,0,0,0,0,0,0,0,0,0,1,1,0,0,69,5
1.0,0.0,0,0,0,1,0,19,0,0,0,0,0,0,0,0,0,0,0,0,0,0,0,0,1,1,0,0,26,70
1.0,0.0,-1,-1,-1,0,0,4,0,0,0,0,0,0,0,0,0,0,0,0,0,0,0,0,1,1,0,0,7,7
1.0,0.0,12031,0,0,1,0,20,0,0,0,0,0,0,0,0,0,0,0,0,0,0,0,0,1,1,0,0,23,45
1.0,0.0,0,0,0,5,0,23,0,0,0,0,0,0,0,0,0,0,0,0,0,0,0,0,1,1,0,0,67,56
1.0,0.0,12031,0,-8,1,0,16,0,0,0,0,0,0,0,0,0,0,0,0,0,0,0,0,1,1,0,0,23,45
1.0,0.0,12031,0,0,5,0,27,0,0,0,0,0,0,0,0,0,0,0,0,0,0,0,0,1,1,0,0,71,23
1.0,0.0,0,0,0,1,0,29,0,0,0,0,0,0,0,0,0,0,0,0,0,0,0,0,1,1,0,0,65,70
1.0,0.0,0,0,0,1,0,27,0,0,0,0,0,0,0,0,0,0,0,0,0,0,0,0,1,1,0,0,65,70
1.0,0.0,0,0,0,1,0,27,0,0,0,0,0,0,0,0,0,0,0,0,0,0,0,0,1,1,0,0,65,70
1.0,0.0,0,0,0,1,0,28,0,0,0,0,0,0,0,0,0,0,0,0,0,0,0,0,1,1,0,0,5,51
1.0,0.0,0,0,0,1,0,27,0,0,0,0,0,0,0,0,0,0,0,0,0,0,0,0,1,1,0,0,65,70
1.0,0.0,0,0,0,1,0,24,0,0,0,0,0,0,0,0,0,0,0,0,0,0,0,0,1,1,0,0,23,5
1.0,0.0,0,0,0,1,0,20,0,0,0,0,0,0,0,0,0,0,0,0,0,0,0,0,1,1,0,0,69,5
1.0,0.0,0,0,0,1,0,27,0,0,0,0,0,0,0,0,0,0,0,0,0,0,0,0,1,1,0,0,65,70
1.0,0.0,0,0,0,1,0,19,0,0,0,0,0,0,0,0,0,0,0,0,0,0,0,0,1,1,0,0,59,51
1.0,0.0,0,0,0,1,0,27,0,0,0,0,0,0,0,0,0,0,0,0,0,0,0,0,1,1,0,0,65,70
1.0,0.0,0,0,0,1,0,19,0,0,0,0,0,0,0,0,0,0,0,0,0,0,0,0,1,1,0,0,59,51
1.0,0.0,0,0,0,1,0,27,0,0,0,0,0,0,0,0,0,0,0,0,0,0,0,0,1,1,0,0,65,70
1.0,0.0,0,0,0,1,0,18,0,0,0,0,0,0,0,0,0,0,0,0,0,0,0,0,1,1,0,0,5,63
1.0,0.0,0,0,0,1,0,25,0,0,0,0,0,0,0,0,0,0,0,0,0,0,0,0,1,1,0,0,70,5
1.0,0.0,0,0,0,1,0,13,0,0,0,0,0,0,0,0,0,0,0,0,0,0,0,0,1,1,0,0,12,5
1.0,0.0,0,0,0,1,0,13,0,0,0,0,0,0,0,0,0,0,0,0,0,0,0,0,1,1,0,0,12,5
1.0,0.0,0,0,0,1,0,19,0,0,0,0,0,0,0,0,0,0,0,0,0,0,0,0,1,1,0,0,26,70
1.0,0.0,0,0,0,1,0,19,0,0,0,0,0,0,0,0,0,0,0,0,0,0,0,0,1,1,0,0,26,70
1.0,0.0,0,0,0,1,0,29,0,0,0,0,0,0,0,0,0,0,0,0,0,0,0,0,1,1,0,0,65,70
1.0,0.0,0,0,0,1,0,27,0,0,0,0,0,0,0,0,0,0,0,0,0,0,0,0,1,1,0,0,65,70
1.0,0.0,0,0,0,1,0,24,0,0,0,0,0,0,0,0,0,0,0,0,0,0,0,0,1,1,0,0,65,7
1.0,0.0,0,0,0,1,0,27,0,0,0,0,0,0,0,0,0,0,0,0,0,0,0,0,1,1,0,0,65,70
1.0,0.0,0,0,0,1,0,27,0,0,0,0,0,0,0,0,0,0,0,0,0,0,0,0,1,1,0,0,65,70
1.0,0.0,-1,-1,-1,0,0,4,0,0,0,0,0,0,0,0,0,0,0,0,0,0,0,0,1,1,0,0,7,7
1.0,0.0,-1,-1,-1,0,0,4,0,0,0,0,0,0,0,0,0,0,0,0,0,0,0,0,1,1,0,0,7,7
1.0,0.0,0,0,0,1,0,27,0,0,0,0,0,0,0,0,0,0,0,0,0,0,0,0,1,1,0,0,65,70
1.0,0.0,0,0,0,1,0,27,0,0,0,0,0,0,0,0,0,0,0,0,0,0,0,0,1,1,0,0,65,70
1.0,0.0,0,0,0,1,0,18,0,0,0,0,0,0,0,0,0,0,0,0,0,0,0,0,1,1,0,0,5,63
1.0,0.0,0,0,0,3,0,26,0,0,0,0,0,0,0,0,0,0,0,0,0,0,0,0,1,1,0,0,5,51
1.0,0.0,0,0,0,1,0,25,0,0,0,0,0,0,0,0,0,0,0,0,0,0,0,0,1,1,0,0,70,5
1.0,0.0,0,0,0,1,0,13,0,0,0,0,0,0,0,0,0,0,0,0,0,0,0,0,1,1,0,0,12,5
1.0,0.0,0,0,0,1,0,13,0,0,0,0,0,0,0,0,0,0,0,0,0,0,0,0,1,1,0,0,12,5
1.0,0.0,0,0,0,3,0,22,0,0,0,0,0,0,0,0,0,0,0,0,0,0,0,0,1,1,0,0,23,5
1.0,0.0,0,0,0,1,0,19,0,0,0,0,0,0,0,0,0,0,0,0,0,0,0,0,1,1,0,0,26,70
1.0,0.0,0,0,0,3,0,18,0,0,0,0,0,0,0,0,0,0,0,0,0,0,0,0,1,1,0,0,69,5
1.0,0.0,0,0,0,1,0,19,0,0,0,0,0,0,0,0,0,0,0,0,0,0,0,0,1,1,0,0,26,70
1.0,0.0,0,0,0,1,0,19,0,0,0,0,0,0,0,0,0,0,0,0,0,0,0,0,1,1,0,0,59,51
1.0,0.0,0,0,0,1,0,29,0,0,0,0,0,0,0,0,0,0,0,0,0,0,0,0,1,1,0,0,65,70
1.0,0.0,0,0,0,1,0,27,0,0,0,0,0,0,0,0,0,0,0,0,0,0,0,0,1,1,0,0,65,70
1.0,0.0,0,0,0,1,0,27,0,0,0,0,0,0,0,0,0,0,0,0,0,0,0,0,1,1,0,0,65,70
1.0,0.0,-1,-1,-1,0,0,4,0,0,0,0,0,0,0,0,0,0,0,0,0,0,0,0,1,1,0,0,7,7
1.0,0.0,-1,-1,-1,0,0,4,0,0,0,0,0,0,0,0,0,0,0,0,0,0,0,0,1,1,0,0,7,7
1.0,0.0,0,0,0,1,0,27,0,0,0,0,0,0,0,0,0,0,0,0,0,0,0,0,1,1,0,0,65,70
1.0,0.0,0,0,0,1,0,26,0,0,0,0,0,0,0,0,0,0,0,0,0,0,0,0,1,1,0,0,5,51
1.0,0.0,0,0,0,1,0,27,0,0,0,0,0,0,0,0,0,0,0,0,0,0,0,0,1,1,0,0,65,70
1.0,0.0,0,0,0,1,0,22,0,0,0,0,0,0,0,0,0,0,0,0,0,0,0,0,1,1,0,0,23,5
1.0,0.0,0,0,0,1,0,27,0,0,0,0,0,0,0,0,0,0,0,0,0,0,0,0,1,1,0,0,65,70
1.0,0.0,0,0,0,1,0,18,0,0,0,0,0,0,0,0,0,0,0,0,0,0,0,0,1,1,0,0,69,5
1.0,0.0,0,0,0,1,0,27,0,0,0,0,0,0,0,0,0,0,0,0,0,0,0,0,1,1,0,0,65,70
1.0,0.0,-1,-1,-1,0,0,4,0,0,0,0,0,0,0,0,0,0,0,0,0,0,0,0,1,1,0,0,7,7
1.0,0.0,-1,-1,-1,0,0,4,0,0,0,0,0,0,0,0,0,0,0,0,0,0,0,0,1,1,0,0,7,7
1.0,0.0,0,0,0,1,0,16,0,0,0,0,0,0,0,0,0,0,0,0,0,0,0,0,1,1,0,0,5,63
1.0,0.0,-1,-1,-1,0,0,4,0,0,0,0,0,0,0,0,0,0,0,0,0,0,0,0,1,1,0,0,7,7
1.0,0.0,-1,-1,-1,0,0,4,0,0,0,0,0,0,0,0,0,0,0,0,0,0,0,0,1,1,0,0,7,7
1.0,0.0,0,0,0,1,0,16,0,0,0,0,0,0,0,0,0,0,0,0,0,0,0,0,1,1,0,0,72,5
1.0,0.0,0,0,0,1,0,13,0,0,0,0,0,0,0,0,0,0,0,0,0,0,0,0,1,1,0,0,12,5
1.0,0.0,0,0,0,1,0,13,0,0,0,0,0,0,0,0,0,0,0,0,0,0,0,0,1,1,0,0,11,5
1.0,0.0,0,0,0,1,0,13,0,0,0,0,0,0,0,0,0,0,0,0,0,0,0,0,1,1,0,0,12,5
1.0,0.0,0,0,0,1,0,28,0,0,0,0,0,0,0,0,0,0,0,0,0,0,0,0,1,1,0,0,5,51
1.0,0.0,0,0,0,1,0,24,0,0,0,0,0,0,0,0,0,0,0,0,0,0,0,0,1,1,0,0,23,5
1.0,0.0,0,0,0,1,0,20,0,0,0,0,0,0,0,0,0,0,0,0,0,0,0,0,1,1,0,0,69,5
1.0,0.0,-1,-1,-1,0,0,4,0,0,0,0,0,0,0,0,0,0,0,0,0,0,0,0,1,1,0,0,7,7
1.0,0.0,-1,-1,-1,0,0,4,0,0,0,0,0,0,0,0,0,0,0,0,0,0,0,0,1,1,0,0,7,7
1.0,0.0,0,0,0,1,0,19,0,0,0,0,0,0,0,0,0,0,0,0,0,0,0,0,1,1,0,0,59,51
1.0,0.0,0,0,0,1,0,26,0,0,0,0,0,0,0,0,0,0,0,0,0,0,0,0,1,1,0,0,5,51
1.0,0.0,0,0,0,1,0,22,0,0,0,0,0,0,0,0,0,0,0,0,0,0,0,0,1,1,0,0,23,5
1.0,0.0,-1,-1,-1,0,0,4,0,0,0,0,0,0,0,0,0,0,0,0,0,0,0,0,1,1,0,0,7,7
1.0,0.0,-1,-1,-1,0,0,4,0,0,0,0,0,0,0,0,0,0,0,0,0,0,0,0,1,1,0,0,7,7
1.0,0.0,0,0,0,1,0,18,0,0,0,0,0,0,0,0,0,0,0,0,0,0,0,0,1,1,0,0,69,5
1.0,0.0,0,0,0,1,0,19,0,0,0,0,0,0,0,0,0,0,0,0,0,0,0,0,1,1,0,0,59,51
1.0,0.0,0,0,0,1,0,26,0,0,0,0,0,0,0,0,0,0,0,0,0,0,0,0,1,1,0,0,5,51
1.0,0.0,0,0,0,1,0,22,0,0,0,0,0,0,0,0,0,0,0,0,0,0,0,0,1,1,0,0,23,5
1.0,0.0,0,0,0,1,0,18,0,0,0,0,0,0,0,0,0,0,0,0,0,0,0,0,1,1,0,0,69,5
1.0,0.0,0,0,0,1,0,19,0,0,0,0,0,0,0,0,0,0,0,0,0,0,0,0,1,1,0,0,59,51
1.0,0.0,0,0,0,1,0,26,0,0,0,0,0,0,0,0,0,0,0,0,0,0,0,0,1,1,0,0,5,51
1.0,0.0,0,0,0,1,0,22,0,0,0,0,0,0,0,0,0,0,0,0,0,0,0,0,1,1,0,0,23,5
1.0,0.0,0,0,0,1,0,18,0,0,0,0,0,0,0,0,0,0,0,0,0,0,0,0,1,1,0,0,69,5
1.0,0.0,0,0,0,1,0,19,0,0,0,0,0,0,0,0,0,0,0,0,0,0,0,0,1,1,0,0,59,51
1.0,0.0,0,0,0,1,0,28,0,0,0,0,0,0,0,0,0,0,0,0,0,0,0,0,1,1,0,0,5,51
1.0,0.0,0,0,0,1,0,24,0,0,0,0,0,0,0,0,0,0,0,0,0,0,0,0,1,1,0,0,23,5
1.0,0.0,0,0,0,1,0,20,0,0,0,0,0,0,0,0,0,0,0,0,0,0,0,0,1,1,0,0,69,5
1.0,0.0,0,0,0,1,0,26,0,0,0,0,0,0,0,0,0,0,0,0,0,0,0,0,1,1,0,0,5,51
1.0,0.0,0,0,0,1,0,19,0,0,0,0,0,0,0,0,0,0,0,0,0,0,0,0,1,1,0,0,59,51
1.0,0.0,0,0,0,1,0,22,0,0,0,0,0,0,0,0,0,0,0,0,0,0,0,0,1,1,0,0,23,5
1.0,0.0,0,0,0,1,0,18,0,0,0,0,0,0,0,0,0,0,0,0,0,0,0,0,1,1,0,0,69,5
1.0,0.0,0,0,0,1,0,19,0,0,0,0,0,0,0,0,0,0,0,0,0,0,0,0,1,1,0,0,59,51
1.0,0.0,0,0,0,1,0,26,0,0,0,0,0,0,0,0,0,0,0,0,0,0,0,0,1,1,0,0,5,51
1.0,0.0,0,0,0,1,0,22,0,0,0,0,0,0,0,0,0,0,0,0,0,0,0,0,1,1,0,0,23,5
1.0,0.0,0,0,0,1,0,26,0,0,0,0,0,0,0,0,0,0,0,0,0,0,0,0,1,1,0,0,5,51
1.0,0.0,0,0,0,1,0,18,0,0,0,0,0,0,0,0,0,0,0,0,0,0,0,0,1,1,0,0,69,5
1.0,0.0,0,0,0,1,0,22,0,0,0,0,0,0,0,0,0,0,0,0,0,0,0,0,1,1,0,0,23,5
1.0,0.0,0,0,0,1,0,18,0,0,0,0,0,0,0,0,0,0,0,0,0,0,0,0,1,1,0,0,69,5
1.0,0.0,0,0,0,1,0,19,0,0,0,0,0,0,0,0,0,0,0,0,0,0,0,0,1,1,0,0,59,51
1.0,0.0,-1,-1,-1,0,0,4,0,0,0,0,0,0,0,0,0,0,0,0,0,0,0,0,1,1,0,0,7,7
1.0,0.0,-1,-1,-1,0,0,4,0,0,0,0,0,0,0,0,0,0,0,0,0,0,0,0,1,1,0,0,7,7
1.0,0.0,0,0,0,1,0,26,0,0,0,0,0,0,0,0,0,0,0,0,0,0,0,0,1,1,0,0,5,51
1.0,0.0,0,0,0,1,0,22,0,0,0,0,0,0,0,0,0,0,0,0,0,0,0,0,1,1,0,0,23,5
1.0,0.0,12031,0,0,1,0,13,0,0,0,0,0,0,0,0,0,0,0,0,0,0,0,0,1,1,0,0,66,49
1.0,0.0,0,0,0,1,0,18,0,0,0,0,0,0,0,0,0,0,0,0,0,0,0,0,1,1,0,0,69,5
1.0,0.0,12031,0,0,1,0,13,0,0,0,0,0,0,0,0,0,0,0,0,0,0,0,0,1,1,0,0,48,46
1.0,0.0,12031,0,0,1,0,13,0,0,0,0,0,0,0,0,0,0,0,0,0,0,0,0,1,1,0,0,12,46
1.0,0.0,12031,0,0,1,0,13,0,0,0,0,0,0,0,0,0,0,0,0,0,0,0,0,1,1,0,0,11,46
1.0,0.0,-1,-1,-1,0,0,4,0,0,0,0,0,0,0,0,0,0,0,0,0,0,0,0,1,1,0,0,7,7
1.0,0.0,-1,-1,-1,0,0,4,0,0,0,0,0,0,0,0,0,0,0,0,0,0,0,0,1,1,0,0,7,7
1.0,0.0,12031,0,0,1,0,13,0,0,0,0,0,0,0,0,0,0,0,0,0,0,0,0,1,1,0,0,48,46
1.0,0.0,12031,0,0,1,0,13,0,0,0,0,0,0,0,0,0,0,0,0,0,0,0,0,1,1,0,0,12,46
1.0,0.0,12031,0,0,1,0,13,0,0,0,0,0,0,0,0,0,0,0,0,0,0,0,0,1,1,0,0,11,46
1.0,0.0,12031,0,0,1,0,13,0,0,0,0,0,0,0,0,0,0,0,0,0,0,0,0,1,1,0,0,48,46
1.0,0.0,12031,0,0,1,0,13,0,0,0,0,0,0,0,0,0,0,0,0,0,0,0,0,1,1,0,0,12,46
1.0,0.0,12031,0,0,1,0,13,0,0,0,0,0,0,0,0,0,0,0,0,0,0,0,0,1,1,0,0,11,46
1.0,0.0,12031,0,0,1,0,13,0,0,0,0,0,0,0,0,0,0,0,0,0,0,0,0,1,1,0,0,48,46
1.0,0.0,12031,0,0,1,0,13,0,0,0,0,0,0,0,0,0,0,0,0,0,0,0,0,1,1,0,0,12,46
1.0,0.0,12031,0,0,1,0,13,0,0,0,0,0,0,0,0,0,0,0,0,0,0,0,0,1,1,0,0,11,46
1.0,0.0,12031,0,0,1,0,13,0,0,0,0,0,0,0,0,0,0,0,0,0,0,0,0,1,1,0,0,12,46
1.0,0.0,-1,-1,-1,0,0,4,0,0,0,0,0,0,0,0,0,0,0,0,0,0,0,0,1,1,0,0,7,7
1.0,0.0,-1,-1,-1,0,0,4,0,0,0,0,0,0,0,0,0,0,0,0,0,0,0,0,1,1,0,0,7,7
1.0,0.0,0,0,0,3,0,32,0,0,0,0,0,0,0,0,0,0,0,0,0,0,0,0,1,1,0,0,5,8
1.0,0.0,0,0,0,3,0,17,0,0,0,0,0,0,0,0,0,0,0,0,0,0,0,0,1,1,0,0,65,5
1.0,0.0,0,0,0,1,0,31,0,0,0,0,0,0,0,0,0,0,0,0,0,0,0,0,1,1,0,0,73,5
1.0,0.0,0,0,0,3,0,32,0,0,0,0,0,0,0,0,0,0,0,0,0,0,0,0,1,1,0,0,5,8
1.0,0.0,0,0,0,3,0,17,0,0,0,0,0,0,0,0,0,0,0,0,0,0,0,0,1,1,0,0,65,5
1.0,0.0,0,0,0,1,0,31,0,0,0,0,0,0,0,0,0,0,0,0,0,0,0,0,1,1,0,0,73,5
1.0,0.0,0,0,0,0,0,38,0,0,0,0,0,0,0,0,0,0,0,0,0,0,0,0,1,1,0,0,4,84
1.0,0.0,0,0,0,0,0,28,0,0,0,0,0,0,0,0,0,0,0,0,0,0,0,0,1,1,0,0,9,4
1.0,0.0,0,0,0,0,0,28,0,0,0,0,0,0,0,0,0,0,0,0,0,0,0,0,1,1,0,0,30,4
1.0,0.0,0,0,0,0,0,21,0,0,0,0,0,0,0,0,0,0,0,0,0,0,0,0,1,1,0,0,12,4
1.0,0.0,0,0,0,0,0,16,0,0,0,0,0,0,0,0,0,0,0,0,0,0,0,0,1,1,0,0,11,4
1.0,0.0,0,0,0,0,0,20,0,0,0,0,0,0,0,0,0,0,0,0,0,0,0,0,1,1,0,0,1,4
1.0,0.0,0,0,0,0,0,18,0,0,0,0,0,0,0,0,0,0,0,0,0,0,0,0,1,1,0,0,1,4
1.0,0.0,0,0,0,0,0,22,0,0,0,0,0,0,0,0,0,0,0,0,0,0,0,0,1,1,0,0,26,4
1.0,0.0,0,0,0,0,0,16,0,0,0,0,0,0,0,0,0,0,0,0,0,0,0,0,1,1,0,0,31,4
1.0,0.0,0,0,0,0,0,16,0,0,0,0,0,0,0,0,0,0,0,0,0,0,0,0,1,1,0,0,2,4
1.0,0.0,0,12288,0,0,0,16,0,0,0,0,0,0,0,0,0,0,0,0,0,0,0,0,1,1,0,0,4,4
1.0,0.0,0,0,0,5,0,21,0,0,0,0,0,0,0,0,0,0,0,0,0,0,0,0,1,1,0,0,74,8
1.0,0.0,0,0,0,5,0,21,0,0,0,0,0,0,0,0,0,0,0,0,0,0,0,0,1,1,0,0,74,8
1.0,0.0,0,0,0,0,0,38,0,0,0,0,0,0,0,0,0,0,0,0,0,0,0,0,1,1,0,0,4,84
1.0,0.0,0,0,0,0,0,25,0,0,0,0,0,0,0,0,0,0,0,0,0,0,0,0,1,1,0,0,9,7
1.0,0.0,0,0,0,0,0,28,0,0,0,0,0,0,0,0,0,0,0,0,0,0,0,0,1,1,0,0,30,4
1.0,0.0,0,0,0,0,0,21,0,0,0,0,0,0,0,0,0,0,0,0,0,0,0,0,1,1,0,0,12,4
1.0,0.0,0,0,0,0,0,16,0,0,0,0,0,0,0,0,0,0,0,0,0,0,0,0,1,1,0,0,11,4
1.0,0.0,0,0,0,0,0,20,0,0,0,0,0,0,0,0,0,0,0,0,0,0,0,0,1,1,0,0,1,4
1.0,0.0,0,0,0,0,0,18,0,0,0,0,0,0,0,0,0,0,0,0,0,0,0,0,1,1,0,0,1,4
1.0,0.0,0,0,0,0,0,22,0,0,0,0,0,0,0,0,0,0,0,0,0,0,0,0,1,1,0,0,26,4
1.0,0.0,0,0,0,0,0,16,0,0,0,0,0,0,0,0,0,0,0,0,0,0,0,0,1,1,0,0,31,4
1.0,0.0,0,0,0,0,0,16,0,0,0,0,0,0,0,0,0,0,0,0,0,0,0,0,1,1,0,0,2,4
1.0,0.0,0,12288,0,0,0,16,0,0,0,0,0,0,0,0,0,0,0,0,0,0,0,0,1,1,0,0,4,4
1.0,0.0,0,0,0,0,0,16,0,0,0,0,0,0,0,0,0,0,0,0,0,0,0,0,1,1,0,0,1,4
1.0,0.0,0,0,0,0,0,16,0,0,0,0,0,0,0,0,0,0,0,0,0,0,0,0,1,1,0,0,2,4
1.0,0.0,0,12288,0,0,0,16,0,0,0,0,0,0,0,0,0,0,0,0,0,0,0,0,1,1,0,0,4,4
1.0,0.0,0,0,0,0,0,16,0,0,0,0,0,0,0,0,0,0,0,0,0,0,0,0,1,1,0,0,1,4
1.0,0.0,0,0,0,0,0,16,0,0,0,0,0,0,0,0,0,0,0,0,0,0,0,0,1,1,0,0,1,4
1.0,0.0,0,0,0,0,0,16,0,0,0,0,0,0,0,0,0,0,0,0,0,0,0,0,1,1,0,0,2,4
1.0,0.0,0,0,0,0,0,16,0,0,0,0,0,0,0,0,0,0,0,0,0,0,0,0,1,1,0,0,2,4
1.0,0.0,0,12288,0,0,0,16,0,0,0,0,0,0,0,0,0,0,0,0,0,0,0,0,1,1,0,0,4,4
1.0,0.0,0,12288,0,0,0,16,0,0,0,0,0,0,0,0,0,0,0,0,0,0,0,0,1,1,0,0,4,4
1.0,0.0,0,0,0,0,0,16,0,0,0,0,0,0,0,0,0,0,0,0,0,0,0,0,1,1,0,0,1,4
1.0,0.0,0,0,0,0,0,16,0,0,0,0,0,0,0,0,0,0,0,0,0,0,0,0,1,1,0,0,1,4
1.0,0.0,0,0,0,0,0,16,0,0,0,0,0,0,0,0,0,0,0,0,0,0,0,0,1,1,0,0,2,4
1.0,0.0,0,0,0,0,0,16,0,0,0,0,0,0,0,0,0,0,0,0,0,0,0,0,1,1,0,0,2,4
1.0,0.0,0,12288,0,0,0,16,0,0,0,0,0,0,0,0,0,0,0,0,0,0,0,0,1,1,0,0,4,4
1.0,0.0,0,12288,0,0,0,16,0,0,0,0,0,0,0,0,0,0,0,0,0,0,0,0,1,1,0,0,4,4
1.0,10.0,0,0,0,0,0,16,0,0,0,0,0,0,0,0,0,0,0,0,0,0,0,0,1,1,0,0,1,4
1.0,0.0,0,0,0,0,0,16,0,0,0,0,0,0,0,0,0,0,0,0,0,0,0,0,1,1,0,0,1,4
1.0,0.0,0,0,0,0,0,16,0,0,0,0,0,0,0,0,0,0,0,0,0,0,0,0,1,1,0,0,2,4
1.0,0.0,0,0,0,0,0,16,0,0,0,0,0,0,0,0,0,0,0,0,0,0,0,0,1,1,0,0,2,4
1.0,0.0,0,12288,0,0,0,16,0,0,0,0,0,0,0,0,0,0,0,0,0,0,0,0,1,1,0,0,4,4
1.0,0.0,0,12288,0,0,0,16,0,0,0,0,0,0,0,0,0,0,0,0,0,0,0,0,1,1,0,0,4,4
1.0,0.0,990,0,-2,0,0,15,0,0,0,0,0,0,0,0,0,0,0,0,0,0,0,0,1,1,0,0,32,32
1.0,0.0,990,0,-2,0,0,15,0,0,0,0,0,0,0,0,0,0,0,0,0,0,0,0,1,1,0,0,32,32
1.0,0.0,990,0,-2,0,0,14,0,0,0,0,0,0,0,0,0,0,0,0,0,0,0,0,1,1,0,0,32,32
1.0,0.0,0,0,0,0,0,19,0,0,0,0,0,0,0,0,0,0,0,0,0,0,0,0,1,1,0,0,33,32
1.0,0.0,-1,-1,-1,0,0,4,0,0,0,0,0,0,0,0,0,0,0,0,0,0,0,0,1,1,0,0,7,7
1.0,0.0,-1,-1,-1,0,0,8,0,0,0,0,0,0,0,0,0,0,0,0,0,0,0,0,1,1,0,0,7,7
1.0,0.0,-1,-1,-1,0,0,4,0,0,0,0,0,0,0,0,0,0,0,0,0,0,0,0,1,1,0,0,7,7
1.0,0.0,-1,-1,-1,0,0,5,0,0,0,0,0,0,0,0,0,0,0,0,0,0,0,0,1,1,0,0,7,7
1.0,0.0,0,0,0,0,0,24,0,0,0,0,0,0,0,0,0,0,0,0,0,0,0,0,1,1,0,0,18,20
1.0,0.0,-1,-1,-1,0,0,5,0,0,0,0,0,0,0,0,0,0,0,0,0,0,0,0,1,1,0,0,7,7
1.0,0.0,0,-1,1,0,0,9,0,0,0,0,0,0,0,0,0,0,0,0,0,0,0,0,1,1,0,0,19,20
1.0,0.0,-1,-1,-1,0,0,5,0,0,0,0,0,0,0,0,0,0,0,0,0,0,0,0,1,1,0,0,7,7
1.0,0.0,0,0,0,0,0,20,0,0,0,0,0,0,0,0,0,0,0,0,0,0,0,0,1,1,0,0,20,20
1.0,0.0,0,0,0,0,0,28,0,0,0,0,0,0,0,0,0,0,0,0,0,0,0,0,1,1,0,0,21,83
1.0,0.0,0,0,0,1,0,28,0,0,0,0,0,0,0,0,0,0,0,0,0,0,0,0,1,1,0,0,22,20
1.0,0.0,-1,-1,-1,0,0,5,0,0,0,0,0,0,0,0,0,0,0,0,0,0,0,0,1,1,0,0,7,7
1.0,0.0,-1,-1,-1,0,0,4,0,0,0,0,0,0,0,0,0,0,0,0,0,0,0,0,1,1,0,0,7,7
1.0,0.0,0,0,0,0,0,25,0,0,0,0,0,0,0,0,0,0,0,0,0,0,0,0,1,1,0,0,34,33
1.0,0.0,0,0,0,0,0,77,0,0,0,0,0,0,0,0,0,0,0,0,0,0,0,0,1,1,0,0,35,33
1.0,0.0,-1,-1,-1,0,0,4,0,0,0,0,0,0,0,0,0,0,0,0,0,0,0,0,1,1,0,0,7,7
1.0,0.0,-1,-1,-1,0,0,4,0,0,0,0,0,0,0,0,0,0,0,0,0,0,0,0,1,1,0,0,7,7
1.0,0.0,0,0,0,1,0,20,0,0,0,0,0,0,0,0,0,0,0,0,0,0,0,0,1,1,0,0,22,20
1.0,0.0,-1,-1,-1,0,0,5,0,0,0,0,0,0,0,0,0,0,0,0,0,0,0,0,1,1,0,0,7,7
1.0,0.0,0,0,0,0,0,24,0,0,0,0,0,0,0,0,0,0,0,0,0,0,0,0,1,1,0,0,18,20
1.0,0.0,-1,-1,-1,0,0,5,0,0,0,0,0,0,0,0,0,0,0,0,0,0,0,0,1,1,0,0,7,7
1.0,0.0,0,0,0,0,0,16,0,0,0,0,0,0,0,0,0,0,0,0,0,0,0,0,1,1,0,0,1,4
1.0,0.0,0,0,0,0,0,16,0,0,0,0,0,0,0,0,0,0,0,0,0,0,0,0,1,1,0,0,1,4
1.0,0.0,0,0,0,0,0,16,0,0,0,0,0,0,0,0,0,0,0,0,0,0,0,0,1,1,0,0,2,4
1.0,0.0,0,0,0,0,0,16,0,0,0,0,0,0,0,0,0,0,0,0,0,0,0,0,1,1,0,0,1,4
1.0,0.0,0,12288,0,0,0,16,0,0,0,0,0,0,0,0,0,0,0,0,0,0,0,0,1,1,0,0,4,4
1.0,0.0,0,0,0,0,0,16,0,0,0,0,0,0,0,0,0,0,0,0,0,0,0,0,1,1,0,0,3,4
1.0,0.0,0,0,0,0,0,21,0,0,0,0,0,0,0,0,0,0,0,0,0,0,0,0,1,1,0,0,36,85
1.0,0.0,0,0,0,0,0,16,0,0,0,0,0,0,0,0,0,0,0,0,0,0,0,0,1,1,0,0,1,4
1.0,0.0,0,0,0,0,0,16,0,0,0,0,0,0,0,0,0,0,0,0,0,0,0,0,1,1,0,0,1,4
1.0,0.0,0,0,0,0,0,16,0,0,0,0,0,0,0,0,0,0,0,0,0,0,0,0,1,1,0,0,3,4
1.0,0.0,0,0,0,0,0,20,0,0,0,0,0,0,0,0,0,0,0,0,0,0,0,0,1,1,0,0,5,86
1.0,0.0,0,0,0,0,0,18,0,0,0,0,0,0,0,0,0,0,0,0,0,0,0,0,1,1,0,0,38,86
1.0,0.0,0,0,0,0,0,16,0,0,0,0,0,0,0,0,0,0,0,0,0,0,0,0,1,1,0,0,37,86
1.0,0.0,0,0,0,0,0,27,0,0,0,0,0,0,0,0,0,0,0,0,0,0,0,0,1,1,0,0,41,86
1.0,0.0,0,0,0,0,0,27,0,0,0,0,0,0,0,0,0,0,0,0,0,0,0,0,1,1,0,0,42,86
1.0,0.0,0,0,0,0,0,27,0,0,0,0,0,0,0,0,0,0,0,0,0,0,0,0,1,1,0,0,43,86
1.0,10.0,0,0,0,0,0,38,0,0,0,0,0,0,0,0,0,0,0,0,0,0,0,0,1,1,0,0,4,84
1.0,0.0,0,0,0,0,0,25,0,0,0,0,0,0,0,0,0,0,0,0,0,0,0,0,1,1,0,0,9,7
1.0,0.0,0,0,0,0,0,28,0,0,0,0,0,0,0,0,0,0,0,0,0,0,0,0,1,1,0,0,30,4
1.0,0.0,0,0,0,0,0,21,0,0,0,0,0,0,0,0,0,0,0,0,0,0,0,0,1,1,0,0,12,4
1.0,0.0,0,0,0,0,0,16,0,0,0,0,0,0,0,0,0,0,0,0,0,0,0,0,1,1,0,0,11,4
1.0,0.0,0,0,0,0,0,20,0,0,0,0,0,0,0,0,0,0,0,0,0,0,0,0,1,1,0,0,1,4
1.0,0.0,0,0,0,0,0,18,0,0,0,0,0,0,0,0,0,0,0,0,0,0,0,0,1,1,0,0,1,4
1.0,0.0,0,0,0,0,0,22,0,0,0,0,0,0,0,0,0,0,0,0,0,0,0,0,1,1,0,0,26,4
1.0,0.0,0,0,0,0,0,16,0,0,0,0,0,0,0,0,0,0,0,0,0,0,0,0,1,1,0,0,31,4
1.0,0.0,0,0,0,0,0,16,0,0,0,0,0,0,0,0,0,0,0,0,0,0,0,0,1,1,0,0,2,4
1.0,0.0,0,12288,0,0,0,16,0,0,0,0,0,0,0,0,0,0,0,0,0,0,0,0,1,1,0,0,4,4
1.0,0.0,0,0,0,0,0,38,0,0,0,0,0,0,0,0,0,0,0,0,0,0,0,0,1,1,0,0,4,84
1.0,0.0,0,0,0,0,0,25,0,0,0,0,0,0,0,0,0,0,0,0,0,0,0,0,1,1,0,0,9,7
1.0,0.0,0,0,0,0,0,28,0,0,0,0,0,0,0,0,0,0,0,0,0,0,0,0,1,1,0,0,30,4
1.0,0.0,0,0,0,0,0,21,0,0,0,0,0,0,0,0,0,0,0,0,0,0,0,0,1,1,0,0,12,4
1.0,0.0,0,0,0,0,0,16,0,0,0,0,0,0,0,0,0,0,0,0,0,0,0,0,1,1,0,0,11,4
1.0,0.0,0,0,0,0,0,20,0,0,0,0,0,0,0,0,0,0,0,0,0,0,0,0,1,1,0,0,1,4
1.0,0.0,0,0,0,0,0,18,0,0,0,0,0,0,0,0,0,0,0,0,0,0,0,0,1,1,0,0,1,4
1.0,0.0,0,0,0,0,0,22,0,0,0,0,0,0,0,0,0,0,0,0,0,0,0,0,1,1,0,0,26,4
1.0,0.0,0,0,0,0,0,16,0,0,0,0,0,0,0,0,0,0,0,0,0,0,0,0,1,1,0,0,31,4
1.0,0.0,0,0,0,0,0,16,0,0,0,0,0,0,0,0,0,0,0,0,0,0,0,0,1,1,0,0,2,4
1.0,0.0,0,12288,0,0,0,16,0,0,0,0,0,0,0,0,0,0,0,0,0,0,0,0,1,1,0,0,4,4
1.0,0.0,0,0,0,0,0,16,0,0,0,0,0,0,0,0,0,0,0,0,0,0,0,0,1,1,0,0,1,4
1.0,0.0,0,0,0,0,0,16,0,0,0,0,0,0,0,0,0,0,0,0,0,0,0,0,1,1,0,0,2,4
1.0,0.0,0,12288,0,0,0,16,0,0,0,0,0,0,0,0,0,0,0,0,0,0,0,0,1,1,0,0,4,4
1.0,0.0,994,-1,0,0,0,11,0,0,0,0,0,0,0,0,0,0,0,0,0,0,0,0,1,1,0,0,75,20
1.0,0.0,994,-1,0,0,0,11,0,0,0,0,0,0,0,0,0,0,0,0,0,0,0,0,1,1,0,0,75,20
1.0,0.0,0,0,0,0,0,16,0,0,0,0,0,0,0,0,0,0,0,0,0,0,0,0,1,1,0,0,1,4
1.0,0.0,0,0,0,0,0,16,0,0,0,0,0,0,0,0,0,0,0,0,0,0,0,0,1,1,0,0,1,4
1.0,0.0,0,0,0,0,0,16,0,0,0,0,0,0,0,0,0,0,0,0,0,0,0,0,1,1,0,0,2,4
1.0,0.0,0,0,0,0,0,16,0,0,0,0,0,0,0,0,0,0,0,0,0,0,0,0,1,1,0,0,2,4
1.0,0.0,0,12288,0,0,0,16,0,0,0,0,0,0,0,0,0,0,0,0,0,0,0,0,1,1,0,0,4,4
1.0,0.0,0,12288,0,0,0,16,0,0,0,0,0,0,0,0,0,0,0,0,0,0,0,0,1,1,0,0,4,4
1.0,0.0,0,0,0,1,0,13,0,0,0,0,0,0,0,0,0,0,0,0,0,0,0,0,1,1,0,0,76,6
1.0,0.0,0,0,0,1,0,17,0,0,0,0,0,0,0,0,0,0,0,0,0,0,0,0,1,1,0,0,77,6
1.0,0.0,0,0,0,3,0,17,0,0,0,0,0,0,0,0,0,0,0,0,0,0,0,0,1,1,0,0,12,6
1.0,0.0,0,0,0,3,0,17,0,0,0,0,0,0,0,0,0,0,0,0,0,0,0,0,1,1,0,0,49,6
1.0,0.0,0,0,0,0,0,16,0,0,0,0,0,0,0,0,0,0,0,0,0,0,0,0,1,1,0,0,1,4
1.0,0.0,0,0,0,0,0,16,0,0,0,0,0,0,0,0,0,0,0,0,0,0,0,0,1,1,0,0,1,4
1.0,0.0,0,0,0,0,0,16,0,0,0,0,0,0,0,0,0,0,0,0,0,0,0,0,1,1,0,0,2,4
1.0,0.0,0,0,0,0,0,16,0,0,0,0,0,0,0,0,0,0,0,0,0,0,0,0,1,1,0,0,2,4
1.0,0.0,0,12288,0,0,0,16,0,0,0,0,0,0,0,0,0,0,0,0,0,0,0,0,1,1,0,0,4,4
1.0,0.0,0,12288,0,0,0,16,0,0,0,0,0,0,0,0,0,0,0,0,0,0,0,0,1,1,0,0,4,4
1.0,0.0,0,0,0,0,0,21,0,0,0,0,0,0,0,0,0,0,0,0,0,0,0,0,1,1,0,0,36,85
1.0,10.0,0,0,0,0,0,16,0,0,0,0,0,0,0,0,0,0,0,0,0,0,0,0,1,1,0,0,1,4
1.0,0.0,0,0,0,0,0,16,0,0,0,0,0,0,0,0,0,0,0,0,0,0,0,0,1,1,0,0,2,4
1.0,0.0,0,0,0,0,0,16,0,0,0,0,0,0,0,0,0,0,0,0,0,0,0,0,1,1,0,0,1,4
1.0,0.0,0,12288,0,0,0,16,0,0,0,0,0,0,0,0,0,0,0,0,0,0,0,0,1,1,0,0,4,4
1.0,0.0,0,0,0,0,0,16,0,0,0,0,0,0,0,0,0,0,0,0,0,0,0,0,1,1,0,0,2,4
1.0,0.0,0,12288,0,0,0,16,0,0,0,0,0,0,0,0,0,0,0,0,0,0,0,0,1,1,0,0,4,4
1.0,0.0,0,0,0,3,2,20,0,0,0,0,0,0,0,0,0,0,0,0,0,0,0,0,1,1,0,0,23,82
1.0,0.0,0,0,0,3,2,24,0,0,0,0,0,0,0,0,0,0,0,0,0,0,0,0,1,1,0,0,78,82
1.0,0.0,0,0,0,3,2,18,0,0,0,0,0,0,0,0,0,0,0,0,0,0,0,0,1,1,0,0,9,78
1.0,0.0,0,0,0,3,2,16,0,0,0,0,0,0,0,0,0,0,0,0,0,0,0,0,1,1,0,0,79,78
1.0,0.0,0,0,0,4,3,25,0,0,0,0,0,0,0,0,0,0,0,0,0,0,0,0,1,1,0,0,80,78
1.0,0.0,0,0,0,3,2,18,0,0,0,0,0,0,0,0,0,0,0,0,0,0,0,0,1,1,0,0,11,78
1.0,0.0,0,0,0,3,0,20,0,0,0,0,0,0,0,0,0,0,0,0,0,0,0,0,1,1,0,0,65,80
1.0,0.0,0,0,0,1,0,12,0,0,0,0,0,0,0,0,0,0,0,0,0,0,0,0,1,1,0,0,76,80
1.0,0.0,0,0,0,1,0,19,0,0,0,0,0,0,0,0,0,0,0,0,0,0,0,0,1,1,0,0,81,80
1.0,0.0,0,0,0,3,2,18,0,0,0,0,0,0,0,0,0,0,0,0,0,0,0,0,1,1,0,0,9,78
1.0,0.0,0,0,0,3,2,16,0,0,0,0,0,0,0,0,0,0,0,0,0,0,0,0,1,1,0,0,79,78
1.0,0.0,0,0,0,0,0,16,0,0,0,0,0,0,0,0,0,0,0,0,0,0,0,0,1,1,0,0,1,4
1.0,0.0,0,0,0,0,0,16,0,0,0,0,0,0,0,0,0,0,0,0,0,0,0,0,1,1,0,0,1,4
1.0,0.0,0,0,0,0,0,16,0,0,0,0,0,0,0,0,0,0,0,0,0,0,0,0,1,1,0,0,2,4
1.0,0.0,0,0,0,0,0,16,0,0,0,0,0,0,0,0,0,0,0,0,0,0,0,0,1,1,0,0,1,4
1.0,0.0,0,12288,0,0,0,16,0,0,0,0,0,0,0,0,0,0,0,0,0,0,0,0,1,1,0,0,4,4
1.0,0.0,0,0,0,0,0,16,0,0,0,0,0,0,0,0,0,0,0,0,0,0,0,0,1,1,0,0,3,4
1.0,0.0,0,0,0,0,0,16,0,0,0,0,0,0,0,0,0,0,0,0,0,0,0,0,1,1,0,0,1,4
1.0,0.0,0,0,0,0,0,16,0,0,0,0,0,0,0,0,0,0,0,0,0,0,0,0,1,1,0,0,1,4
1.0,0.0,0,0,0,0,0,16,0,0,0,0,0,0,0,0,0,0,0,0,0,0,0,0,1,1,0,0,3,4
1.0,10.0,0,0,0,0,0,19,0,0,0,0,0,0,0,0,0,0,0,0,0,0,0,0,1,1,0,0,16,16
1.0,0.0,-1,-1,-1,0,0,4,0,0,0,0,0,0,0,0,0,0,0,0,0,0,0,0,1,1,0,0,7,7
1.0,0.0,-1,-1,-1,0,0,4,0,0,0,0,0,0,0,0,0,0,0,0,0,0,0,0,1,1,0,0,7,7
1.0,0.0,-1,-1,-1,0,0,4,0,0,0,0,0,0,0,0,0,0,0,0,0,0,0,0,1,1,0,0,7,7
1.0,0.0,-1,-1,-1,0,0,4,0,0,0,0,0,0,0,0,0,0,0,0,0,0,0,0,1,1,0,0,7,7
1.0,0.0,-1,-1,-1,0,0,4,0,0,0,0,0,0,0,0,0,0,0,0,0,0,0,0,1,1,0,0,7,7
1.0,0.0,-1,-1,-1,0,0,4,0,0,0,0,0,0,0,0,0,0,0,0,0,0,0,0,1,1,0,0,7,7
1.0,0.0,-1,-1,-1,0,0,4,0,0,0,0,0,0,0,0,0,0,0,0,0,0,0,0,1,1,0,0,7,7
1.0,0.0,-1,-1,-1,0,0,4,0,0,0,0,0,0,0,0,0,0,0,0,0,0,0,0,1,1,0,0,7,7
1.0,0.0,990,0,-2,0,0,15,0,0,0,0,0,0,0,0,0,0,0,0,0,0,0,0,1,1,0,0,32,32
1.0,0.0,990,0,-2,0,0,15,0,0,0,0,0,0,0,0,0,0,0,0,0,0,0,0,1,1,0,0,32,32
1.0,0.0,990,0,-2,0,0,14,0,0,0,0,0,0,0,0,0,0,0,0,0,0,0,0,1,1,0,0,32,32
1.0,0.0,0,0,0,0,0,19,0,0,0,0,0,0,0,0,0,0,0,0,0,0,0,0,1,1,0,0,33,32
1.0,0.0,-1,-1,-1,0,0,4,0,0,0,0,0,0,0,0,0,0,0,0,0,0,0,0,1,1,0,0,7,7
1.0,0.0,-1,-1,-1,0,0,8,0,0,0,0,0,0,0,0,0,0,0,0,0,0,0,0,1,1,0,0,7,7
1.0,0.0,-1,-1,-1,0,0,4,0,0,0,0,0,0,0,0,0,0,0,0,0,0,0,0,1,1,0,0,7,7
1.0,0.0,-1,-1,-1,0,0,5,0,0,0,0,0,0,0,0,0,0,0,0,0,0,0,0,1,1,0,0,7,7
1.0,0.0,0,0,0,0,0,24,0,0,0,0,0,0,0,0,0,0,0,0,0,0,0,0,1,1,0,0,18,20
1.0,0.0,-1,-1,-1,0,0,5,0,0,0,0,0,0,0,0,0,0,0,0,0,0,0,0,1,1,0,0,7,7
1.0,0.0,0,-1,1,0,0,9,0,0,0,0,0,0,0,0,0,0,0,0,0,0,0,0,1,1,0,0,19,20
1.0,0.0,-1,-1,-1,0,0,5,0,0,0,0,0,0,0,0,0,0,0,0,0,0,0,0,1,1,0,0,7,7
1.0,0.0,0,0,0,0,0,20,0,0,0,0,0,0,0,0,0,0,0,0,0,0,0,0,1,1,0,0,20,20
1.0,0.0,0,0,0,0,0,28,0,0,0,0,0,0,0,0,0,0,0,0,0,0,0,0,1,1,0,0,21,83
1.0,0.0,0,0,0,1,0,28,0,0,0,0,0,0,0,0,0,0,0,0,0,0,0,0,1,1,0,0,22,20
1.0,0.0,-1,-1,-1,0,0,5,0,0,0,0,0,0,0,0,0,0,0,0,0,0,0,0,1,1,0,0,7,7
1.0,0.0,-1,-1,-1,0,0,4,0,0,0,0,0,0,0,0,0,0,0,0,0,0,0,0,1,1,0,0,7,7
1.0,0.0,0,0,0,0,0,25,0,0,0,0,0,0,0,0,0,0,0,0,0,0,0,0,1,1,0,0,34,33
1.0,0.0,0,0,0,0,0,77,0,0,0,0,0,0,0,0,0,0,0,0,0,0,0,0,1,1,0,0,35,33
1.0,0.0,-1,-1,-1,0,0,4,0,0,0,0,0,0,0,0,0,0,0,0,0,0,0,0,1,1,0,0,7,7
1.0,0.0,-1,-1,-1,0,0,4,0,0,0,0,0,0,0,0,0,0,0,0,0,0,0,0,1,1,0,0,7,7
1.0,0.0,0,0,0,1,0,20,0,0,0,0,0,0,0,0,0,0,0,0,0,0,0,0,1,1,0,0,22,20
1.0,0.0,-1,-1,-1,0,0,5,0,0,0,0,0,0,0,0,0,0,0,0,0,0,0,0,1,1,0,0,7,7
1.0,0.0,0,0,0,0,0,24,0,0,0,0,0,0,0,0,0,0,0,0,0,0,0,0,1,1,0,0,18,20
1.0,0.0,-1,-1,-1,0,0,5,0,0,0,0,0,0,0,0,0,0,0,0,0,0,0,0,1,1,0,0,7,7
1.0,0.0,0,0,0,0,0,38,0,0,0,0,0,0,0,0,0,0,0,0,0,0,0,0,1,1,0,0,4,84
1.0,0.0,0,0,0,0,0,28,0,0,0,0,0,0,0,0,0,0,0,0,0,0,0,0,1,1,0,0,9,4
1.0,0.0,0,0,0,0,0,28,0,0,0,0,0,0,0,0,0,0,0,0,0,0,0,0,1,1,0,0,30,4
1.0,0.0,0,0,0,0,0,21,0,0,0,0,0,0,0,0,0,0,0,0,0,0,0,0,1,1,0,0,12,4
1.0,0.0,0,0,0,0,0,16,0,0,0,0,0,0,0,0,0,0,0,0,0,0,0,0,1,1,0,0,11,4
1.0,0.0,0,0,0,0,0,20,0,0,0,0,0,0,0,0,0,0,0,0,0,0,0,0,1,1,0,0,1,4
1.0,0.0,0,0,0,0,0,18,0,0,0,0,0,0,0,0,0,0,0,0,0,0,0,0,1,1,0,0,1,4
1.0,0.0,0,0,0,0,0,22,0,0,0,0,0,0,0,0,0,0,0,0,0,0,0,0,1,1,0,0,26,4
1.0,0.0,0,0,0,0,0,16,0,0,0,0,0,0,0,0,0,0,0,0,0,0,0,0,1,1,0,0,31,4
1.0,0.0,0,0,0,0,0,16,0,0,0,0,0,0,0,0,0,0,0,0,0,0,0,0,1,1,0,0,2,4
1.0,0.0,0,12288,0,0,0,16,0,0,0,0,0,0,0,0,0,0,0,0,0,0,0,0,1,1,0,0,4,4
1.0,0.0,0,0,0,0,0,21,0,0,0,0,0,0,0,0,0,0,0,0,0,0,0,0,1,1,0,0,36,85
1.0,0.0,0,0,0,0,0,38,0,0,0,0,0,0,0,0,0,0,0,0,0,0,0,0,1,1,0,0,4,84
1.0,0.0,0,0,0,0,0,28,0,0,0,0,0,0,0,0,0,0,0,0,0,0,0,0,1,1,0,0,9,4
1.0,0.0,0,0,0,0,0,28,0,0,0,0,0,0,0,0,0,0,0,0,0,0,0,0,1,1,0,0,30,4
1.0,0.0,0,0,0,0,0,21,0,0,0,0,0,0,0,0,0,0,0,0,0,0,0,0,1,1,0,0,12,4
1.0,0.0,0,0,0,0,0,16,0,0,0,0,0,0,0,0,0,0,0,0,0,0,0,0,1,1,0,0,11,4
1.0,0.0,0,0,0,0,0,20,0,0,0,0,0,0,0,0,0,0,0,0,0,0,0,0,1,1,0,0,1,4
1.0,0.0,0,0,0,0,0,18,0,0,0,0,0,0,0,0,0,0,0,0,0,0,0,0,1,1,0,0,1,4
1.0,0.0,0,0,0,0,0,22,0,0,0,0,0,0,0,0,0,0,0,0,0,0,0,0,1,1,0,0,26,4
1.0,0.0,0,0,0,0,0,16,0,0,0,0,0,0,0,0,0,0,0,0,0,0,0,0,1,1,0,0,31,4
1.0,0.0,0,0,0,0,0,16,0,0,0,0,0,0,0,0,0,0,0,0,0,0,0,0,1,1,0,0,2,4
1.0,0.0,0,12288,0,0,0,16,0,0,0,0,0,0,0,0,0,0,0,0,0,0,0,0,1,1,0,0,4,4
1.0,0.0,0,0,0,0,0,16,0,0,0,0,0,0,0,0,0,0,0,0,0,0,0,0,1,1,0,0,1,4
1.0,0.0,0,0,0,0,0,16,0,0,0,0,0,0,0,0,0,0,0,0,0,0,0,0,1,1,0,0,2,4
1.0,0.0,0,12288,0,0,0,16,0,0,0,0,0,0,0,0,0,0,0,0,0,0,0,0,1,1,0,0,4,4
1.0,0.0,0,0,0,0,0,16,0,0,0,0,0,0,0,0,0,0,0,0,0,0,0,0,1,1,0,0,37,86
1.0,0.0,0,0,0,0,0,20,0,0,0,0,0,0,0,0,0,0,0,0,0,0,0,0,1,1,0,0,5,86
1.0,0.0,0,0,0,0,0,18,0,0,0,0,0,0,0,0,0,0,0,0,0,0,0,0,1,1,0,0,38,86
1.0,0.0,0,0,0,0,0,27,0,0,0,0,0,0,0,0,0,0,0,0,0,0,0,0,1,1,0,0,41,86
1.0,0.0,0,0,0,0,0,16,0,0,0,0,0,0,0,0,0,0,0,0,0,0,0,0,1,1,0,0,1,4
1.0,0.0,0,0,0,0,0,16,0,0,0,0,0,0,0,0,0,0,0,0,0,0,0,0,1,1,0,0,1,4
1.0,0.0,0,0,0,0,0,16,0,0,0,0,0,0,0,0,0,0,0,0,0,0,0,0,1,1,0,0,2,4
1.0,0.0,0,0,0,0,0,16,0,0,0,0,0,0,0,0,0,0,0,0,0,0,0,0,1,1,0,0,2,4
1.0,0.0,0,12288,0,0,0,16,0,0,0,0,0,0,0,0,0,0,0,0,0,0,0,0,1,1,0,0,4,4
1.0,0.0,0,12288,0,0,0,16,0,0,0,0,0,0,0,0,0,0,0,0,0,0,0,0,1,1,0,0,4,4
1.0,0.0,0,0,0,0,0,27,0,0,0,0,0,0,0,0,0,0,0,0,0,0,0,0,1,1,0,0,42,86
1.0,0.0,0,0,0,0,0,27,0,0,0,0,0,0,0,0,0,0,0,0,0,0,0,0,1,1,0,0,43,86
1.0,0.0,0,0,0,0,0,16,0,0,0,0,0,0,0,0,0,0,0,0,0,0,0,0,1,1,0,0,1,4
1.0,0.0,0,0,0,0,0,16,0,0,0,0,0,0,0,0,0,0,0,0,0,0,0,0,1,1,0,0,1,4
1.0,0.0,0,0,0,0,0,16,0,0,0,0,0,0,0,0,0,0,0,0,0,0,0,0,1,1,0,0,2,4
1.0,0.0,0,0,0,0,0,16,0,0,0,0,0,0,0,0,0,0,0,0,0,0,0,0,1,1,0,0,2,4
1.0,0.0,0,12288,0,0,0,16,0,0,0,0,0,0,0,0,0,0,0,0,0,0,0,0,1,1,0,0,4,4
1.0,0.0,0,12288,0,0,0,16,0,0,0,0,0,0,0,0,0,0,0,0,0,0,0,0,1,1,0,0,4,4
1.0,10.0,0,0,0,0,0,16,0,0,0,0,0,0,0,0,0,0,0,0,0,0,0,0,1,1,0,0,1,4
1.0,0.0,0,0,0,0,0,16,0,0,0,0,0,0,0,0,0,0,0,0,0,0,0,0,1,1,0,0,1,4
1.0,0.0,0,0,0,0,0,16,0,0,0,0,0,0,0,0,0,0,0,0,0,0,0,0,1,1,0,0,2,4
1.0,0.0,0,0,0,0,0,16,0,0,0,0,0,0,0,0,0,0,0,0,0,0,0,0,1,1,0,0,2,4
1.0,0.0,0,12288,0,0,0,16,0,0,0,0,0,0,0,0,0,0,0,0,0,0,0,0,1,1,0,0,4,4
1.0,0.0,0,12288,0,0,0,16,0,0,0,0,0,0,0,0,0,0,0,0,0,0,0,0,1,1,0,0,4,4
1.0,0.0,0,0,0,0,0,16,0,0,0,0,0,0,0,0,0,0,0,0,0,0,0,0,1,1,0,0,1,4
1.0,0.0,0,0,0,0,0,16,0,0,0,0,0,0,0,0,0,0,0,0,0,0,0,0,1,1,0,0,1,4
1.0,0.0,0,0,0,0,0,16,0,0,0,0,0,0,0,0,0,0,0,0,0,0,0,0,1,1,0,0,2,4
1.0,0.0,0,0,0,0,0,16,0,0,0,0,0,0,0,0,0,0,0,0,0,0,0,0,1,1,0,0,1,4
1.0,0.0,0,12288,0,0,0,16,0,0,0,0,0,0,0,0,0,0,0,0,0,0,0,0,1,1,0,0,4,4
1.0,0.0,0,0,0,0,0,16,0,0,0,0,0,0,0,0,0,0,0,0,0,0,0,0,1,1,0,0,3,4
1.0,0.0,0,0,0,0,0,16,0,0,0,0,0,0,0,0,0,0,0,0,0,0,0,0,1,1,0,0,1,4
1.0,0.0,0,0,0,0,0,16,0,0,0,0,0,0,0,0,0,0,0,0,0,0,0,0,1,1,0,0,1,4
1.0,0.0,0,0,0,0,0,16,0,0,0,0,0,0,0,0,0,0,0,0,0,0,0,0,1,1,0,0,3,4
1.0,0.0,0,0,0,0,0,21,0,0,0,0,0,0,0,0,0,0,0,0,0,0,0,0,1,1,0,0,36,85
1.0,10.0,0,0,0,0,0,38,0,0,0,0,0,0,0,0,0,0,0,0,0,0,0,0,1,1,0,0,4,84
1.0,0.0,0,0,0,0,0,25,0,0,0,0,0,0,0,0,0,0,0,0,0,0,0,0,1,1,0,0,9,7
1.0,0.0,0,0,0,0,0,28,0,0,0,0,0,0,0,0,0,0,0,0,0,0,0,0,1,1,0,0,30,4
1.0,0.0,0,0,0,0,0,21,0,0,0,0,0,0,0,0,0,0,0,0,0,0,0,0,1,1,0,0,12,4
1.0,0.0,0,0,0,0,0,16,0,0,0,0,0,0,0,0,0,0,0,0,0,0,0,0,1,1,0,0,11,4
1.0,0.0,0,0,0,0,0,20,0,0,0,0,0,0,0,0,0,0,0,0,0,0,0,0,1,1,0,0,1,4
1.0,0.0,0,0,0,0,0,18,0,0,0,0,0,0,0,0,0,0,0,0,0,0,0,0,1,1,0,0,1,4
1.0,0.0,0,0,0,0,0,22,0,0,0,0,0,0,0,0,0,0,0,0,0,0,0,0,1,1,0,0,26,4
1.0,0.0,0,0,0,0,0,16,0,0,0,0,0,0,0,0,0,0,0,0,0,0,0,0,1,1,0,0,31,4
1.0,0.0,0,0,0,0,0,16,0,0,0,0,0,0,0,0,0,0,0,0,0,0,0,0,1,1,0,0,2,4
1.0,0.0,0,12288,0,0,0,16,0,0,0,0,0,0,0,0,0,0,0,0,0,0,0,0,1,1,0,0,4,4
1.0,0.0,0,0,0,0,0,38,0,0,0,0,0,0,0,0,0,0,0,0,0,0,0,0,1,1,0,0,4,84
1.0,0.0,0,0,0,0,0,25,0,0,0,0,0,0,0,0,0,0,0,0,0,0,0,0,1,1,0,0,9,7
1.0,0.0,0,0,0,0,0,28,0,0,0,0,0,0,0,0,0,0,0,0,0,0,0,0,1,1,0,0,30,4
1.0,0.0,0,0,0,0,0,21,0,0,0,0,0,0,0,0,0,0,0,0,0,0,0,0,1,1,0,0,12,4
1.0,0.0,0,0,0,0,0,16,0,0,0,0,0,0,0,0,0,0,0,0,0,0,0,0,1,1,0,0,11,4
1.0,0.0,0,0,0,0,0,20,0,0,0,0,0,0,0,0,0,0,0,0,0,0,0,0,1,1,0,0,1,4
1.0,0.0,0,0,0,0,0,18,0,0,0,0,0,0,0,0,0,0,0,0,0,0,0,0,1,1,0,0,1,4
1.0,0.0,0,0,0,0,0,22,0,0,0,0,0,0,0,0,0,0,0,0,0,0,0,0,1,1,0,0,26,4
1.0,0.0,0,0,0,0,0,16,0,0,0,0,0,0,0,0,0,0,0,0,0,0,0,0,1,1,0,0,31,4
1.0,0.0,0,0,0,0,0,16,0,0,0,0,0,0,0,0,0,0,0,0,0,0,0,0,1,1,0,0,2,4
1.0,0.0,0,12288,0,0,0,16,0,0,0,0,0,0,0,0,0,0,0,0,0,0,0,0,1,1,0,0,4,4
1.0,0.0,0,0,0,0,0,16,0,0,0,0,0,0,0,0,0,0,0,0,0,0,0,0,1,1,0,0,1,4
1.0,0.0,0,0,0,0,0,16,0,0,0,0,0,0,0,0,0,0,0,0,0,0,0,0,1,1,0,0,2,4
1.0,0.0,0,12288,0,0,0,16,0,0,0,0,0,0,0,0,0,0,0,0,0,0,0,0,1,1,0,0,4,4
1.0,0.0,0,0,0,0,0,16,0,0,0,0,0,0,0,0,0,0,0,0,0,0,0,0,1,1,0,0,1,4
1.0,0.0,0,0,0,0,0,16,0,0,0,0,0,0,0,0,0,0,0,0,0,0,0,0,1,1,0,0,1,4
1.0,0.0,0,0,0,0,0,16,0,0,0,0,0,0,0,0,0,0,0,0,0,0,0,0,1,1,0,0,2,4
1.0,0.0,0,0,0,0,0,16,0,0,0,0,0,0,0,0,0,0,0,0,0,0,0,0,1,1,0,0,2,4
1.0,0.0,0,12288,0,0,0,16,0,0,0,0,0,0,0,0,0,0,0,0,0,0,0,0,1,1,0,0,4,4
1.0,0.0,0,12288,0,0,0,16,0,0,0,0,0,0,0,0,0,0,0,0,0,0,0,0,1,1,0,0,4,4
1.0,0.0,0,0,0,0,0,16,0,0,0,0,0,0,0,0,0,0,0,0,0,0,0,0,1,1,0,0,1,4
1.0,0.0,0,0,0,0,0,16,0,0,0,0,0,0,0,0,0,0,0,0,0,0,0,0,1,1,0,0,1,4
1.0,0.0,0,0,0,0,0,16,0,0,0,0,0,0,0,0,0,0,0,0,0,0,0,0,1,1,0,0,2,4
1.0,0.0,0,0,0,0,0,16,0,0,0,0,0,0,0,0,0,0,0,0,0,0,0,0,1,1,0,0,2,4
1.0,0.0,0,12288,0,0,0,16,0,0,0,0,0,0,0,0,0,0,0,0,0,0,0,0,1,1,0,0,4,4
1.0,0.0,0,12288,0,0,0,16,0,0,0,0,0,0,0,0,0,0,0,0,0,0,0,0,1,1,0,0,4,4
1.0,10.0,0,0,0,0,0,16,0,0,0,0,0,0,0,0,0,0,0,0,0,0,0,0,1,1,0,0,1,4
1.0,0.0,0,0,0,0,0,16,0,0,0,0,0,0,0,0,0,0,0,0,0,0,0,0,1,1,0,0,1,4
1.0,0.0,0,0,0,0,0,16,0,0,0,0,0,0,0,0,0,0,0,0,0,0,0,0,1,1,0,0,2,4
1.0,0.0,0,0,0,0,0,16,0,0,0,0,0,0,0,0,0,0,0,0,0,0,0,0,1,1,0,0,2,4
1.0,0.0,0,12288,0,0,0,16,0,0,0,0,0,0,0,0,0,0,0,0,0,0,0,0,1,1,0,0,4,4
1.0,0.0,0,12288,0,0,0,16,0,0,0,0,0,0,0,0,0,0,0,0,0,0,0,0,1,1,0,0,4,4
1.0,0.0,990,0,-2,0,0,15,0,0,0,0,0,0,0,0,0,0,0,0,0,0,0,0,1,1,0,0,32,32
1.0,0.0,990,0,-2,0,0,15,0,0,0,0,0,0,0,0,0,0,0,0,0,0,0,0,1,1,0,0,32,32
1.0,0.0,990,0,-2,0,0,14,0,0,0,0,0,0,0,0,0,0,0,0,0,0,0,0,1,1,0,0,32,32
1.0,0.0,0,0,0,0,0,19,0,0,0,0,0,0,0,0,0,0,0,0,0,0,0,0,1,1,0,0,33,32
1.0,0.0,-1,-1,-1,0,0,4,0,0,0,0,0,0,0,0,0,0,0,0,0,0,0,0,1,1,0,0,7,7
1.0,0.0,-1,-1,-1,0,0,8,0,0,0,0,0,0,0,0,0,0,0,0,0,0,0,0,1,1,0,0,7,7
1.0,0.0,-1,-1,-1,0,0,4,0,0,0,0,0,0,0,0,0,0,0,0,0,0,0,0,1,1,0,0,7,7
1.0,0.0,-1,-1,-1,0,0,5,0,0,0,0,0,0,0,0,0,0,0,0,0,0,0,0,1,1,0,0,7,7
1.0,0.0,0,0,0,0,0,24,0,0,0,0,0,0,0,0,0,0,0,0,0,0,0,0,1,1,0,0,18,20
1.0,0.0,-1,-1,-1,0,0,5,0,0,0,0,0,0,0,0,0,0,0,0,0,0,0,0,1,1,0,0,7,7
1.0,0.0,0,-1,1,0,0,9,0,0,0,0,0,0,0,0,0,0,0,0,0,0,0,0,1,1,0,0,19,20
1.0,0.0,-1,-1,-1,0,0,5,0,0,0,0,0,0,0,0,0,0,0,0,0,0,0,0,1,1,0,0,7,7
1.0,0.0,0,0,0,0,0,20,0,0,0,0,0,0,0,0,0,0,0,0,0,0,0,0,1,1,0,0,20,20
1.0,0.0,0,0,0,0,0,28,0,0,0,0,0,0,0,0,0,0,0,0,0,0,0,0,1,1,0,0,21,83
1.0,0.0,0,0,0,1,0,28,0,0,0,0,0,0,0,0,0,0,0,0,0,0,0,0,1,1,0,0,22,20
1.0,0.0,-1,-1,-1,0,0,5,0,0,0,0,0,0,0,0,0,0,0,0,0,0,0,0,1,1,0,0,7,7
1.0,0.0,-1,-1,-1,0,0,4,0,0,0,0,0,0,0,0,0,0,0,0,0,0,0,0,1,1,0,0,7,7
1.0,0.0,0,0,0,0,0,25,0,0,0,0,0,0,0,0,0,0,0,0,0,0,0,0,1,1,0,0,34,33
1.0,0.0,0,0,0,0,0,77,0,0,0,0,0,0,0,0,0,0,0,0,0,0,0,0,1,1,0,0,35,33
1.0,0.0,-1,-1,-1,0,0,4,0,0,0,0,0,0,0,0,0,0,0,0,0,0,0,0,1,1,0,0,7,7
1.0,0.0,-1,-1,-1,0,0,4,0,0,0,0,0,0,0,0,0,0,0,0,0,0,0,0,1,1,0,0,7,7
1.0,0.0,0,0,0,1,0,20,0,0,0,0,0,0,0,0,0,0,0,0,0,0,0,0,1,1,0,0,22,20
1.0,0.0,-1,-1,-1,0,0,5,0,0,0,0,0,0,0,0,0,0,0,0,0,0,0,0,1,1,0,0,7,7
1.0,0.0,0,0,0,0,0,24,0,0,0,0,0,0,0,0,0,0,0,0,0,0,0,0,1,1,0,0,18,20
1.0,0.0,-1,-1,-1,0,0,5,0,0,0,0,0,0,0,0,0,0,0,0,0,0,0,0,1,1,0,0,7,7
1.0,0.0,0,0,0,0,0,16,0,0,0,0,0,0,0,0,0,0,0,0,0,0,0,0,1,1,0,0,1,4
1.0,0.0,0,0,0,0,0,16,0,0,0,0,0,0,0,0,0,0,0,0,0,0,0,0,1,1,0,0,1,4
1.0,0.0,0,0,0,0,0,16,0,0,0,0,0,0,0,0,0,0,0,0,0,0,0,0,1,1,0,0,2,4
1.0,0.0,0,0,0,0,0,16,0,0,0,0,0,0,0,0,0,0,0,0,0,0,0,0,1,1,0,0,1,4
1.0,0.0,0,12288,0,0,0,16,0,0,0,0,0,0,0,0,0,0,0,0,0,0,0,0,1,1,0,0,4,4
1.0,0.0,0,0,0,0,0,16,0,0,0,0,0,0,0,0,0,0,0,0,0,0,0,0,1,1,0,0,3,4
1.0,0.0,0,0,0,0,0,21,0,0,0,0,0,0,0,0,0,0,0,0,0,0,0,0,1,1,0,0,36,85
1.0,0.0,0,0,0,0,0,16,0,0,0,0,0,0,0,0,0,0,0,0,0,0,0,0,1,1,0,0,1,4
1.0,0.0,0,0,0,0,0,16,0,0,0,0,0,0,0,0,0,0,0,0,0,0,0,0,1,1,0,0,1,4
1.0,0.0,0,0,0,0,0,16,0,0,0,0,0,0,0,0,0,0,0,0,0,0,0,0,1,1,0,0,3,4
1.0,0.0,0,0,0,0,0,20,0,0,0,0,0,0,0,0,0,0,0,0,0,0,0,0,1,1,0,0,5,86
1.0,0.0,0,0,0,0,0,18,0,0,0,0,0,0,0,0,0,0,0,0,0,0,0,0,1,1,0,0,38,86
1.0,0.0,0,0,0,0,0,16,0,0,0,0,0,0,0,0,0,0,0,0,0,0,0,0,1,1,0,0,37,86
1.0,0.0,0,0,0,0,0,19,0,0,0,0,0,0,0,0,0,0,0,0,0,0,0,0,1,1,0,0,40,86
1.0,0.0,0,0,0,0,0,19,0,0,0,0,0,0,0,0,0,0,0,0,0,0,0,0,1,1,0,0,40,86
1.0,0.0,0,0,0,0,0,27,0,0,0,0,0,0,0,0,0,0,0,0,0,0,0,0,1,1,0,0,41,86
1.0,0.0,0,0,0,0,0,27,0,0,0,0,0,0,0,0,0,0,0,0,0,0,0,0,1,1,0,0,42,86
1.0,0.0,0,0,0,0,0,27,0,0,0,0,0,0,0,0,0,0,0,0,0,0,0,0,1,1,0,0,43,86
1.0,10.0,0,0,0,0,0,38,0,0,0,0,0,0,0,0,0,0,0,0,0,0,0,0,1,1,0,0,4,84
1.0,0.0,0,0,0,0,0,25,0,0,0,0,0,0,0,0,0,0,0,0,0,0,0,0,1,1,0,0,9,7
1.0,0.0,0,0,0,0,0,28,0,0,0,0,0,0,0,0,0,0,0,0,0,0,0,0,1,1,0,0,30,4
1.0,0.0,0,0,0,0,0,21,0,0,0,0,0,0,0,0,0,0,0,0,0,0,0,0,1,1,0,0,12,4
1.0,0.0,0,0,0,0,0,16,0,0,0,0,0,0,0,0,0,0,0,0,0,0,0,0,1,1,0,0,11,4
1.0,0.0,0,0,0,0,0,20,0,0,0,0,0,0,0,0,0,0,0,0,0,0,0,0,1,1,0,0,1,4
1.0,0.0,0,0,0,0,0,18,0,0,0,0,0,0,0,0,0,0,0,0,0,0,0,0,1,1,0,0,1,4
1.0,0.0,0,0,0,0,0,22,0,0,0,0,0,0,0,0,0,0,0,0,0,0,0,0,1,1,0,0,26,4
1.0,0.0,0,0,0,0,0,16,0,0,0,0,0,0,0,0,0,0,0,0,0,0,0,0,1,1,0,0,31,4
1.0,0.0,0,0,0,0,0,16,0,0,0,0,0,0,0,0,0,0,0,0,0,0,0,0,1,1,0,0,2,4
1.0,0.0,0,12288,0,0,0,16,0,0,0,0,0,0,0,0,0,0,0,0,0,0,0,0,1,1,0,0,4,4
1.0,0.0,0,0,0,0,0,38,0,0,0,0,0,0,0,0,0,0,0,0,0,0,0,0,1,1,0,0,4,84
1.0,0.0,0,0,0,0,0,25,0,0,0,0,0,0,0,0,0,0,0,0,0,0,0,0,1,1,0,0,9,7
1.0,0.0,0,0,0,0,0,28,0,0,0,0,0,0,0,0,0,0,0,0,0,0,0,0,1,1,0,0,30,4
1.0,0.0,0,0,0,0,0,21,0,0,0,0,0,0,0,0,0,0,0,0,0,0,0,0,1,1,0,0,12,4
1.0,0.0,0,0,0,0,0,16,0,0,0,0,0,0,0,0,0,0,0,0,0,0,0,0,1,1,0,0,11,4
1.0,0.0,0,0,0,0,0,20,0,0,0,0,0,0,0,0,0,0,0,0,0,0,0,0,1,1,0,0,1,4
1.0,0.0,0,0,0,0,0,18,0,0,0,0,0,0,0,0,0,0,0,0,0,0,0,0,1,1,0,0,1,4
1.0,0.0,0,0,0,0,0,22,0,0,0,0,0,0,0,0,0,0,0,0,0,0,0,0,1,1,0,0,26,4
1.0,0.0,0,0,0,0,0,16,0,0,0,0,0,0,0,0,0,0,0,0,0,0,0,0,1,1,0,0,31,4
1.0,0.0,0,0,0,0,0,16,0,0,0,0,0,0,0,0,0,0,0,0,0,0,0,0,1,1,0,0,2,4
1.0,0.0,0,12288,0,0,0,16,0,0,0,0,0,0,0,0,0,0,0,0,0,0,0,0,1,1,0,0,4,4
1.0,0.0,0,0,0,0,0,16,0,0,0,0,0,0,0,0,0,0,0,0,0,0,0,0,1,1,0,0,1,4
1.0,0.0,0,0,0,0,0,16,0,0,0,0,0,0,0,0,0,0,0,0,0,0,0,0,1,1,0,0,2,4
1.0,0.0,0,12288,0,0,0,16,0,0,0,0,0,0,0,0,0,0,0,0,0,0,0,0,1,1,0,0,4,4
1.0,0.0,0,0,0,0,0,16,0,0,0,0,0,0,0,0,0,0,0,0,0,0,0,0,1,1,0,0,1,4
1.0,0.0,0,0,0,0,0,16,0,0,0,0,0,0,0,0,0,0,0,0,0,0,0,0,1,1,0,0,1,4
1.0,0.0,0,0,0,0,0,16,0,0,0,0,0,0,0,0,0,0,0,0,0,0,0,0,1,1,0,0,2,4
1.0,0.0,0,0,0,0,0,16,0,0,0,0,0,0,0,0,0,0,0,0,0,0,0,0,1,1,0,0,2,4
1.0,0.0,0,12288,0,0,0,16,0,0,0,0,0,0,0,0,0,0,0,0,0,0,0,0,1,1,0,0,4,4
1.0,0.0,0,12288,0,0,0,16,0,0,0,0,0,0,0,0,0,0,0,0,0,0,0,0,1,1,0,0,4,4
1.0,0.0,0,0,0,0,0,16,0,0,0,0,0,0,0,0,0,0,0,0,0,0,0,0,1,1,0,0,1,4
1.0,0.0,0,0,0,0,0,16,0,0,0,0,0,0,0,0,0,0,0,0,0,0,0,0,1,1,0,0,1,4
1.0,0.0,0,0,0,0,0,16,0,0,0,0,0,0,0,0,0,0,0,0,0,0,0,0,1,1,0,0,2,4
1.0,0.0,0,0,0,0,0,16,0,0,0,0,0,0,0,0,0,0,0,0,0,0,0,0,1,1,0,0,2,4
1.0,0.0,0,12288,0,0,0,16,0,0,0,0,0,0,0,0,0,0,0,0,0,0,0,0,1,1,0,0,4,4
1.0,0.0,0,12288,0,0,0,16,0,0,0,0,0,0,0,0,0,0,0,0,0,0,0,0,1,1,0,0,4,4
1.0,0.0,0,0,0,0,0,21,0,0,0,0,0,0,0,0,0,0,0,0,0,0,0,0,1,1,0,0,36,85
1.0,10.0,994,-1,0,0,0,11,0,0,0,0,0,0,0,0,0,0,0,0,0,0,0,0,1,1,0,0,75,20
1.0,0.0,994,-1,0,0,0,11,0,0,0,0,0,0,0,0,0,0,0,0,0,0,0,0,1,1,0,0,75,20
1.0,0.0,0,0,0,0,0,16,0,0,0,0,0,0,0,0,0,0,0,0,0,0,0,0,1,1,0,0,1,4
1.0,0.0,0,0,0,0,0,16,0,0,0,0,0,0,0,0,0,0,0,0,0,0,0,0,1,1,0,0,1,4
1.0,0.0,0,0,0,0,0,16,0,0,0,0,0,0,0,0,0,0,0,0,0,0,0,0,1,1,0,0,2,4
1.0,0.0,0,0,0,0,0,16,0,0,0,0,0,0,0,0,0,0,0,0,0,0,0,0,1,1,0,0,2,4
1.0,0.0,0,12288,0,0,0,16,0,0,0,0,0,0,0,0,0,0,0,0,0,0,0,0,1,1,0,0,4,4
1.0,0.0,0,12288,0,0,0,16,0,0,0,0,0,0,0,0,0,0,0,0,0,0,0,0,1,1,0,0,4,4
1.0,0.0,0,0,0,0,0,16,0,0,0,0,0,0,0,0,0,0,0,0,0,0,0,0,1,1,0,0,1,4
1.0,0.0,0,0,0,0,0,16,0,0,0,0,0,0,0,0,0,0,0,0,0,0,0,0,1,1,0,0,1,4
1.0,0.0,0,0,0,0,0,16,0,0,0,0,0,0,0,0,0,0,0,0,0,0,0,0,1,1,0,0,1,4
1.0,0.0,0,0,0,0,0,16,0,0,0,0,0,0,0,0,0,0,0,0,0,0,0,0,1,1,0,0,2,4
1.0,0.0,0,0,0,0,0,16,0,0,0,0,0,0,0,0,0,0,0,0,0,0,0,0,1,1,0,0,3,4
1.0,0.0,0,12288,0,0,0,16,0,0,0,0,0,0,0,0,0,0,0,0,0,0,0,0,1,1,0,0,4,4
1.0,0.0,0,0,0,0,0,16,0,0,0,0,0,0,0,0,0,0,0,0,0,0,0,0,1,1,0,0,1,4
1.0,0.0,0,0,0,0,0,16,0,0,0,0,0,0,0,0,0,0,0,0,0,0,0,0,1,1,0,0,1,4
1.0,0.0,0,0,0,0,0,16,0,0,0,0,0,0,0,0,0,0,0,0,0,0,0,0,1,1,0,0,3,4
1.0,10.0,990,0,-2,0,0,15,0,0,0,0,0,0,0,0,0,0,0,0,0,0,0,0,1,1,0,0,32,32
1.0,0.0,990,0,-2,0,0,15,0,0,0,0,0,0,0,0,0,0,0,0,0,0,0,0,1,1,0,0,32,32
1.0,0.0,990,0,-2,0,0,14,0,0,0,0,0,0,0,0,0,0,0,0,0,0,0,0,1,1,0,0,32,32
1.0,0.0,0,0,0,0,0,19,0,0,0,0,0,0,0,0,0,0,0,0,0,0,0,0,1,1,0,0,33,32
1.0,0.0,-1,-1,-1,0,0,4,0,0,0,0,0,0,0,0,0,0,0,0,0,0,0,0,1,1,0,0,7,7
1.0,0.0,-1,-1,-1,0,0,8,0,0,0,0,0,0,0,0,0,0,0,0,0,0,0,0,1,1,0,0,7,7
1.0,0.0,-1,-1,-1,0,0,4,0,0,0,0,0,0,0,0,0,0,0,0,0,0,0,0,1,1,0,0,7,7
1.0,0.0,-1,-1,-1,0,0,5,0,0,0,0,0,0,0,0,0,0,0,0,0,0,0,0,1,1,0,0,7,7
1.0,0.0,0,0,0,0,0,24,0,0,0,0,0,0,0,0,0,0,0,0,0,0,0,0,1,1,0,0,18,20
1.0,0.0,-1,-1,-1,0,0,5,0,0,0,0,0,0,0,0,0,0,0,0,0,0,0,0,1,1,0,0,7,7
1.0,0.0,0,-1,1,0,0,9,0,0,0,0,0,0,0,0,0,0,0,0,0,0,0,0,1,1,0,0,19,20
1.0,0.0,-1,-1,-1,0,0,5,0,0,0,0,0,0,0,0,0,0,0,0,0,0,0,0,1,1,0,0,7,7
1.0,0.0,0,0,0,0,0,20,0,0,0,0,0,0,0,0,0,0,0,0,0,0,0,0,1,1,0,0,20,20
1.0,0.0,0,0,0,0,0,28,0,0,0,0,0,0,0,0,0,0,0,0,0,0,0,0,1,1,0,0,21,83
1.0,0.0,0,0,0,1,0,28,0,0,0,0,0,0,0,0,0,0,0,0,0,0,0,0,1,1,0,0,22,20
1.0,0.0,-1,-1,-1,0,0,5,0,0,0,0,0,0,0,0,0,0,0,0,0,0,0,0,1,1,0,0,7,7
1.0,0.0,-1,-1,-1,0,0,4,0,0,0,0,0,0,0,0,0,0,0,0,0,0,0,0,1,1,0,0,7,7
1.0,0.0,0,0,0,0,0,25,0,0,0,0,0,0,0,0,0,0,0,0,0,0,0,0,1,1,0,0,34,33
1.0,0.0,0,0,0,0,0,77,0,0,0,0,0,0,0,0,0,0,0,0,0,0,0,0,1,1,0,0,35,33
1.0,0.0,-1,-1,-1,0,0,4,0,0,0,0,0,0,0,0,0,0,0,0,0,0,0,0,1,1,0,0,7,7
1.0,0.0,-1,-1,-1,0,0,4,0,0,0,0,0,0,0,0,0,0,0,0,0,0,0,0,1,1,0,0,7,7
1.0,0.0,0,0,0,1,0,20,0,0,0,0,0,0,0,0,0,0,0,0,0,0,0,0,1,1,0,0,22,20
1.0,0.0,-1,-1,-1,0,0,5,0,0,0,0,0,0,0,0,0,0,0,0,0,0,0,0,1,1,0,0,7,7
1.0,0.0,0,0,0,0,0,24,0,0,0,0,0,0,0,0,0,0,0,0,0,0,0,0,1,1,0,0,18,20
1.0,0.0,-1,-1,-1,0,0,5,0,0,0,0,0,0,0,0,0,0,0,0,0,0,0,0,1,1,0,0,7,7
1.0,0.0,0,0,0,0,0,38,0,0,0,0,0,0,0,0,0,0,0,0,0,0,0,0,1,1,0,0,4,84
1.0,0.0,0,0,0,0,0,25,0,0,0,0,0,0,0,0,0,0,0,0,0,0,0,0,1,1,0,0,9,7
1.0,0.0,0,0,0,0,0,28,0,0,0,0,0,0,0,0,0,0,0,0,0,0,0,0,1,1,0,0,30,4
1.0,0.0,0,0,0,0,0,21,0,0,0,0,0,0,0,0,0,0,0,0,0,0,0,0,1,1,0,0,12,4
1.0,0.0,0,0,0,0,0,16,0,0,0,0,0,0,0,0,0,0,0,0,0,0,0,0,1,1,0,0,11,4
1.0,0.0,0,0,0,0,0,20,0,0,0,0,0,0,0,0,0,0,0,0,0,0,0,0,1,1,0,0,1,4
1.0,0.0,0,0,0,0,0,18,0,0,0,0,0,0,0,0,0,0,0,0,0,0,0,0,1,1,0,0,1,4
1.0,0.0,0,0,0,0,0,22,0,0,0,0,0,0,0,0,0,0,0,0,0,0,0,0,1,1,0,0,26,4
1.0,0.0,0,0,0,0,0,16,0,0,0,0,0,0,0,0,0,0,0,0,0,0,0,0,1,1,0,0,31,4
1.0,0.0,0,0,0,0,0,16,0,0,0,0,0,0,0,0,0,0,0,0,0,0,0,0,1,1,0,0,2,4
1.0,0.0,0,12288,0,0,0,16,0,0,0,0,0,0,0,0,0,0,0,0,0,0,0,0,1,1,0,0,4,4
1.0,0.0,0,0,0,0,0,21,0,0,0,0,0,0,0,0,0,0,0,0,0,0,0,0,1,1,0,0,36,85
1.0,0.0,0,0,0,0,0,38,0,0,0,0,0,0,0,0,0,0,0,0,0,0,0,0,1,1,0,0,4,84
1.0,0.0,0,0,0,0,0,25,0,0,0,0,0,0,0,0,0,0,0,0,0,0,0,0,1,1,0,0,9,7
1.0,0.0,0,0,0,0,0,28,0,0,0,0,0,0,0,0,0,0,0,0,0,0,0,0,1,1,0,0,30,4
1.0,0.0,0,0,0,0,0,21,0,0,0,0,0,0,0,0,0,0,0,0,0,0,0,0,1,1,0,0,12,4
1.0,0.0,0,0,0,0,0,16,0,0,0,0,0,0,0,0,0,0,0,0,0,0,0,0,1,1,0,0,11,4
1.0,0.0,0,0,0,0,0,20,0,0,0,0,0,0,0,0,0,0,0,0,0,0,0,0,1,1,0,0,1,4
1.0,0.0,0,0,0,0,0,18,0,0,0,0,0,0,0,0,0,0,0,0,0,0,0,0,1,1,0,0,1,4
1.0,0.0,0,0,0,0,0,22,0,0,0,0,0,0,0,0,0,0,0,0,0,0,0,0,1,1,0,0,26,4
1.0,0.0,0,0,0,0,0,16,0,0,0,0,0,0,0,0,0,0,0,0,0,0,0,0,1,1,0,0,31,4
1.0,0.0,0,0,0,0,0,16,0,0,0,0,0,0,0,0,0,0,0,0,0,0,0,0,1,1,0,0,2,4
1.0,0.0,0,12288,0,0,0,16,0,0,0,0,0,0,0,0,0,0,0,0,0,0,0,0,1,1,0,0,4,4
1.0,0.0,0,0,0,0,0,16,0,0,0,0,0,0,0,0,0,0,0,0,0,0,0,0,1,1,0,0,1,4
1.0,0.0,0,0,0,0,0,16,0,0,0,0,0,0,0,0,0,0,0,0,0,0,0,0,1,1,0,0,2,4
1.0,0.0,0,12288,0,0,0,16,0,0,0,0,0,0,0,0,0,0,0,0,0,0,0,0,1,1,0,0,4,4
1.0,0.0,0,0,0,0,0,20,0,0,0,0,0,0,0,0,0,0,0,0,0,0,0,0,1,1,0,0,5,86
1.0,0.0,0,0,0,0,0,18,0,0,0,0,0,0,0,0,0,0,0,0,0,0,0,0,1,1,0,0,38,86
1.0,0.0,0,0,0,0,0,16,0,0,0,0,0,0,0,0,0,0,0,0,0,0,0,0,1,1,0,0,37,86
1.0,0.0,0,0,0,0,0,16,0,0,0,0,0,0,0,0,0,0,0,0,0,0,0,0,1,1,0,0,39,86
1.0,0.0,0,0,0,0,0,27,0,0,0,0,0,0,0,0,0,0,0,0,0,0,0,0,1,1,0,0,41,86
1.0,0.0,0,0,0,0,0,27,0,0,0,0,0,0,0,0,0,0,0,0,0,0,0,0,1,1,0,0,42,86
1.0,0.0,0,0,0,0,0,27,0,0,0,0,0,0,0,0,0,0,0,0,0,0,0,0,1,1,0,0,43,86
1.0,0.0,0,0,0,0,0,16,0,0,0,0,0,0,0,0,0,0,0,0,0,0,0,0,1,1,0,0,1,4
1.0,0.0,0,0,0,0,0,16,0,0,0,0,0,0,0,0,0,0,0,0,0,0,0,0,1,1,0,0,1,4
1.0,0.0,0,0,0,0,0,16,0,0,0,0,0,0,0,0,0,0,0,0,0,0,0,0,1,1,0,0,2,4
1.0,0.0,0,0,0,0,0,16,0,0,0,0,0,0,0,0,0,0,0,0,0,0,0,0,1,1,0,0,2,4
1.0,0.0,0,12288,0,0,0,16,0,0,0,0,0,0,0,0,0,0,0,0,0,0,0,0,1,1,0,0,4,4
1.0,0.0,0,12288,0,0,0,16,0,0,0,0,0,0,0,0,0,0,0,0,0,0,0,0,1,1,0,0,4,4
1.0,0.0,0,0,0,0,0,16,0,0,0,0,0,0,0,0,0,0,0,0,0,0,0,0,1,1,0,0,1,4
1.0,0.0,0,0,0,0,0,16,0,0,0,0,0,0,0,0,0,0,0,0,0,0,0,0,1,1,0,0,1,4
1.0,0.0,0,0,0,0,0,16,0,0,0,0,0,0,0,0,0,0,0,0,0,0,0,0,1,1,0,0,2,4
1.0,0.0,0,0,0,0,0,16,0,0,0,0,0,0,0,0,0,0,0,0,0,0,0,0,1,1,0,0,2,4
1.0,0.0,0,12288,0,0,0,16,0,0,0,0,0,0,0,0,0,0,0,0,0,0,0,0,1,1,0,0,4,4
1.0,0.0,0,12288,0,0,0,16,0,0,0,0,0,0,0,0,0,0,0,0,0,0,0,0,1,1,0,0,4,4
1.0,10.0,0,0,0,0,0,16,0,0,0,0,0,0,0,0,0,0,0,0,0,0,0,0,1,1,0,0,1,4
1.0,0.0,0,0,0,0,0,16,0,0,0,0,0,0,0,0,0,0,0,0,0,0,0,0,1,1,0,0,1,4
1.0,0.0,0,0,0,0,0,16,0,0,0,0,0,0,0,0,0,0,0,0,0,0,0,0,1,1,0,0,2,4
1.0,0.0,0,0,0,0,0,16,0,0,0,0,0,0,0,0,0,0,0,0,0,0,0,0,1,1,0,0,2,4
1.0,0.0,0,12288,0,0,0,16,0,0,0,0,0,0,0,0,0,0,0,0,0,0,0,0,1,1,0,0,4,4
1.0,0.0,0,12288,0,0,0,16,0,0,0,0,0,0,0,0,0,0,0,0,0,0,0,0,1,1,0,0,4,4
1.0,0.0,0,0,0,0,0,16,0,0,0,0,0,0,0,0,0,0,0,0,0,0,0,0,1,1,0,0,1,4
1.0,0.0,0,0,0,0,0,16,0,0,0,0,0,0,0,0,0,0,0,0,0,0,0,0,1,1,0,0,1,4
1.0,0.0,0,0,0,0,0,16,0,0,0,0,0,0,0,0,0,0,0,0,0,0,0,0,1,1,0,0,2,4
1.0,0.0,0,0,0,0,0,16,0,0,0,0,0,0,0,0,0,0,0,0,0,0,0,0,1,1,0,0,1,4
1.0,0.0,0,12288,0,0,0,16,0,0,0,0,0,0,0,0,0,0,0,0,0,0,0,0,1,1,0,0,4,4
1.0,0.0,0,0,0,0,0,16,0,0,0,0,0,0,0,0,0,0,0,0,0,0,0,0,1,1,0,0,3,4
1.0,0.0,0,0,0,0,0,16,0,0,0,0,0,0,0,0,0,0,0,0,0,0,0,0,1,1,0,0,1,4
1.0,0.0,0,0,0,0,0,16,0,0,0,0,0,0,0,0,0,0,0,0,0,0,0,0,1,1,0,0,1,4
1.0,0.0,0,0,0,0,0,16,0,0,0,0,0,0,0,0,0,0,0,0,0,0,0,0,1,1,0,0,3,4
1.0,0.0,0,0,0,0,0,21,0,0,0,0,0,0,0,0,0,0,0,0,0,0,0,0,1,1,0,0,36,85
1.0,10.0,0,0,0,0,0,19,0,0,0,0,0,0,0,0,0,0,0,0,0,0,0,0,1,1,0,0,16,16
1.0,0.0,-1,-1,-1,0,0,4,0,0,0,0,0,0,0,0,0,0,0,0,0,0,0,0,1,1,0,0,7,7
1.0,0.0,-1,-1,-1,0,0,4,0,0,0,0,0,0,0,0,0,0,0,0,0,0,0,0,1,1,0,0,7,7
1.0,0.0,-1,-1,-1,0,0,4,0,0,0,0,0,0,0,0,0,0,0,0,0,0,0,0,1,1,0,0,7,7
1.0,0.0,0,0,0,0,0,38,0,0,0,0,0,0,0,0,0,0,0,0,0,0,0,0,1,1,0,0,4,84
1.0,0.0,0,0,0,0,0,25,0,0,0,0,0,0,0,0,0,0,0,0,0,0,0,0,1,1,0,0,9,7
1.0,0.0,0,0,0,0,0,28,0,0,0,0,0,0,0,0,0,0,0,0,0,0,0,0,1,1,0,0,30,4
1.0,0.0,0,0,0,0,0,21,0,0,0,0,0,0,0,0,0,0,0,0,0,0,0,0,1,1,0,0,12,4
1.0,0.0,0,0,0,0,0,16,0,0,0,0,0,0,0,0,0,0,0,0,0,0,0,0,1,1,0,0,11,4
1.0,0.0,0,0,0,0,0,20,0,0,0,0,0,0,0,0,0,0,0,0,0,0,0,0,1,1,0,0,1,4
1.0,0.0,0,0,0,0,0,18,0,0,0,0,0,0,0,0,0,0,0,0,0,0,0,0,1,1,0,0,1,4
1.0,0.0,0,0,0,0,0,22,0,0,0,0,0,0,0,0,0,0,0,0,0,0,0,0,1,1,0,0,26,4
1.0,0.0,0,0,0,0,0,16,0,0,0,0,0,0,0,0,0,0,0,0,0,0,0,0,1,1,0,0,31,4
1.0,0.0,0,0,0,0,0,16,0,0,0,0,0,0,0,0,0,0,0,0,0,0,0,0,1,1,0,0,2,4
1.0,0.0,0,12288,0,0,0,16,0,0,0,0,0,0,0,0,0,0,0,0,0,0,0,0,1,1,0,0,4,4
1.0,0.0,0,0,0,0,0,38,0,0,0,0,0,0,0,0,0,0,0,0,0,0,0,0,1,1,0,0,4,84
1.0,0.0,0,0,0,0,0,25,0,0,0,0,0,0,0,0,0,0,0,0,0,0,0,0,1,1,0,0,9,7
1.0,0.0,0,0,0,0,0,28,0,0,0,0,0,0,0,0,0,0,0,0,0,0,0,0,1,1,0,0,30,4
1.0,0.0,0,0,0,0,0,21,0,0,0,0,0,0,0,0,0,0,0,0,0,0,0,0,1,1,0,0,12,4
1.0,0.0,0,0,0,0,0,16,0,0,0,0,0,0,0,0,0,0,0,0,0,0,0,0,1,1,0,0,11,4
1.0,0.0,0,0,0,0,0,20,0,0,0,0,0,0,0,0,0,0,0,0,0,0,0,0,1,1,0,0,1,4
1.0,0.0,0,0,0,0,0,18,0,0,0,0,0,0,0,0,0,0,0,0,0,0,0,0,1,1,0,0,1,4
1.0,0.0,0,0,0,0,0,22,0,0,0,0,0,0,0,0,0,0,0,0,0,0,0,0,1,1,0,0,26,4
1.0,0.0,0,0,0,0,0,16,0,0,0,0,0,0,0,0,0,0,0,0,0,0,0,0,1,1,0,0,31,4
1.0,0.0,0,0,0,0,0,16,0,0,0,0,0,0,0,0,0,0,0,0,0,0,0,0,1,1,0,0,2,4
1.0,0.0,0,12288,0,0,0,16,0,0,0,0,0,0,0,0,0,0,0,0,0,0,0,0,1,1,0,0,4,4
1.0,0.0,0,0,0,0,0,16,0,0,0,0,0,0,0,0,0,0,0,0,0,0,0,0,1,1,0,0,1,4
1.0,0.0,0,0,0,0,0,16,0,0,0,0,0,0,0,0,0,0,0,0,0,0,0,0,1,1,0,0,2,4
1.0,0.0,0,12288,0,0,0,16,0,0,0,0,0,0,0,0,0,0,0,0,0,0,0,0,1,1,0,0,4,4
1.0,0.0,0,0,0,0,0,16,0,0,0,0,0,0,0,0,0,0,0,0,0,0,0,0,1,1,0,0,1,4
1.0,0.0,0,0,0,0,0,16,0,0,0,0,0,0,0,0,0,0,0,0,0,0,0,0,1,1,0,0,1,4
1.0,0.0,0,0,0,0,0,16,0,0,0,0,0,0,0,0,0,0,0,0,0,0,0,0,1,1,0,0,2,4
1.0,0.0,0,0,0,0,0,16,0,0,0,0,0,0,0,0,0,0,0,0,0,0,0,0,1,1,0,0,2,4
1.0,0.0,0,12288,0,0,0,16,0,0,0,0,0,0,0,0,0,0,0,0,0,0,0,0,1,1,0,0,4,4
1.0,0.0,0,12288,0,0,0,16,0,0,0,0,0,0,0,0,0,0,0,0,0,0,0,0,1,1,0,0,4,4
1.0,0.0,0,0,0,0,0,16,0,0,0,0,0,0,0,0,0,0,0,0,0,0,0,0,1,1,0,0,1,4
1.0,0.0,0,0,0,0,0,16,0,0,0,0,0,0,0,0,0,0,0,0,0,0,0,0,1,1,0,0,1,4
1.0,0.0,0,0,0,0,0,16,0,0,0,0,0,0,0,0,0,0,0,0,0,0,0,0,1,1,0,0,2,4
1.0,0.0,0,0,0,0,0,16,0,0,0,0,0,0,0,0,0,0,0,0,0,0,0,0,1,1,0,0,2,4
1.0,0.0,0,12288,0,0,0,16,0,0,0,0,0,0,0,0,0,0,0,0,0,0,0,0,1,1,0,0,4,4
1.0,0.0,0,12288,0,0,0,16,0,0,0,0,0,0,0,0,0,0,0,0,0,0,0,0,1,1,0,0,4,4
1.0,10.0,990,0,-2,0,0,15,0,0,0,0,0,0,0,0,0,0,0,0,0,0,0,0,1,1,0,0,32,32
1.0,0.0,990,0,-2,0,0,15,0,0,0,0,0,0,0,0,0,0,0,0,0,0,0,0,1,1,0,0,32,32
1.0,0.0,990,0,-2,0,0,14,0,0,0,0,0,0,0,0,0,0,0,0,0,0,0,0,1,1,0,0,32,32
1.0,0.0,0,0,0,0,0,19,0,0,0,0,0,0,0,0,0,0,0,0,0,0,0,0,1,1,0,0,33,32
1.0,0.0,-1,-1,-1,0,0,4,0,0,0,0,0,0,0,0,0,0,0,0,0,0,0,0,1,1,0,0,7,7
1.0,0.0,-1,-1,-1,0,0,8,0,0,0,0,0,0,0,0,0,0,0,0,0,0,0,0,1,1,0,0,7,7
1.0,0.0,-1,-1,-1,0,0,4,0,0,0,0,0,0,0,0,0,0,0,0,0,0,0,0,1,1,0,0,7,7
1.0,0.0,-1,-1,-1,0,0,5,0,0,0,0,0,0,0,0,0,0,0,0,0,0,0,0,1,1,0,0,7,7
1.0,0.0,0,0,0,0,0,24,0,0,0,0,0,0,0,0,0,0,0,0,0,0,0,0,1,1,0,0,18,20
1.0,0.0,-1,-1,-1,0,0,5,0,0,0,0,0,0,0,0,0,0,0,0,0,0,0,0,1,1,0,0,7,7
1.0,0.0,0,-1,1,0,0,9,0,0,0,0,0,0,0,0,0,0,0,0,0,0,0,0,1,1,0,0,19,20
1.0,0.0,-1,-1,-1,0,0,5,0,0,0,0,0,0,0,0,0,0,0,0,0,0,0,0,1,1,0,0,7,7
1.0,0.0,0,0,0,0,0,20,0,0,0,0,0,0,0,0,0,0,0,0,0,0,0,0,1,1,0,0,20,20
1.0,0.0,0,0,0,0,0,28,0,0,0,0,0,0,0,0,0,0,0,0,0,0,0,0,1,1,0,0,21,83
1.0,0.0,0,0,0,1,0,28,0,0,0,0,0,0,0,0,0,0,0,0,0,0,0,0,1,1,0,0,22,20
1.0,0.0,-1,-1,-1,0,0,5,0,0,0,0,0,0,0,0,0,0,0,0,0,0,0,0,1,1,0,0,7,7
1.0,0.0,-1,-1,-1,0,0,4,0,0,0,0,0,0,0,0,0,0,0,0,0,0,0,0,1,1,0,0,7,7
1.0,0.0,0,0,0,0,0,25,0,0,0,0,0,0,0,0,0,0,0,0,0,0,0,0,1,1,0,0,34,33
