timedelta,suid,cap_fp,comm,parent_comm,exit,log key,n_dang,n_dang_no_cron,fp_length,enc_comm,enc_parent_comm
,998,0,pkla-check-auth,-1,0,-1,0,0,0,1,21
0.04399991035461426,998,0,pkla-check-auth,-1,0,-1,0,0,0,1,21
-0.17499995231628418,42,0,gsd-rfkill,-1,0,-1,0,0,0,2,21
-0.12899994850158691,42,0,gsd-sharing,-1,0,-1,0,0,0,3,21
0.12399983406066895,42,0,gsd-keyboard,-1,0,-1,0,0,0,4,21
-0.13199996948242188,42,0,gsd-wacom,-1,0,-1,0,0,0,5,21
0.13700008392333984,42,0,gsd-print-notif,-1,0,-1,0,0,0,6,21
-0.0840001106262207,42,0,gsd-color,-1,0,-1,0,0,0,7,21
0.12100005149841309,42,0,gsd-screensaver,-1,0,-1,0,0,0,8,21
0.1979999542236328,998,0,pkla-check-auth,-1,0,-1,0,0,0,1,21
-0.1979999542236328,42,0,gsd-sound,-1,0,-1,0,0,0,9,21
-0.0279998779296875,42,0,gsd-smartcard,-1,0,-1,0,0,0,10,21
0.042999982833862305,42,0,gsd-a11y-settin,-1,0,-1,0,0,0,11,21
0.03900003433227539,42,0,gsd-power,-1,0,-1,0,0,0,12,21
-0.06500005722045898,42,0,gsd-media-keys,-1,0,-1,0,0,0,13,21
-0.012000083923339844,42,0,gsd-datetime,-1,0,-1,0,0,0,14,21
0.03800010681152344,42,0,gsd-housekeepin,-1,0,-1,0,0,0,15,21
0.2349998950958252,998,0,pkla-check-auth,-1,0,-1,0,0,0,1,21
0.04699993133544922,998,0,pkla-check-auth,-1,0,-1,0,0,0,1,21
0.05300021171569824,998,0,pkla-check-auth,-1,0,-1,0,0,0,1,21
0.05299997329711914,998,0,pkla-check-auth,-1,0,-1,0,0,0,1,21
0.11999988555908203,998,0,pkla-check-auth,-1,0,-1,0,0,0,1,21
0.05800008773803711,998,0,pkla-check-auth,-1,0,-1,0,0,0,1,21
0.06399989128112793,998,0,pkla-check-auth,-1,0,-1,0,0,0,1,21
0.03600001335144043,998,0,pkla-check-auth,-1,0,-1,0,0,0,1,21
0.032000064849853516,998,0,pkla-check-auth,-1,0,-1,0,0,0,1,21
0.0409998893737793,998,0,pkla-check-auth,-1,0,-1,0,0,0,1,21
0.039999961853027344,998,0,pkla-check-auth,-1,0,-1,0,0,0,1,21
0.10199999809265137,998,0,pkla-check-auth,-1,0,-1,0,0,0,1,21
0.10700011253356934,998,0,pkla-check-auth,-1,0,-1,0,0,0,1,21
-0.09800004959106445,42,0,ibus-engine-sim,-1,0,-1,0,0,0,16,21
0.1979999542236328,998,0,pkla-check-auth,-1,0,-1,0,0,0,1,21
0.051000118255615234,998,0,pkla-check-auth,-1,0,-1,0,0,0,1,21
0.03900003433227539,998,0,pkla-check-auth,-1,0,-1,0,0,0,1,21
0.12999987602233887,998,0,pkla-check-auth,-1,0,-1,0,0,0,1,21
0.07400012016296387,998,0,pkla-check-auth,-1,0,-1,0,0,0,1,21
0.037999868392944336,42,0,gsd-printer,-1,0,-1,0,0,0,17,21
0.03600001335144043,998,0,pkla-check-auth,-1,0,-1,0,0,0,1,21
-0.03600001335144043,42,0,false,-1,0,-1,0,0,0,18,21
0.08000016212463379,998,0,pkla-check-auth,-1,0,-1,0,0,0,1,21
0.08799982070922852,998,0,pkla-check-auth,-1,0,-1,0,0,0,1,21
0.15799999237060547,998,0,pkla-check-auth,-1,0,-1,0,0,0,1,21
0.04700016975402832,998,0,pkla-check-auth,-1,0,-1,0,0,0,1,21
0.034999847412109375,998,0,pkla-check-auth,-1,0,-1,0,0,0,1,21
0.037000179290771484,998,0,pkla-check-auth,-1,0,-1,0,0,0,1,21
0.020999908447265625,42,0,sh,-1,0,-1,0,0,0,19,21
0.0409998893737793,998,0,pkla-check-auth,-1,0,-1,0,0,0,1,21
0.07400012016296387,998,0,pkla-check-auth,-1,0,-1,0,0,0,1,21
-0.11500000953674316,42,0,xkbcomp,-1,0,-1,0,0,0,20,21
0.14899992942810059,-1,-1,-1,-1,-1,-1,0,0,0,21,21
0.02500009536743164,998,0,pkla-check-auth,-1,0,-1,0,0,0,1,21
0.05900001525878906,998,0,pkla-check-auth,-1,0,-1,0,0,0,1,21
0.05900001525878906,998,0,pkla-check-auth,-1,0,-1,0,0,0,1,21
0.032000064849853516,998,0,pkla-check-auth,-1,0,-1,0,0,0,1,21
0.03099989891052246,998,0,pkla-check-auth,-1,0,-1,0,0,0,1,21
0.002000093460083008,0,0,fprintd,-1,0,-1,0,0,0,22,21
0.017999887466430664,998,0,pkla-check-auth,-1,0,-1,0,0,0,1,21
0.051000118255615234,-1,-1,-1,-1,-1,-1,0,0,0,21,21
0.0989999771118164,0,0,realmd,-1,0,-1,0,0,0,23,21
0.0709998607635498,-1,-1,-1,-1,-1,-1,0,0,0,21,21
0.35700011253356934,998,0,pkla-check-auth,-1,0,-1,0,0,0,1,21
-0.013000011444091797,986,0,colord,-1,0,-1,0,0,0,24,21
0.0969998836517334,998,0,pkla-check-auth,-1,0,-1,0,0,0,1,21
0.08800005912780762,42,0,gjs,-1,0,-1,0,0,0,25,21
0.023999929428100586,42,0,sh,-1,0,-1,0,0,0,19,21
0.013000011444091797,42,0,spice-vdagent,-1,0,-1,0,0,0,26,21
0.2200000286102295,-1,-1,-1,-1,-1,-1,0,0,0,21,21
0.3559999465942383,42,0,gnome-shell,-1,-2,-1,0,0,0,27,21
0.0010001659393310547,42,0,gnome-shell,-1,-2,-1,0,0,0,27,21
0.0,42,0,ibus-daemon,-1,0,-1,0,0,0,28,21
0.12099981307983398,998,0,pkla-check-auth,-1,0,-1,0,0,0,1,21
0.03500008583068848,42,0,gjs,-1,0,-1,0,0,0,25,21
0.13100004196166992,42,0,ibus-dconf,-1,0,-1,0,0,0,29,21
0.026999950408935547,42,0,ibus-x11,-1,0,-1,0,0,0,30,21
0.0280001163482666,42,0,ibus-portal,-1,0,-1,0,0,0,31,21
0.07999992370605469,998,0,pkla-check-auth,-1,0,-1,0,0,0,1,21
0.13199996948242188,42,0,sh,-1,0,-1,0,0,0,19,21
0.029000043869018555,42,0,xkbcomp,-1,0,-1,0,0,0,20,21
0.12100005149841309,42,0,ibus-engine-sim,-1,0,-1,0,0,0,16,21
0.051999807357788086,0,0,gdm,-1,-2,-1,0,0,0,32,21
0.0,0,0,gdm,-1,-2,-1,0,0,0,32,21
0.0,0,0,gdm,-1,-2,-1,0,0,0,32,21
0.0,0,0,plymouth,-1,0,-1,0,0,0,33,21
0.043000221252441406,-1,-1,-1,-1,-1,-1,0,0,0,21,21
0.017999887466430664,0,0,systemd-update-,-1,0,-1,0,0,0,34,21
0.07800006866455078,-1,-1,-1,-1,-1,-1,0,0,0,21,21
0.05299997329711914,-1,-1,-1,-1,-1,-1,0,0,0,21,21
0.0,-1,-1,-1,-1,-1,-1,0,0,0,21,21
1.9579999446868896,-1,-1,-1,-1,-1,-1,0,0,0,21,21
0.30900001525878906,-1,-1,-1,-1,-1,-1,0,0,0,21,21
-4.677999973297119,-1,-1,-1,-1,-1,-1,0,0,0,21,21
7.789999961853027,0,0,gdm-session-wor,-1,0,-1,0,0,0,35,21
0.09299993515014648,0,0,unix_chkpwd,-1,0,-1,0,0,0,36,21
4.2850000858306885,0,0,unix_chkpwd,-1,0,-1,0,0,0,36,21
0.02200007438659668,-1,-1,-1,-1,-1,-1,0,0,0,21,21
0.006000041961669922,0,0,unix_chkpwd,-1,0,-1,0,0,0,36,21
0.014999866485595703,-1,-1,-1,-1,-1,-1,0,0,0,21,21
0.003999948501586914,-1,-1,-1,-1,-1,-1,0,0,0,21,21
0.01100015640258789,0,-1,gdm-session-wor,-1,4,-1,0,0,0,35,21
0.003999948501586914,-1,-1,-1,-1,-1,-1,0,0,0,21,21
0.056999921798706055,0,0,systemd-user-ru,-1,0,-1,0,0,0,37,21
0.02200007438659668,998,0,pkla-check-auth,-1,0,-1,0,0,0,1,21
0.05799984931945801,-1,-1,-1,-1,-1,-1,0,0,0,21,21
0.031000137329101562,998,0,pkla-check-auth,-1,0,-1,0,0,0,1,21
0.009999990463256836,0,0,unix_chkpwd,-1,0,-1,0,0,0,36,21
0.009000062942504883,-1,-1,-1,-1,-1,-1,0,0,0,21,21
0.0,-1,-1,-1,-1,-1,-1,0,0,0,21,21
0.0,-1,-1,-1,-1,-1,-1,0,0,0,21,21
0.0,0,-1,(systemd),-1,4,-1,0,0,0,38,21
0.011999845504760742,-1,-1,-1,-1,-1,-1,0,0,0,21,21
0.003000020980834961,1000,0,systemd,-1,0,-1,0,0,0,39,21
0.04200005531311035,998,0,pkla-check-auth,-1,0,-1,0,0,0,1,21
0.039999961853027344,998,0,pkla-check-auth,-1,0,-1,0,0,0,1,21
0.002000093460083008,1000,0,30-systemd-envi,-1,0,-1,0,0,0,40,21
0.021999835968017578,1000,0,60-flatpak,-1,0,-1,0,0,0,41,21
0.0070002079010009766,1000,0,flatpak,-1,0,-1,0,0,0,42,21
0.037999868392944336,998,0,pkla-check-auth,-1,0,-1,0,0,0,1,21
0.02200007438659668,1000,0,podman-user-gen,-1,0,-1,0,0,0,43,21
0.0,1000,0,systemd-xdg-aut,-1,0,-1,0,0,0,44,21
0.11100006103515625,998,0,pkla-check-auth,-1,0,-1,0,0,0,1,21
0.1699998378753662,1000,0,systemctl,-1,0,-1,0,0,0,45,21
0.016000032424926758,1000,0,systemd-tmpfile,-1,0,-1,0,0,0,46,21
0.04699993133544922,-1,-1,-1,-1,-1,-1,0,0,0,21,21
0.021000146865844727,998,0,pkla-check-auth,-1,0,-1,0,0,0,1,21
0.017999887466430664,1000,16384,gnome-keyring-d,-1,0,-1,0,0,0,47,21
0.026000022888183594,998,0,pkla-check-auth,-1,0,-1,0,0,0,1,21
0.03900003433227539,-1,-1,-1,-1,-1,-1,0,0,0,21,21
0.0559999942779541,998,0,pkla-check-auth,-1,0,-1,0,0,0,1,21
0.03299999237060547,0,0,Default,-1,0,-1,0,0,0,48,21
0.031000137329101562,1000,0,gdm-wayland-ses,-1,0,-1,0,0,0,49,21
0.009999990463256836,998,0,pkla-check-auth,-1,0,-1,0,0,0,1,21
0.025999784469604492,1000,0,dbus-broker-lau,-1,0,-1,0,0,0,50,21
0.06400012969970703,1000,0,dbus-broker,-1,0,-1,0,0,0,51,21
0.09100008010864258,998,0,pkla-check-auth,-1,0,-1,0,0,0,1,21
0.06499981880187988,1000,0,gdm-wayland-ses,-1,-2,-1,0,0,0,49,21
0.0,1000,0,gdm-wayland-ses,-1,-2,-1,0,0,0,49,21
0.0,1000,0,gnome-session,-1,0,-1,0,0,0,52,21
0.0280001163482666,1000,0,bash,-1,0,-1,0,0,0,53,21
0.01699995994567871,1000,0,bash,-1,0,-1,0,0,0,53,21
0.01699995994567871,1000,0,id,-1,0,-1,0,0,0,54,21
0.005000114440917969,1000,0,hostnamectl,-1,0,-1,0,0,0,55,21
0.010999917984008789,998,0,pkla-check-auth,-1,0,-1,0,0,0,1,21
0.029999971389770508,1000,0,grepconf.sh,-1,0,-1,0,0,0,56,21
0.00800013542175293,1000,0,grep,-1,0,-1,0,0,0,57,21
0.009999990463256836,998,0,pkla-check-auth,-1,0,-1,0,0,0,1,21
0.017999887466430664,1000,0,grepconf.sh,-1,0,-1,0,0,0,56,21
0.01399993896484375,1000,0,grep,-1,0,-1,0,0,0,57,21
0.006999969482421875,998,0,pkla-check-auth,-1,0,-1,0,0,0,1,21
0.010000228881835938,1000,0,grepconf.sh,-1,0,-1,0,0,0,56,21
0.009999990463256836,1000,0,grep,-1,0,-1,0,0,0,57,21
0.021999835968017578,1000,0,cat,-1,0,-1,0,0,0,58,21
0.003000020980834961,998,0,pkla-check-auth,-1,0,-1,0,0,0,1,21
0.002000093460083008,1000,0,tr,-1,0,-1,0,0,0,59,21
0.017999887466430664,1000,0,flatpak,-1,0,-1,0,0,0,42,21
0.04800009727478027,1000,0,locale,-1,0,-1,0,0,0,60,21
0.009999990463256836,1000,0,sed,-1,0,-1,0,0,0,61,21
-0.00800013542175293,998,0,pkla-check-auth,-1,0,-1,0,0,0,1,21
0.040000200271606445,1000,0,tclsh,-1,0,-1,0,0,0,62,21
0.10500001907348633,1000,0,ps,-1,0,-1,0,0,0,63,21
0.039999961853027344,1000,0,basename,-1,0,-1,0,0,0,64,21
0.013000011444091797,1000,0,readlink,-1,0,-1,0,0,0,65,21
0.009999990463256836,1000,0,basename,-1,0,-1,0,0,0,64,21
0.014999866485595703,1000,0,gnome-session,-1,0,-1,0,0,0,52,21
0.013000011444091797,1000,0,gsettings,-1,0,-1,0,0,0,66,21
0.015000104904174805,1000,0,gnome-session-b,-1,0,-1,0,0,0,67,21
0.21799993515014648,1000,0,gnome-session-c,-1,0,-1,0,0,0,68,21
0.023999929428100586,1000,0,gnome-session-b,-1,0,-1,0,0,0,67,21
0.13499999046325684,1000,0,sh,-1,0,-1,0,0,0,19,21
0.00800013542175293,1000,16384,gnome-keyring-d,-1,0,-1,0,0,0,47,21
0.006999969482421875,1000,0,sh,-1,0,-1,0,0,0,19,21
0.003999948501586914,1000,16384,gnome-keyring-d,-1,0,-1,0,0,0,47,21
0.026000022888183594,1000,0,sh,-1,0,-1,0,0,0,19,21
0.013000011444091797,1000,16384,gnome-keyring-d,-1,0,-1,0,0,0,47,21
0.2890000343322754,1000,0,sh,-1,0,-1,0,0,0,19,21
0.009000062942504883,1000,0,sh,-1,0,-1,0,0,0,19,21
0.03600001335144043,1000,0,xdg-user-dirs-u,-1,0,-1,0,0,0,69,21
0.006999969482421875,1000,0,sh,-1,0,-1,0,0,0,19,21
0.018999814987182617,1000,0,gnome-shell,-1,0,-1,0,0,0,27,21
0.1530001163482666,998,0,pkla-check-auth,-1,0,-1,0,0,0,1,21
0.04500007629394531,998,0,pkla-check-auth,-1,0,-1,0,0,0,1,21
0.06099987030029297,998,0,pkla-check-auth,-1,0,-1,0,0,0,1,21
0.06800007820129395,998,0,pkla-check-auth,-1,0,-1,0,0,0,1,21
0.06699991226196289,998,0,pkla-check-auth,-1,0,-1,0,0,0,1,21
0.06299996376037598,998,0,pkla-check-auth,-1,0,-1,0,0,0,1,21
0.054000139236450195,998,0,pkla-check-auth,-1,0,-1,0,0,0,1,21
0.006000041961669922,1000,0,gvfsd,-1,0,-1,0,0,0,70,21
0.06699991226196289,998,0,pkla-check-auth,-1,0,-1,0,0,0,1,21
0.026000022888183594,1000,0,gvfsd-fuse,-1,0,-1,0,0,0,71,21
0.037999868392944336,998,0,pkla-check-auth,-1,0,-1,0,0,0,1,21
-0.007999897003173828,0,0,fusermount3,-1,0,-1,0,0,0,72,21
0.0710000991821289,998,0,pkla-check-auth,-1,0,-1,0,0,0,1,21
0.05799984931945801,998,0,pkla-check-auth,-1,0,-1,0,0,0,1,21
0.046000003814697266,998,0,pkla-check-auth,-1,0,-1,0,0,0,1,21
0.015000104904174805,1000,0,at-spi-bus-laun,-1,0,-1,0,0,0,73,21
0.04499983787536621,1000,0,dbus-broker-lau,-1,0,-1,0,0,0,50,21
0.021000146865844727,1000,0,dbus-broker,-1,0,-1,0,0,0,51,21
0.6629998683929443,1000,0,gnome-shell,-1,-2,-1,0,0,0,27,21
0.004000186920166016,1000,0,gnome-shell,-1,-2,-1,0,0,0,27,21
0.0,1000,0,gnome-shell,-1,-2,-1,0,0,0,27,21
0.007999897003173828,1000,0,gnome-shell,-1,-2,-1,0,0,0,27,21
0.0,1000,0,gnome-shell,-1,-2,-1,0,0,0,27,21
0.0,1000,0,gnome-shell,-1,-2,-1,0,0,0,27,21
0.0,1000,0,ibus-daemon,-1,0,-1,0,0,0,28,21
0.09800004959106445,1000,0,ibus-dconf,-1,0,-1,0,0,0,29,21
0.013000011444091797,1000,0,ibus-extension-,-1,0,-1,0,0,0,74,21
0.05799984931945801,1000,0,ibus-portal,-1,0,-1,0,0,0,31,21
0.08100008964538574,1000,0,gnome-shell-cal,-1,0,-1,0,0,0,75,21
0.04500007629394531,1000,0,xdg-permission-,-1,0,-1,0,0,0,76,21
0.15999984741210938,1000,0,evolution-sourc,-1,0,-1,0,0,0,77,21
0.12800002098083496,1000,0,pipewire,-1,0,-1,0,0,0,78,21
-0.010999917984008789,1000,0,wireplumber,-1,0,-1,0,0,0,79,21
0.03900003433227539,1000,0,pipewire-pulse,-1,0,-1,0,0,0,80,21
0.09200000762939453,998,0,pkla-check-auth,-1,0,-1,0,0,0,1,21
0.08699989318847656,998,0,pkla-check-auth,-1,0,-1,0,0,0,1,21
0.054000139236450195,1000,0,goa-daemon,-1,0,-1,0,0,0,81,21
0.06499981880187988,998,0,pkla-check-auth,-1,0,-1,0,0,0,1,21
0.05200004577636719,998,0,pkla-check-auth,-1,0,-1,0,0,0,1,21
0.05900001525878906,998,0,pkla-check-auth,-1,0,-1,0,0,0,1,21
0.06699991226196289,998,0,pkla-check-auth,-1,0,-1,0,0,0,1,21
0.22300004959106445,998,0,pkla-check-auth,-1,0,-1,0,0,0,1,21
0.0970001220703125,998,0,pkla-check-auth,-1,0,-1,0,0,0,1,21
0.09099984169006348,1000,0,goa-identity-se,-1,0,-1,0,0,0,82,21
0.016000032424926758,998,0,pkla-check-auth,-1,0,-1,0,0,0,1,21
0.0,1000,0,gvfs-udisks2-vo,-1,0,-1,0,0,0,83,21
0.0840001106262207,998,0,pkla-check-auth,-1,0,-1,0,0,0,1,21
0.042999982833862305,1000,0,evolution-calen,-1,0,-1,0,0,0,84,21
0.056999921798706055,998,0,pkla-check-auth,-1,0,-1,0,0,0,1,21
0.009999990463256836,0,0,sssd,-1,0,-1,0,0,0,85,21
0.09599995613098145,998,0,pkla-check-auth,-1,0,-1,0,0,0,1,21
0.15000009536743164,1000,0,gvfs-goa-volume,-1,0,-1,0,0,0,86,21
0.13299989700317383,1000,0,gvfs-gphoto2-vo,-1,0,-1,0,0,0,87,21
0.002000093460083008,0,0,sssd_kcm,-1,0,-1,0,0,0,88,21
0.013000011444091797,-1,-1,-1,-1,-1,-1,0,0,0,21,21
0.0409998893737793,1000,0,dconf-service,-1,0,-1,0,0,0,89,21
0.04400014877319336,1000,0,evolution-addre,-1,0,-1,0,0,0,90,21
0.056999921798706055,1000,0,gvfs-mtp-volume,-1,0,-1,0,0,0,91,21
0.34400010108947754,998,0,pkla-check-auth,-1,0,-1,0,0,0,1,21
0.43400001525878906,1000,0,gjs,-1,0,-1,0,0,0,25,21
0.029999971389770508,1000,0,at-spi2-registr,-1,0,-1,0,0,0,92,21
0.016000032424926758,998,0,pkla-check-auth,-1,0,-1,0,0,0,1,21
0.05499982833862305,1000,0,gnome-session-c,-1,0,-1,0,0,0,68,21
0.02200007438659668,1000,0,gsd-a11y-settin,-1,0,-1,0,0,0,11,21
0.0410001277923584,998,0,pkla-check-auth,-1,0,-1,0,0,0,1,21
0.006999969482421875,1000,0,sh,-1,0,-1,0,0,0,19,21
0.023000001907348633,1000,0,gsd-color,-1,0,-1,0,0,0,7,21
0.01399993896484375,998,0,pkla-check-auth,-1,0,-1,0,0,0,1,21
0.023000001907348633,1000,0,gsd-datetime,-1,0,-1,0,0,0,14,21
0.029999971389770508,1000,0,spice-vdagent,-1,0,-1,0,0,0,26,21
0.04900002479553223,1000,0,gsd-housekeepin,-1,0,-1,0,0,0,15,21
0.032000064849853516,1000,0,gsd-keyboard,-1,0,-1,0,0,0,4,21
0.0279998779296875,1000,0,sh,-1,0,-1,0,0,0,19,21
0.006000041961669922,1000,0,gsd-media-keys,-1,0,-1,0,0,0,13,21
0.07999992370605469,1000,0,gsd-power,-1,0,-1,0,0,0,12,21
0.013000011444091797,1000,0,sh,-1,0,-1,0,0,0,19,21
0.03400015830993652,1000,0,gsd-print-notif,-1,0,-1,0,0,0,6,21
-0.029999971389770508,1000,0,gsd-disk-utilit,-1,0,-1,0,0,0,93,21
0.017999887466430664,1000,0,xdg-user-dirs-g,-1,0,-1,0,0,0,94,21
0.04200005531311035,1000,0,gsd-rfkill,-1,0,-1,0,0,0,2,21
0.05299997329711914,1000,0,gsd-screensaver,-1,0,-1,0,0,0,8,21
0.003999948501586914,998,0,pkla-check-auth,-1,0,-1,0,0,0,1,21
0.03299999237060547,1000,0,gsd-sharing,-1,0,-1,0,0,0,3,21
-0.0009999275207519531,1000,0,sh,-1,0,-1,0,0,0,19,21
0.07699990272521973,1000,0,gsd-smartcard,-1,0,-1,0,0,0,10,21
-0.009000062942504883,0,0,touch,-1,0,-1,0,0,0,95,21
0.054000139236450195,1000,0,sh,-1,0,-1,0,0,0,19,21
0.042999982833862305,1000,0,gsd-sound,-1,0,-1,0,0,0,9,21
0.04200005531311035,1000,0,sh,-1,0,-1,0,0,0,19,21
0.020999908447265625,1000,0,gsd-usb-protect,-1,0,-1,0,0,0,96,21
0.03600001335144043,1000,0,gsd-wacom,-1,0,-1,0,0,0,5,21
-0.01399993896484375,1000,0,VBoxClient-all,-1,0,-1,0,0,0,97,21
0.0559999942779541,1000,0,sh,-1,0,-1,0,0,0,19,21
0.06399989128112793,998,0,pkla-check-auth,-1,0,-1,0,0,0,1,21
-0.14899992942810059,0,0,vmware-user-sui,-1,0,-1,0,0,0,98,21
0.21199989318847656,998,0,pkla-check-auth,-1,0,-1,0,0,0,1,21
-0.13699984550476074,1000,0,evolution-alarm,-1,0,-1,0,0,0,99,21
0.11699986457824707,1000,0,sh,-1,0,-1,0,0,0,19,21
0.13100004196166992,0,0,cdrom_id,-1,0,-1,0,0,0,100,21
-0.18400001525878906,1000,0,canberra-gtk-pl,-1,0,-1,0,0,0,101,21
0.1960000991821289,0,0,udisksd,-1,-2,-1,0,0,0,102,21
0.01900005340576172,0,0,udisksd,-1,-2,-1,0,0,0,102,21
0.0019998550415039062,0,0,xfs_info,-1,0,-1,0,0,0,103,21
0.02500009536743164,0,0,tail,-1,0,-1,0,0,0,104,21
0.013000011444091797,998,0,pkla-check-auth,-1,0,-1,0,0,0,1,21
-0.00800013542175293,0,0,losetup,-1,0,-1,0,0,0,105,21
0.01100015640258789,0,0,ata_id,-1,0,-1,0,0,0,106,21
0.014999866485595703,0,0,findmnt,-1,0,-1,0,0,0,107,21
0.031000137329101562,0,0,xfs_spaceman,-1,0,-1,0,0,0,108,21
-0.02200007438659668,1000,0,gnome-software,-1,0,-1,0,0,0,109,21
-0.08800005912780762,1000,0,VBoxClient,-1,0,-1,0,0,0,110,21
0.15199995040893555,0,0,sg_inq,-1,0,-1,0,0,0,111,21
0.016000032424926758,0,0,udisksd,-1,-2,-1,0,0,0,102,21
0.0010001659393310547,0,0,udisksd,-1,-2,-1,0,0,0,102,21
0.0,0,0,xfs_info,-1,0,-1,0,0,0,103,21
-0.003000020980834961,998,0,pkla-check-auth,-1,0,-1,0,0,0,1,21
0.006000041961669922,0,0,sg_inq,-1,0,-1,0,0,0,111,21
0.0029997825622558594,1000,0,sh,-1,0,-1,0,0,0,19,21
0.06500005722045898,0,0,sg_inq,-1,0,-1,0,0,0,111,21
0.006999969482421875,0,0,tail,-1,0,-1,0,0,0,104,21
0.08100008964538574,0,0,losetup,-1,0,-1,0,0,0,105,21
0.06200003623962402,0,0,vmtoolsd,-1,0,-1,0,0,0,112,21
0.020999908447265625,0,0,findmnt,-1,0,-1,0,0,0,107,21
0.0559999942779541,998,0,pkla-check-auth,-1,0,-1,0,0,0,1,21
0.00800013542175293,0,0,xfs_spaceman,-1,0,-1,0,0,0,108,21
-0.004000186920166016,1000,0,gnome-shell-ove,-1,0,-1,0,0,0,113,21
0.04900002479553223,1000,0,gsd-printer,-1,0,-1,0,0,0,17,21
0.32899999618530273,998,0,pkla-check-auth,-1,0,-1,0,0,0,1,21
0.11300015449523926,1000,0,gjs,-1,0,-1,0,0,0,25,21
0.03099989891052246,998,0,pkla-check-auth,-1,0,-1,0,0,0,1,21
0.3059999942779541,998,0,pkla-check-auth,-1,0,-1,0,0,0,1,21
0.3710000514984131,1000,0,ibus-engine-sim,-1,0,-1,0,0,0,16,21
0.03099989891052246,998,0,pkla-check-auth,-1,0,-1,0,0,0,1,21
-0.004999876022338867,1000,0,Xwayland,-1,0,-1,0,0,0,114,21
0.24399995803833008,998,0,pkla-check-auth,-1,0,-1,0,0,0,1,21
0.04900002479553223,998,0,pkla-check-auth,-1,0,-1,0,0,0,1,21
0.562000036239624,998,0,pkla-check-auth,-1,0,-1,0,0,0,1,21
0.42100000381469727,998,0,pkla-check-auth,-1,0,-1,0,0,0,1,21
0.08899998664855957,1000,0,sh,-1,0,-1,0,0,0,19,21
0.021999835968017578,998,0,pkla-check-auth,-1,0,-1,0,0,0,1,21
0.0,1000,0,xkbcomp,-1,0,-1,0,0,0,20,21
0.14500021934509277,998,0,pkla-check-auth,-1,0,-1,0,0,0,1,21
0.05299997329711914,998,0,pkla-check-auth,-1,0,-1,0,0,0,1,21
0.04799985885620117,998,0,pkla-check-auth,-1,0,-1,0,0,0,1,21
0.12400007247924805,998,0,pkla-check-auth,-1,0,-1,0,0,0,1,21
0.3540000915527344,42,0,gnome-session-f,-1,0,-1,0,0,0,115,21
0.1919999122619629,-1,-1,-1,-1,-1,-1,0,0,0,21,21
0.07999992370605469,-1,-1,-1,-1,-1,-1,0,0,0,21,21
0.07400012016296387,998,0,pkla-check-auth,-1,0,-1,0,0,0,1,21
0.04499983787536621,1000,0,gnome-shell,-1,-2,-1,0,0,0,27,21
0.009000062942504883,1000,0,gnome-shell,-1,-2,-1,0,0,0,27,21
0.003000020980834961,1000,0,gnome-shell,-1,-2,-1,0,0,0,27,21
0.0,1000,0,gnome-shell,-1,-2,-1,0,0,0,27,21
0.0009999275207519531,1000,0,gnome-shell,-1,-2,-1,0,0,0,27,21
0.0,1000,0,gnome-shell,-1,-2,-1,0,0,0,27,21
0.032000064849853516,998,0,pkla-check-auth,-1,0,-1,0,0,0,1,21
-0.032000064849853516,1000,0,ibus-daemon,-1,0,-1,0,0,0,28,21
0.1660001277923584,998,0,pkla-check-auth,-1,0,-1,0,0,0,1,21
0.04200005531311035,1000,0,gsd-xsettings,-1,0,-1,0,0,0,116,21
0.01699995994567871,1000,0,sh,-1,0,-1,0,0,0,19,21
0.03299999237060547,998,0,pkla-check-auth,-1,0,-1,0,0,0,1,21
0.056999921798706055,1000,0,gjs,-1,0,-1,0,0,0,25,21
0.04500007629394531,1000,0,xkbcomp,-1,0,-1,0,0,0,20,21
0.029000043869018555,998,0,pkla-check-auth,-1,0,-1,0,0,0,1,21
0.09999990463256836,998,0,pkla-check-auth,-1,0,-1,0,0,0,1,21
0.06299996376037598,998,0,pkla-check-auth,-1,0,-1,0,0,0,1,21
0.11400008201599121,998,0,pkla-check-auth,-1,0,-1,0,0,0,1,21
0.059999942779541016,1000,0,ibus-dconf,-1,0,-1,0,0,0,29,21
0.06699991226196289,998,0,pkla-check-auth,-1,0,-1,0,0,0,1,21
0.016000032424926758,1000,0,ibus-extension-,-1,0,-1,0,0,0,74,21
0.06700015068054199,998,0,pkla-check-auth,-1,0,-1,0,0,0,1,21
-0.006999969482421875,1000,0,ibus-x11,-1,0,-1,0,0,0,30,21
0.046000003814697266,1000,0,ibus-portal,-1,0,-1,0,0,0,31,21
0.06099987030029297,998,0,pkla-check-auth,-1,0,-1,0,0,0,1,21
0.06400012969970703,998,0,pkla-check-auth,-1,0,-1,0,0,0,1,21
0.0819997787475586,998,0,pkla-check-auth,-1,0,-1,0,0,0,1,21
0.05200004577636719,998,0,pkla-check-auth,-1,0,-1,0,0,0,1,21
0.0559999942779541,998,0,pkla-check-auth,-1,0,-1,0,0,0,1,21
0.023000001907348633,998,0,pkla-check-auth,-1,0,-1,0,0,0,1,21
0.05200004577636719,998,0,pkla-check-auth,-1,0,-1,0,0,0,1,21
0.029000043869018555,998,0,pkla-check-auth,-1,0,-1,0,0,0,1,21
0.06800007820129395,998,0,pkla-check-auth,-1,0,-1,0,0,0,1,21
0.06399989128112793,998,0,pkla-check-auth,-1,0,-1,0,0,0,1,21
0.03699994087219238,998,0,pkla-check-auth,-1,0,-1,0,0,0,1,21
0.09599995613098145,998,0,pkla-check-auth,-1,0,-1,0,0,0,1,21
0.07400012016296387,998,0,pkla-check-auth,-1,0,-1,0,0,0,1,21
0.02500009536743164,1000,0,00-at-spi,-1,0,-1,0,0,0,117,21
0.009999990463256836,1000,0,sed,-1,0,-1,0,0,0,61,21
0.003999948501586914,1000,0,busctl,-1,0,-1,0,0,0,118,21
0.06799983978271484,998,0,pkla-check-auth,-1,0,-1,0,0,0,1,21
0.029000043869018555,1000,0,xprop,-1,0,-1,0,0,0,119,21
0.029999971389770508,1000,0,00-xrdb,-1,0,-1,0,0,0,120,21
0.031000137329101562,1000,0,xrdb,-1,0,-1,0,0,0,121,21
0.4660000801086426,0,0,fwupd,-1,0,-1,0,0,0,122,21
0.08299994468688965,998,0,pkla-check-auth,-1,0,-1,0,0,0,1,21
0.039999961853027344,998,0,pkla-check-auth,-1,0,-1,0,0,0,1,21
0.029000043869018555,1000,0,ibus-engine-sim,-1,0,-1,0,0,0,16,21
0.06399989128112793,998,0,pkla-check-auth,-1,0,-1,0,0,0,1,21
0.09599995613098145,998,0,pkla-check-auth,-1,0,-1,0,0,0,1,21
0.10400009155273438,998,0,pkla-check-auth,-1,0,-1,0,0,0,1,21
0.053999900817871094,998,0,pkla-check-auth,-1,0,-1,0,0,0,1,21
0.037000179290771484,1000,0,VBoxClient,-1,0,-1,0,0,0,110,21
0.026999950408935547,1000,0,VBoxClient,-1,0,-1,0,0,0,110,21
0.03699994087219238,1000,0,VBoxClient,-1,0,-1,0,0,0,110,21
0.019999980926513672,1000,0,VBoxClient,-1,0,-1,0,0,0,110,21
0.21600008010864258,-1,-1,-1,-1,-1,-1,0,0,0,21,21
0.19700002670288086,998,0,pkla-check-auth,-1,0,-1,0,0,0,1,21
0.059999942779541016,998,0,pkla-check-auth,-1,0,-1,0,0,0,1,21
1.0299999713897705,998,0,pkla-check-auth,-1,0,-1,0,0,0,1,21
0.11299991607666016,0,0,gpgconf,-1,0,-1,0,0,0,123,21
0.02500009536743164,0,0,gpgconf,-1,0,-1,0,0,0,123,21
0.006999969482421875,0,0,gpg,-1,0,-1,0,0,0,124,21
0.02500009536743164,0,0,PK-Backend,-1,-2,-1,0,0,0,125,21
0.003000020980834961,0,0,gpgconf,-1,0,-1,0,0,0,123,21
0.006999969482421875,0,0,gpg,-1,0,-1,0,0,0,124,21
0.016000032424926758,0,0,gpg,-1,0,-1,0,0,0,124,21
0.03099989891052246,0,0,gpg-agent,-1,0,-1,0,0,0,126,21
0.029000043869018555,0,0,scdaemon,-1,0,-1,0,0,0,127,21
0.7409999370574951,-1,-1,-1,-1,-1,-1,0,0,0,21,21
0.6119999885559082,1000,0,sh,-1,0,-1,0,0,0,19,21
0.009000062942504883,1000,0,gnome-terminal,-1,0,-1,0,0,0,128,21
0.017999887466430664,0,0,gpg,-1,0,-1,0,0,0,124,21
0.021000146865844727,0,0,gpg,-1,0,-1,0,0,0,124,21
0.029999971389770508,0,0,gpg-agent,-1,0,-1,0,0,0,126,21
0.016000032424926758,0,0,scdaemon,-1,0,-1,0,0,0,127,21
0.4700000286102295,1000,0,gnome-terminal-,-1,0,-1,0,0,0,129,21
0.7159998416900635,0,0,gpg,-1,0,-1,0,0,0,124,21
0.013000011444091797,0,0,gpg,-1,0,-1,0,0,0,124,21
0.02500009536743164,0,0,gpg-agent,-1,0,-1,0,0,0,126,21
0.01699995994567871,0,0,scdaemon,-1,0,-1,0,0,0,127,21
0.026999950408935547,1000,0,bash,-1,0,-1,0,0,0,53,21
0.1510000228881836,1000,0,grepconf.sh,-1,0,-1,0,0,0,56,21
0.006000041961669922,1000,0,grep,-1,0,-1,0,0,0,57,21
0.02200007438659668,1000,0,dircolors,-1,0,-1,0,0,0,130,21
0.01699995994567871,1000,0,grep,-1,0,-1,0,0,0,57,21
0.007999897003173828,1000,0,grepconf.sh,-1,0,-1,0,0,0,56,21
0.019999980926513672,1000,0,grep,-1,0,-1,0,0,0,57,21
0.021000146865844727,1000,0,grepconf.sh,-1,0,-1,0,0,0,56,21
0.004999876022338867,1000,0,grep,-1,0,-1,0,0,0,57,21
0.012000083923339844,1000,0,flatpak,-1,0,-1,0,0,0,42,21
0.10599994659423828,1000,0,locale,-1,0,-1,0,0,0,60,21
0.013000011444091797,1000,0,sed,-1,0,-1,0,0,0,61,21
0.029000043869018555,1000,0,tclsh,-1,0,-1,0,0,0,62,21
0.056999921798706055,1000,0,ps,-1,0,-1,0,0,0,63,21
0.04900002479553223,1000,0,basename,-1,0,-1,0,0,0,64,21
0.009000062942504883,1000,0,readlink,-1,0,-1,0,0,0,65,21
0.006999969482421875,1000,0,basename,-1,0,-1,0,0,0,64,21
0.26200008392333984,1000,0,sed,-1,0,-1,0,0,0,61,21
0.06099987030029297,1000,0,vte-urlencode-c,-1,0,-1,0,0,0,131,21
1.192000150680542,0,0,gpg,-1,0,-1,0,0,0,124,21
0.013000011444091797,0,0,gpg,-1,0,-1,0,0,0,124,21
0.014999866485595703,0,0,gpg-agent,-1,0,-1,0,0,0,126,21
0.01399993896484375,0,0,scdaemon,-1,0,-1,0,0,0,127,21
0.7320001125335693,998,0,pkla-check-auth,-1,0,-1,0,0,0,1,21
0.06099987030029297,998,0,pkla-check-auth,-1,0,-1,0,0,0,1,21
0.04800009727478027,-1,-1,-1,-1,-1,-1,0,0,0,21,21
0.015000104904174805,0,0,systemd-user-ru,-1,0,-1,0,0,0,37,21
0.010999917984008789,998,0,pkla-check-auth,-1,0,-1,0,0,0,1,21
0.03500008583068848,-1,-1,-1,-1,-1,-1,0,0,0,21,21
0.03099989891052246,998,0,pkla-check-auth,-1,0,-1,0,0,0,1,21
0.0969998836517334,998,0,pkla-check-auth,-1,0,-1,0,0,0,1,21
0.03000020980834961,998,0,pkla-check-auth,-1,0,-1,0,0,0,1,21
0.03099989891052246,998,0,pkla-check-auth,-1,0,-1,0,0,0,1,21
0.04699993133544922,998,0,pkla-check-auth,-1,0,-1,0,0,0,1,21
-5.10699987411499,-1,-1,-1,-1,-1,-1,0,0,0,21,21
6.2829999923706055,0,0,gpg,-1,0,-1,0,0,0,124,21
0.01699995994567871,0,0,gpg,-1,0,-1,0,0,0,124,21
0.01399993896484375,0,0,gpg-agent,-1,0,-1,0,0,0,126,21
0.013000011444091797,0,0,scdaemon,-1,0,-1,0,0,0,127,21
17.269999980926514,0,0,touch,-1,0,-1,0,0,0,95,21
0.06599998474121094,0,0,touch,-1,0,-1,0,0,0,95,21
0.06599998474121094,0,0,touch,-1,0,-1,0,0,0,95,21
0.054000139236450195,0,0,touch,-1,0,-1,0,0,0,95,21
0.05499982833862305,0,0,touch,-1,0,-1,0,0,0,95,21
0.057000160217285156,0,0,touch,-1,0,-1,0,0,0,95,21
0.06200003623962402,0,0,touch,-1,0,-1,0,0,0,95,21
0.05299997329711914,0,0,touch,-1,0,-1,0,0,0,95,21
0.6150000095367432,-1,-1,-1,-1,-1,-1,0,0,0,21,21
0.13100004196166992,-1,-1,-1,-1,-1,-1,0,0,0,21,21
0.1699998378753662,-1,-1,-1,-1,-1,-1,0,0,0,21,21
4.294000148773193,0,0,touch,-1,0,-1,0,0,0,95,21
0.0559999942779541,0,0,touch,-1,0,-1,0,0,0,95,21
0.13199996948242188,0,0,touch,-1,0,-1,0,0,0,95,21
0.11800003051757812,0,0,touch,-1,0,-1,0,0,0,95,21
0.04499983787536621,0,0,touch,-1,0,-1,0,0,0,95,21
0.03800010681152344,0,0,touch,-1,0,-1,0,0,0,95,21
0.06200003623962402,0,0,touch,-1,0,-1,0,0,0,95,21
0.06799983978271484,0,0,touch,-1,0,-1,0,0,0,95,21
0.03600001335144043,0,0,touch,-1,0,-1,0,0,0,95,21
0.037000179290771484,0,0,touch,-1,0,-1,0,0,0,95,21
0.06499981880187988,0,0,touch,-1,0,-1,0,0,0,95,21
0.015000104904174805,0,0,touch,-1,0,-1,0,0,0,95,21
0.010999917984008789,0,0,touch,-1,0,-1,0,0,0,95,21
0.0,0,0,touch,-1,0,-1,0,0,0,95,21
0.1960000991821289,0,0,touch,-1,0,-1,0,0,0,95,21
0.056999921798706055,0,0,touch,-1,0,-1,0,0,0,95,21
-5.491999864578247,-1,-1,-1,-1,-1,-1,0,0,0,21,21
0.0,-1,-1,-1,-1,-1,-1,0,0,0,21,21
0.0,-1,-1,-1,-1,-1,-1,0,0,0,21,21
0.24699997901916504,-1,-1,-1,-1,-1,-1,0,0,0,21,21
0.0,-1,-1,-1,-1,-1,-1,0,0,0,21,21
5.455999851226807,0,0,touch,-1,0,-1,0,0,0,95,21
0.687000036239624,-1,-1,-1,-1,-1,-1,0,0,0,21,21
16.397000074386597,1000,0,whoami,-1,0,-1,0,0,0,132,21
0.0709998607635498,1000,0,sed,-1,0,-1,0,0,0,61,21
0.024000167846679688,1000,0,vte-urlencode-c,-1,0,-1,0,0,0,131,21
1.866999864578247,1000,0,gvfsd-metadata,-1,0,-1,0,0,0,133,21
6.523000001907349,0,0,touch,-1,0,-1,0,0,0,95,21
4.6600000858306885,0,0,touch,-1,0,-1,0,0,0,95,21
0.5829999446868896,0,0,touch,-1,0,-1,0,0,0,95,21
0.7309999465942383,0,0,touch,-1,0,-1,0,0,0,95,21
6.769000053405762,1000,0,sed,-1,0,-1,0,0,0,61,21
0.013000011444091797,1000,0,vte-urlencode-c,-1,0,-1,0,0,0,131,21
0.5199999809265137,1000,0,ls,-1,0,-1,0,0,0,134,21
0.05299997329711914,1000,0,sed,-1,0,-1,0,0,0,61,21
0.009999990463256836,1000,0,vte-urlencode-c,-1,0,-1,0,0,0,131,21
3.052000045776367,1000,0,sed,-1,0,-1,0,0,0,61,21
0.009999990463256836,1000,0,vte-urlencode-c,-1,0,-1,0,0,0,131,21
0.6690001487731934,1000,0,ls,-1,0,-1,0,0,0,134,21
0.008999824523925781,1000,0,sed,-1,0,-1,0,0,0,61,21
0.03500008583068848,1000,0,vte-urlencode-c,-1,0,-1,0,0,0,131,21
6.6559998989105225,1000,0,tail,-1,0,-1,0,0,0,104,21
0.015000104904174805,1000,0,sed,-1,0,-1,0,0,0,61,21
0.009000062942504883,1000,0,vte-urlencode-c,-1,0,-1,0,0,0,131,21
4.116999864578247,0,0,sudo,-1,0,-1,0,0,0,135,21
0.2720000743865967,0,0,fprintd,-1,0,-1,0,0,0,22,21
0.18799996376037598,-1,-1,-1,-1,-1,-1,0,0,0,21,21
0.026999950408935547,0,0,unix_chkpwd,-1,0,-1,0,0,0,36,21
3.7920000553131104,0,0,unix_chkpwd,-1,0,-1,0,0,0,36,21
0.016000032424926758,-1,-1,-1,-1,-1,-1,0,0,0,21,21
0.002000093460083008,0,0,unix_chkpwd,-1,0,-1,0,0,0,36,21
0.00599980354309082,-1,-1,-1,-1,-1,-1,0,0,0,21,21
0.003000020980834961,-1,-1,-1,-1,-1,-1,0,0,0,21,21
0.006000041961669922,-1,-1,-1,-1,-1,-1,0,0,0,21,21
0.03800010681152344,-1,-1,-1,-1,-1,-1,0,0,0,21,21
0.003999948501586914,0,0,tail,-1,0,-1,0,0,0,104,21
0.010999917984008789,-1,-1,-1,-1,-1,-1,0,0,0,21,21
0.0009999275207519531,-1,-1,-1,-1,-1,-1,0,0,0,21,21
0.04500007629394531,1000,0,sed,-1,0,-1,0,0,0,61,21
0.01699995994567871,1000,0,vte-urlencode-c,-1,0,-1,0,0,0,131,21
-4.203999996185303,-1,-1,-1,-1,-1,-1,0,0,0,21,21
15.029000043869019,1000,0,pk-command-not-,-1,0,-1,0,0,0,136,21
0.06800007820129395,1000,0,sed,-1,0,-1,0,0,0,61,21
0.013000011444091797,1000,0,vte-urlencode-c,-1,0,-1,0,0,0,131,21
2.004999876022339,1000,0,clear,-1,0,-1,0,0,0,137,21
0.02500009536743164,1000,0,sed,-1,0,-1,0,0,0,61,21
0.017999887466430664,1000,0,vte-urlencode-c,-1,0,-1,0,0,0,131,21
11.486999988555908,0,0,grub2-set-bootf,-1,0,-1,0,0,0,138,21
2.188000202178955,-1,-1,-1,-1,-1,-1,0,0,0,21,21
0.04999995231628418,-1,-1,-1,-1,-1,-1,0,0,0,21,21
15.358999967575073,1000,0,cp,-1,0,-1,0,0,0,139,21
0.01699995994567871,1000,0,sed,-1,0,-1,0,0,0,61,21
0.015000104904174805,1000,0,vte-urlencode-c,-1,0,-1,0,0,0,131,21
6.20799994468689,0,0,sudo,-1,0,-1,0,0,0,135,21
0.04500007629394531,0,0,unix_chkpwd,-1,0,-1,0,0,0,36,21
0.010999917984008789,-1,-1,-1,-1,-1,-1,0,0,0,21,21
0.0,-1,-1,-1,-1,-1,-1,0,0,0,21,21
0.0,-1,-1,-1,-1,-1,-1,0,0,0,21,21
0.006000041961669922,-1,-1,-1,-1,-1,-1,0,0,0,21,21
0.0019998550415039062,0,0,cp,-1,0,-1,0,0,0,139,21
