severity_scores,timedelta,suid,cap_fp,exit,n_dang,n_dang_no_cron,fp_length,col_0,col_1,col_2,col_3,col_4,col_5,col_6,col_7,col_8,col_9,col_10,col_11,col_12,col_13,col_14,col_15,col_16,col_17,col_18,col_19,enc_comm,enc_parent_comm
1.0,0.0,34127,0,0,0,0,35,0,0,0,0,0,0,0,0,0,0,0,0,0,0,0,0,1,1,0,0,1,91
1.0,0.0,34127,0,0,0,0,138,0,0,0,0,0,0,0,0,0,0,0,0,0,0,0,0,1,1,0,0,1,91
1.0,0.0,34127,0,0,0,0,139,0,0,0,0,0,0,0,0,0,0,0,0,0,0,0,0,1,1,0,0,2,91
1.0,0.0,34127,0,0,0,0,136,0,0,0,0,0,0,0,0,0,0,0,0,0,0,0,0,1,1,0,0,1,91
1.0,0.0,34127,0,0,0,0,137,0,0,0,0,0,0,0,0,0,0,0,0,0,0,0,0,1,1,0,0,1,91
1.0,0.0,34127,0,0,0,0,126,0,0,0,0,0,0,0,0,0,0,0,0,0,0,0,0,1,1,0,0,3,1
1.0,0.0,34127,0,0,0,0,126,0,0,0,0,0,0,0,0,0,0,0,0,0,0,0,0,1,1,0,0,4,1
1.0,0.0,34127,0,0,0,0,126,0,0,0,0,0,0,0,0,0,0,0,0,0,0,0,0,1,1,0,0,5,1
1.0,0.0,0,0,0,0,0,16,0,0,0,0,0,0,0,0,0,0,0,0,0,0,0,0,1,1,0,0,6,8
1.0,0.0,0,0,0,0,0,16,0,0,0,0,0,0,0,0,0,0,0,0,0,0,0,0,1,1,0,0,7,8
1.0,0.0,0,12288,0,0,0,16,0,0,0,0,0,0,0,0,0,0,0,0,0,0,0,0,1,1,0,0,8,8
1.0,0.0,0,0,0,0,0,16,0,0,0,0,0,0,0,0,0,0,0,0,0,0,0,0,1,1,0,0,6,8
1.0,0.0,0,0,0,0,0,16,0,0,0,0,0,0,0,0,0,0,0,0,0,0,0,0,1,1,0,0,7,8
1.0,0.0,0,12288,0,0,0,16,0,0,0,0,0,0,0,0,0,0,0,0,0,0,0,0,1,1,0,0,8,8
1.0,0.0,34127,0,0,0,0,35,0,0,0,0,0,0,0,0,0,0,0,0,0,0,0,0,1,1,0,0,1,91
1.0,0.0,34127,0,0,0,0,138,0,0,0,0,0,0,0,0,0,0,0,0,0,0,0,0,1,1,0,0,1,91
1.0,0.0,34127,0,0,0,0,139,0,0,0,0,0,0,0,0,0,0,0,0,0,0,0,0,1,1,0,0,2,91
1.0,0.0,34127,0,0,0,0,136,0,0,0,0,0,0,0,0,0,0,0,0,0,0,0,0,1,1,0,0,1,91
1.0,0.0,34127,0,0,0,0,137,0,0,0,0,0,0,0,0,0,0,0,0,0,0,0,0,1,1,0,0,1,91
1.0,0.0,34127,0,0,0,0,126,0,0,0,0,0,0,0,0,0,0,0,0,0,0,0,0,1,1,0,0,3,1
1.0,0.0,34127,0,0,0,0,126,0,0,0,0,0,0,0,0,0,0,0,0,0,0,0,0,1,1,0,0,4,1
1.0,0.0,34127,0,0,0,0,126,0,0,0,0,0,0,0,0,0,0,0,0,0,0,0,0,1,1,0,0,5,1
1.0,0.0,34127,0,0,0,0,35,0,0,0,0,0,0,0,0,0,0,0,0,0,0,0,0,1,1,0,0,1,91
1.0,0.0,34127,0,0,0,0,138,0,0,0,0,0,0,0,0,0,0,0,0,0,0,0,0,1,1,0,0,1,91
1.0,0.0,34127,0,0,0,0,139,0,0,0,0,0,0,0,0,0,0,0,0,0,0,0,0,1,1,0,0,2,91
1.0,0.0,34127,0,0,0,0,136,0,0,0,0,0,0,0,0,0,0,0,0,0,0,0,0,1,1,0,0,1,91
1.0,0.0,34127,0,0,0,0,137,0,0,0,0,0,0,0,0,0,0,0,0,0,0,0,0,1,1,0,0,1,91
1.0,0.0,34127,0,0,0,0,126,0,0,0,0,0,0,0,0,0,0,0,0,0,0,0,0,1,1,0,0,3,1
1.0,0.0,34127,0,0,0,0,126,0,0,0,0,0,0,0,0,0,0,0,0,0,0,0,0,1,1,0,0,4,1
1.0,0.0,34127,0,0,0,0,126,0,0,0,0,0,0,0,0,0,0,0,0,0,0,0,0,1,1,0,0,5,1
1.0,0.0,0,0,0,0,0,16,0,0,0,0,0,0,0,0,0,0,0,0,0,0,0,0,1,1,0,0,6,8
1.0,0.0,0,0,0,0,0,16,0,0,0,0,0,0,0,0,0,0,0,0,0,0,0,0,1,1,0,0,6,8
1.0,0.0,0,0,0,0,0,16,0,0,0,0,0,0,0,0,0,0,0,0,0,0,0,0,1,1,0,0,9,8
1.0,0.0,0,0,0,0,0,16,0,0,0,0,0,0,0,0,0,0,0,0,0,0,0,0,1,1,0,0,6,8
1.0,0.0,0,0,0,0,0,16,0,0,0,0,0,0,0,0,0,0,0,0,0,0,0,0,1,1,0,0,7,8
1.0,0.0,0,12288,0,0,0,16,0,0,0,0,0,0,0,0,0,0,0,0,0,0,0,0,1,1,0,0,8,8
1.0,0.0,0,0,0,0,0,16,0,0,0,0,0,0,0,0,0,0,0,0,0,0,0,0,1,1,0,0,10,92
1.0,0.0,0,0,0,0,0,20,0,0,0,0,0,0,0,0,0,0,0,0,0,0,0,0,1,1,0,0,1,92
1.0,0.0,0,0,0,0,0,18,0,0,0,0,0,0,0,0,0,0,0,0,0,0,0,0,1,1,0,0,11,92
1.0,0.0,0,0,0,0,0,19,0,0,0,0,0,0,0,0,0,0,0,0,0,0,0,0,1,1,0,0,12,92
1.0,0.0,0,0,0,0,0,19,0,0,0,0,0,0,0,0,0,0,0,0,0,0,0,0,1,1,0,0,12,92
1.0,0.0,0,0,0,0,0,21,0,0,0,0,0,0,0,0,0,0,0,0,0,0,0,0,1,1,0,0,13,93
1.0,0.0,34127,0,0,0,0,134,0,0,0,0,0,0,0,0,0,0,0,0,0,0,0,0,1,1,0,0,1,91
1.0,0.0,34127,0,0,0,0,138,0,0,0,0,0,0,0,0,0,0,0,0,0,0,0,0,1,1,0,0,1,91
1.0,0.0,34127,0,0,0,0,139,0,0,0,0,0,0,0,0,0,0,0,0,0,0,0,0,1,1,0,0,2,91
1.0,0.0,34127,0,0,0,0,136,0,0,0,0,0,0,0,0,0,0,0,0,0,0,0,0,1,1,0,0,1,91
1.0,0.0,34127,0,0,0,0,137,0,0,0,0,0,0,0,0,0,0,0,0,0,0,0,0,1,1,0,0,1,91
1.0,0.0,34127,0,0,0,0,126,0,0,0,0,0,0,0,0,0,0,0,0,0,0,0,0,1,1,0,0,3,1
1.0,0.0,34127,0,0,0,0,126,0,0,0,0,0,0,0,0,0,0,0,0,0,0,0,0,1,1,0,0,4,1
1.0,0.0,34127,0,0,0,0,126,0,0,0,0,0,0,0,0,0,0,0,0,0,0,0,0,1,1,0,0,5,1
1.0,0.0,0,0,0,0,0,27,0,0,0,0,0,0,0,0,0,0,0,0,0,0,0,0,1,1,0,0,14,92
1.0,0.0,0,0,0,0,0,27,0,0,0,0,0,0,0,0,0,0,0,0,0,0,0,0,1,1,0,0,15,92
1.0,0.0,0,0,0,0,0,27,0,0,0,0,0,0,0,0,0,0,0,0,0,0,0,0,1,1,0,0,16,92
1.0,0.0,0,0,0,1,0,28,0,0,0,0,0,0,0,0,0,0,0,0,0,0,0,0,1,1,0,0,1,94
1.0,0.0,0,0,0,1,0,22,0,0,0,0,0,0,0,0,0,0,0,0,0,0,0,0,1,1,0,0,1,94
1.0,0.0,0,0,0,1,0,28,0,0,0,0,0,0,0,0,0,0,0,0,0,0,0,0,1,1,0,0,1,94
1.0,0.0,0,0,0,1,0,31,0,0,0,0,0,0,0,0,0,0,0,0,0,0,0,0,1,1,0,0,17,1
1.0,0.0,-1,-1,-1,0,0,5,0,0,0,0,0,0,0,0,0,0,0,0,0,0,0,0,1,1,0,0,18,18
1.0,0.0,0,0,0,1,0,25,0,0,0,0,0,0,0,0,0,0,0,0,0,0,0,0,1,1,0,0,19,94
1.0,0.0,0,0,0,1,0,31,0,0,0,0,0,0,0,0,0,0,0,0,0,0,0,0,1,1,0,0,17,1
1.0,0.0,0,0,0,1,0,19,0,0,0,0,0,0,0,0,0,0,0,0,0,0,0,0,1,1,0,0,20,19
1.0,0.0,0,0,0,1,0,17,0,0,0,0,0,0,0,0,0,0,0,0,0,0,0,0,1,1,0,0,21,19
1.0,0.0,0,0,0,1,0,21,0,0,0,0,0,0,0,0,0,0,0,0,0,0,0,0,1,1,0,0,4,19
1.0,0.0,0,0,0,1,0,17,0,0,0,0,0,0,0,0,0,0,0,0,0,0,0,0,1,1,0,0,3,19
1.0,0.0,997,0,0,4,0,38,0,0,0,0,0,0,0,0,0,0,0,0,0,0,0,0,1,1,0,0,22,29
1.0,0.0,-1,-1,-1,0,0,5,0,0,0,0,0,0,0,0,0,0,0,0,0,0,0,0,1,1,0,0,18,18
1.0,0.0,-1,-1,-1,0,0,5,0,0,0,0,0,0,0,0,0,0,0,0,0,0,0,0,1,1,0,0,18,18
1.0,0.0,0,0,0,0,0,26,0,0,0,0,0,0,0,0,0,0,0,0,0,0,0,0,1,1,0,0,23,29
1.0,0.0,0,0,0,0,0,13,0,0,0,0,0,0,0,0,0,0,0,0,0,0,0,0,1,1,0,0,4,23
1.0,0.0,0,0,0,0,0,19,0,0,0,0,0,0,0,0,0,0,0,0,0,0,0,0,1,1,0,0,24,23
1.0,0.0,34127,0,0,0,0,134,0,0,0,0,0,0,0,0,0,0,0,0,0,0,0,0,1,1,0,0,1,91
1.0,0.0,34127,0,0,0,0,138,0,0,0,0,0,0,0,0,0,0,0,0,0,0,0,0,1,1,0,0,1,91
1.0,0.0,34127,0,0,0,0,139,0,0,0,0,0,0,0,0,0,0,0,0,0,0,0,0,1,1,0,0,2,91
1.0,0.0,34127,0,0,0,0,136,0,0,0,0,0,0,0,0,0,0,0,0,0,0,0,0,1,1,0,0,1,91
1.0,0.0,34127,0,0,0,0,137,0,0,0,0,0,0,0,0,0,0,0,0,0,0,0,0,1,1,0,0,1,91
1.0,0.0,34127,0,0,0,0,126,0,0,0,0,0,0,0,0,0,0,0,0,0,0,0,0,1,1,0,0,3,1
1.0,0.0,34127,0,0,0,0,126,0,0,0,0,0,0,0,0,0,0,0,0,0,0,0,0,1,1,0,0,4,1
1.0,0.0,34127,0,0,0,0,126,0,0,0,0,0,0,0,0,0,0,0,0,0,0,0,0,1,1,0,0,5,1
1.0,0.0,-1,-1,-1,0,0,5,0,0,0,0,0,0,0,0,0,0,0,0,0,0,0,0,1,1,0,0,18,18
1.0,0.0,0,0,0,0,0,16,0,0,0,0,0,0,0,0,0,0,0,0,0,0,0,0,1,1,0,0,6,8
1.0,0.0,0,0,0,0,0,16,0,0,0,0,0,0,0,0,0,0,0,0,0,0,0,0,1,1,0,0,6,8
1.0,0.0,0,0,0,0,0,16,0,0,0,0,0,0,0,0,0,0,0,0,0,0,0,0,1,1,0,0,9,8
1.0,0.0,34127,0,0,0,0,35,0,0,0,0,0,0,0,0,0,0,0,0,0,0,0,0,1,1,0,0,1,91
1.0,0.0,34127,0,0,0,0,138,0,0,0,0,0,0,0,0,0,0,0,0,0,0,0,0,1,1,0,0,1,91
1.0,0.0,34127,0,0,0,0,139,0,0,0,0,0,0,0,0,0,0,0,0,0,0,0,0,1,1,0,0,2,91
1.0,0.0,34127,0,0,0,0,136,0,0,0,0,0,0,0,0,0,0,0,0,0,0,0,0,1,1,0,0,1,91
1.0,0.0,34127,0,0,0,0,137,0,0,0,0,0,0,0,0,0,0,0,0,0,0,0,0,1,1,0,0,1,91
1.0,0.0,34127,0,0,0,0,126,0,0,0,0,0,0,0,0,0,0,0,0,0,0,0,0,1,1,0,0,3,1
1.0,0.0,0,0,0,0,0,19,0,0,0,0,0,0,0,0,0,0,0,0,0,0,0,0,1,1,0,0,25,25
1.0,0.0,-1,-1,-1,0,0,4,0,0,0,0,0,0,0,0,0,0,0,0,0,0,0,0,1,1,0,0,18,18
1.0,0.0,-1,-1,-1,0,0,4,0,0,0,0,0,0,0,0,0,0,0,0,0,0,0,0,1,1,0,0,18,18
1.0,0.0,-1,-1,-1,0,0,4,0,0,0,0,0,0,0,0,0,0,0,0,0,0,0,0,1,1,0,0,18,18
1.0,0.0,-1,-1,-1,0,0,4,0,0,0,0,0,0,0,0,0,0,0,0,0,0,0,0,1,1,0,0,18,18
1.0,0.0,-1,-1,-1,0,0,4,0,0,0,0,0,0,0,0,0,0,0,0,0,0,0,0,1,1,0,0,18,18
1.0,0.0,34127,0,0,0,0,126,0,0,0,0,0,0,0,0,0,0,0,0,0,0,0,0,1,1,0,0,4,1
1.0,0.0,34127,0,0,0,0,126,0,0,0,0,0,0,0,0,0,0,0,0,0,0,0,0,1,1,0,0,5,1
1.0,0.0,65534,0,0,0,0,19,0,0,0,0,0,0,0,0,0,0,0,0,0,0,0,0,1,1,0,0,26,25
1.0,0.0,65534,0,0,0,0,19,0,0,0,0,0,0,0,0,0,0,0,0,0,0,0,0,1,1,0,0,26,25
1.0,0.0,-1,-1,-1,0,0,4,0,0,0,0,0,0,0,0,0,0,0,0,0,0,0,0,1,1,0,0,18,18
1.0,0.0,-1,-1,-1,0,0,4,0,0,0,0,0,0,0,0,0,0,0,0,0,0,0,0,1,1,0,0,18,18
1.0,0.0,-1,-1,-1,0,0,4,0,0,0,0,0,0,0,0,0,0,0,0,0,0,0,0,1,1,0,0,18,18
1.0,0.0,-1,-1,-1,0,0,4,0,0,0,0,0,0,0,0,0,0,0,0,0,0,0,0,1,1,0,0,18,18
1.0,0.0,-1,-1,-1,0,0,4,0,0,0,0,0,0,0,0,0,0,0,0,0,0,0,0,1,1,0,0,18,18
1.0,0.0,0,-1,1,0,0,10,0,0,0,0,0,0,0,0,0,0,0,0,0,0,0,0,1,1,0,0,25,25
1.0,0.0,-1,-1,-1,0,0,5,0,0,0,0,0,0,0,0,0,0,0,0,0,0,0,0,1,1,0,0,18,18
1.0,0.0,0,0,0,0,0,24,0,0,0,0,0,0,0,0,0,0,0,0,0,0,0,0,1,1,0,0,27,29
1.0,0.0,-1,-1,-1,0,0,5,0,0,0,0,0,0,0,0,0,0,0,0,0,0,0,0,1,1,0,0,18,18
1.0,0.0,0,-1,1,0,0,9,0,0,0,0,0,0,0,0,0,0,0,0,0,0,0,0,1,1,0,0,28,29
1.0,0.0,-1,-1,-1,0,0,5,0,0,0,0,0,0,0,0,0,0,0,0,0,0,0,0,1,1,0,0,18,18
1.0,0.0,0,0,0,0,0,20,0,0,0,0,0,0,0,0,0,0,0,0,0,0,0,0,1,1,0,0,29,29
1.0,0.0,0,0,0,0,0,28,0,0,0,0,0,0,0,0,0,0,0,0,0,0,0,0,1,1,0,0,30,95
1.0,0.0,0,0,0,1,0,28,0,0,0,0,0,0,0,0,0,0,0,0,0,0,0,0,1,1,0,0,31,29
1.0,0.0,-1,-1,-1,0,0,5,0,0,0,0,0,0,0,0,0,0,0,0,0,0,0,0,1,1,0,0,18,18
1.0,0.0,-1,-1,-1,0,0,4,0,0,0,0,0,0,0,0,0,0,0,0,0,0,0,0,1,1,0,0,18,18
1.0,0.0,-1,-1,-1,0,0,4,0,0,0,0,0,0,0,0,0,0,0,0,0,0,0,0,1,1,0,0,18,18
1.0,0.0,-1,-1,-1,0,0,4,0,0,0,0,0,0,0,0,0,0,0,0,0,0,0,0,1,1,0,0,18,18
1.0,0.0,-1,-1,-1,0,0,4,0,0,0,0,0,0,0,0,0,0,0,0,0,0,0,0,1,1,0,0,18,18
1.0,0.0,-1,-1,-1,0,0,4,0,0,0,0,0,0,0,0,0,0,0,0,0,0,0,0,1,1,0,0,18,18
1.0,0.0,-1,-1,-1,0,0,4,0,0,0,0,0,0,0,0,0,0,0,0,0,0,0,0,1,1,0,0,18,18
1.0,0.0,-1,-1,-1,0,0,4,0,0,0,0,0,0,0,0,0,0,0,0,0,0,0,0,1,1,0,0,18,18
1.0,0.0,-1,-1,-1,0,0,4,0,0,0,0,0,0,0,0,0,0,0,0,0,0,0,0,1,1,0,0,18,18
1.0,0.0,0,0,0,1,0,18,0,0,0,0,0,0,0,0,0,0,0,0,0,0,0,0,1,1,0,0,32,25
1.0,0.0,0,0,0,1,0,13,0,0,0,0,0,0,0,0,0,0,0,0,0,0,0,0,1,1,0,0,33,32
1.0,0.0,0,0,0,1,0,25,0,0,0,0,0,0,0,0,0,0,0,0,0,0,0,0,1,1,0,0,34,32
1.0,0.0,0,0,0,3,0,17,0,0,0,0,0,0,0,0,0,0,0,0,0,0,0,0,1,1,0,0,3,34
1.0,0.0,0,0,0,1,0,25,0,0,0,0,0,0,0,0,0,0,0,0,0,0,0,0,1,1,0,0,34,32
1.0,0.0,0,0,0,3,0,17,0,0,0,0,0,0,0,0,0,0,0,0,0,0,0,0,1,1,0,0,3,34
1.0,0.0,0,0,0,1,0,25,0,0,0,0,0,0,0,0,0,0,0,0,0,0,0,0,1,1,0,0,34,32
1.0,0.0,0,0,0,3,0,17,0,0,0,0,0,0,0,0,0,0,0,0,0,0,0,0,1,1,0,0,3,34
1.0,0.0,0,0,0,1,0,17,0,0,0,0,0,0,0,0,0,0,0,0,0,0,0,0,1,1,0,0,35,32
1.0,0.0,0,0,0,1,0,13,0,0,0,0,0,0,0,0,0,0,0,0,0,0,0,0,1,1,0,0,33,32
1.0,0.0,0,0,0,3,0,28,0,0,0,0,0,0,0,0,0,0,0,0,0,0,0,0,1,1,0,0,35,32
1.0,0.0,0,0,0,1,0,19,0,0,0,0,0,0,0,0,0,0,0,0,0,0,0,0,1,1,0,0,36,32
1.0,0.0,0,0,0,1,0,13,0,0,0,0,0,0,0,0,0,0,0,0,0,0,0,0,1,1,0,0,37,32
1.0,0.0,0,0,0,1,0,19,0,0,0,0,0,0,0,0,0,0,0,0,0,0,0,0,1,1,0,0,38,25
1.0,0.0,-1,-1,-1,0,0,4,0,0,0,0,0,0,0,0,0,0,0,0,0,0,0,0,1,1,0,0,18,18
1.0,0.0,-1,-1,-1,0,0,4,0,0,0,0,0,0,0,0,0,0,0,0,0,0,0,0,1,1,0,0,18,18
1.0,0.0,-1,-1,-1,0,0,4,0,0,0,0,0,0,0,0,0,0,0,0,0,0,0,0,1,1,0,0,18,18
1.0,0.0,-1,-1,-1,0,0,4,0,0,0,0,0,0,0,0,0,0,0,0,0,0,0,0,1,1,0,0,18,18
1.0,0.0,-1,-1,-1,0,0,4,0,0,0,0,0,0,0,0,0,0,0,0,0,0,0,0,1,1,0,0,18,18
1.0,0.0,-1,-1,-1,0,0,4,0,0,0,0,0,0,0,0,0,0,0,0,0,0,0,0,1,1,0,0,18,18
1.0,0.0,-1,-1,-1,0,0,4,0,0,0,0,0,0,0,0,0,0,0,0,0,0,0,0,1,1,0,0,18,18
1.0,0.0,-1,-1,-1,0,0,4,0,0,0,0,0,0,0,0,0,0,0,0,0,0,0,0,1,1,0,0,18,18
1.0,0.0,-1,-1,-1,0,0,4,0,0,0,0,0,0,0,0,0,0,0,0,0,0,0,0,1,1,0,0,18,18
1.0,0.0,0,0,0,1,0,20,0,0,0,0,0,0,0,0,0,0,0,0,0,0,0,0,1,1,0,0,31,29
1.0,0.0,-1,-1,-1,0,0,5,0,0,0,0,0,0,0,0,0,0,0,0,0,0,0,0,1,1,0,0,18,18
1.0,0.0,0,0,0,0,0,24,0,0,0,0,0,0,0,0,0,0,0,0,0,0,0,0,1,1,0,0,27,29
1.0,0.0,-1,-1,-1,0,0,5,0,0,0,0,0,0,0,0,0,0,0,0,0,0,0,0,1,1,0,0,18,18
1.0,0.0,33149,0,0,0,0,117,0,0,0,0,0,0,0,0,0,0,0,0,0,0,0,0,1,1,0,0,39,96
1.0,0.0,34127,0,0,0,0,134,0,0,0,0,0,0,0,0,0,0,0,0,0,0,0,0,1,1,0,0,1,91
1.0,0.0,34127,0,0,0,0,138,0,0,0,0,0,0,0,0,0,0,0,0,0,0,0,0,1,1,0,0,1,91
1.0,0.0,34127,0,0,0,0,139,0,0,0,0,0,0,0,0,0,0,0,0,0,0,0,0,1,1,0,0,2,91
1.0,0.0,34127,0,0,0,0,136,0,0,0,0,0,0,0,0,0,0,0,0,0,0,0,0,1,1,0,0,1,91
1.0,0.0,34127,0,0,0,0,137,0,0,0,0,0,0,0,0,0,0,0,0,0,0,0,0,1,1,0,0,1,91
1.0,0.0,34127,0,0,0,0,126,0,0,0,0,0,0,0,0,0,0,0,0,0,0,0,0,1,1,0,0,3,1
1.0,0.0,34127,0,0,0,0,126,0,0,0,0,0,0,0,0,0,0,0,0,0,0,0,0,1,1,0,0,4,1
1.0,0.0,34127,0,0,0,0,126,0,0,0,0,0,0,0,0,0,0,0,0,0,0,0,0,1,1,0,0,5,1
1.0,0.0,33149,0,0,0,0,117,0,0,0,0,0,0,0,0,0,0,0,0,0,0,0,0,1,1,0,0,40,96
1.0,0.0,33149,0,0,0,0,117,0,0,0,0,0,0,0,0,0,0,0,0,0,0,0,0,1,1,0,0,41,96
1.0,0.0,34127,0,0,0,0,35,0,0,0,0,0,0,0,0,0,0,0,0,0,0,0,0,1,1,0,0,1,91
1.0,0.0,34127,0,0,0,0,138,0,0,0,0,0,0,0,0,0,0,0,0,0,0,0,0,1,1,0,0,1,91
1.0,0.0,34127,0,0,0,0,139,0,0,0,0,0,0,0,0,0,0,0,0,0,0,0,0,1,1,0,0,2,91
1.0,0.0,34127,0,0,0,0,136,0,0,0,0,0,0,0,0,0,0,0,0,0,0,0,0,1,1,0,0,1,91
1.0,0.0,34127,0,0,0,0,137,0,0,0,0,0,0,0,0,0,0,0,0,0,0,0,0,1,1,0,0,1,91
1.0,0.0,34127,0,0,0,0,126,0,0,0,0,0,0,0,0,0,0,0,0,0,0,0,0,1,1,0,0,3,1
1.0,0.0,34127,0,0,0,0,126,0,0,0,0,0,0,0,0,0,0,0,0,0,0,0,0,1,1,0,0,4,1
1.0,0.0,34127,0,0,0,0,126,0,0,0,0,0,0,0,0,0,0,0,0,0,0,0,0,1,1,0,0,5,1
1.0,0.0,34127,0,0,0,0,35,0,0,0,0,0,0,0,0,0,0,0,0,0,0,0,0,1,1,0,0,1,91
1.0,0.0,34127,0,0,0,0,138,0,0,0,0,0,0,0,0,0,0,0,0,0,0,0,0,1,1,0,0,1,91
1.0,0.0,34127,0,0,0,0,139,0,0,0,0,0,0,0,0,0,0,0,0,0,0,0,0,1,1,0,0,2,91
1.0,0.0,34127,0,0,0,0,136,0,0,0,0,0,0,0,0,0,0,0,0,0,0,0,0,1,1,0,0,1,91
1.0,0.0,34127,0,0,0,0,137,0,0,0,0,0,0,0,0,0,0,0,0,0,0,0,0,1,1,0,0,1,91
1.0,0.0,34127,0,0,0,0,126,0,0,0,0,0,0,0,0,0,0,0,0,0,0,0,0,1,1,0,0,3,1
1.0,0.0,34127,0,0,0,0,126,0,0,0,0,0,0,0,0,0,0,0,0,0,0,0,0,1,1,0,0,4,1
1.0,0.0,34127,0,0,0,0,126,0,0,0,0,0,0,0,0,0,0,0,0,0,0,0,0,1,1,0,0,5,1
1.0,10.0,34127,0,0,0,0,35,0,0,0,0,0,0,0,0,0,0,0,0,0,0,0,0,1,1,0,0,1,91
1.0,0.0,34127,0,0,0,0,138,0,0,0,0,0,0,0,0,0,0,0,0,0,0,0,0,1,1,0,0,1,91
1.0,0.0,34127,0,0,0,0,139,0,0,0,0,0,0,0,0,0,0,0,0,0,0,0,0,1,1,0,0,2,91
1.0,0.0,34127,0,0,0,0,136,0,0,0,0,0,0,0,0,0,0,0,0,0,0,0,0,1,1,0,0,1,91
1.0,0.0,34127,0,0,0,0,137,0,0,0,0,0,0,0,0,0,0,0,0,0,0,0,0,1,1,0,0,1,91
1.0,0.0,34127,0,0,0,0,126,0,0,0,0,0,0,0,0,0,0,0,0,0,0,0,0,1,1,0,0,3,1
1.0,0.0,34127,0,0,0,0,126,0,0,0,0,0,0,0,0,0,0,0,0,0,0,0,0,1,1,0,0,4,1
1.0,0.0,34127,0,0,0,0,126,0,0,0,0,0,0,0,0,0,0,0,0,0,0,0,0,1,1,0,0,5,1
1.0,0.0,34127,0,0,0,0,35,0,0,0,0,0,0,0,0,0,0,0,0,0,0,0,0,1,1,0,0,1,91
1.0,0.0,34127,0,0,0,0,138,0,0,0,0,0,0,0,0,0,0,0,0,0,0,0,0,1,1,0,0,1,91
1.0,0.0,34127,0,0,0,0,139,0,0,0,0,0,0,0,0,0,0,0,0,0,0,0,0,1,1,0,0,2,91
1.0,0.0,34127,0,0,0,0,136,0,0,0,0,0,0,0,0,0,0,0,0,0,0,0,0,1,1,0,0,1,91
1.0,0.0,34127,0,0,0,0,137,0,0,0,0,0,0,0,0,0,0,0,0,0,0,0,0,1,1,0,0,1,91
1.0,0.0,34127,0,0,0,0,126,0,0,0,0,0,0,0,0,0,0,0,0,0,0,0,0,1,1,0,0,3,1
1.0,0.0,34127,0,0,0,0,126,0,0,0,0,0,0,0,0,0,0,0,0,0,0,0,0,1,1,0,0,4,1
1.0,0.0,34127,0,0,0,0,126,0,0,0,0,0,0,0,0,0,0,0,0,0,0,0,0,1,1,0,0,5,1
1.0,0.0,34127,0,0,0,0,35,0,0,0,0,0,0,0,0,0,0,0,0,0,0,0,0,1,1,0,0,1,91
1.0,0.0,34127,0,0,0,0,138,0,0,0,0,0,0,0,0,0,0,0,0,0,0,0,0,1,1,0,0,1,91
1.0,0.0,34127,0,0,0,0,139,0,0,0,0,0,0,0,0,0,0,0,0,0,0,0,0,1,1,0,0,2,91
1.0,0.0,34127,0,0,0,0,136,0,0,0,0,0,0,0,0,0,0,0,0,0,0,0,0,1,1,0,0,1,91
1.0,0.0,34127,0,0,0,0,137,0,0,0,0,0,0,0,0,0,0,0,0,0,0,0,0,1,1,0,0,1,91
1.0,0.0,34127,0,0,0,0,126,0,0,0,0,0,0,0,0,0,0,0,0,0,0,0,0,1,1,0,0,3,1
1.0,0.0,34127,0,0,0,0,126,0,0,0,0,0,0,0,0,0,0,0,0,0,0,0,0,1,1,0,0,4,1
1.0,0.0,34127,0,0,0,0,126,0,0,0,0,0,0,0,0,0,0,0,0,0,0,0,0,1,1,0,0,5,1
1.0,0.0,0,0,0,0,0,38,0,0,0,0,0,0,0,0,0,0,0,0,0,0,0,0,1,1,0,0,8,97
1.0,0.0,0,0,0,0,0,28,0,0,0,0,0,0,0,0,0,0,0,0,0,0,0,0,1,1,0,0,20,8
1.0,0.0,0,0,0,0,0,28,0,0,0,0,0,0,0,0,0,0,0,0,0,0,0,0,1,1,0,0,42,8
1.0,0.0,0,0,0,0,0,21,0,0,0,0,0,0,0,0,0,0,0,0,0,0,0,0,1,1,0,0,3,8
1.0,0.0,0,0,0,0,0,16,0,0,0,0,0,0,0,0,0,0,0,0,0,0,0,0,1,1,0,0,4,8
1.0,0.0,0,0,0,0,0,20,0,0,0,0,0,0,0,0,0,0,0,0,0,0,0,0,1,1,0,0,6,8
1.0,0.0,0,0,0,0,0,18,0,0,0,0,0,0,0,0,0,0,0,0,0,0,0,0,1,1,0,0,6,8
1.0,0.0,0,0,0,0,0,22,0,0,0,0,0,0,0,0,0,0,0,0,0,0,0,0,1,1,0,0,35,8
1.0,0.0,0,0,0,0,0,16,0,0,0,0,0,0,0,0,0,0,0,0,0,0,0,0,1,1,0,0,43,8
1.0,0.0,0,0,0,0,0,16,0,0,0,0,0,0,0,0,0,0,0,0,0,0,0,0,1,1,0,0,7,8
1.0,0.0,0,12288,0,0,0,16,0,0,0,0,0,0,0,0,0,0,0,0,0,0,0,0,1,1,0,0,8,8
1.0,0.0,34127,0,0,0,0,35,0,0,0,0,0,0,0,0,0,0,0,0,0,0,0,0,1,1,0,0,1,91
1.0,0.0,34127,0,0,0,0,138,0,0,0,0,0,0,0,0,0,0,0,0,0,0,0,0,1,1,0,0,1,91
1.0,0.0,34127,0,0,0,0,139,0,0,0,0,0,0,0,0,0,0,0,0,0,0,0,0,1,1,0,0,2,91
1.0,0.0,34127,0,0,0,0,136,0,0,0,0,0,0,0,0,0,0,0,0,0,0,0,0,1,1,0,0,1,91
1.0,0.0,34127,0,0,0,0,137,0,0,0,0,0,0,0,0,0,0,0,0,0,0,0,0,1,1,0,0,1,91
1.0,0.0,34127,0,0,0,0,126,0,0,0,0,0,0,0,0,0,0,0,0,0,0,0,0,1,1,0,0,3,1
1.0,0.0,34127,0,0,0,0,126,0,0,0,0,0,0,0,0,0,0,0,0,0,0,0,0,1,1,0,0,4,1
1.0,0.0,34127,0,0,0,0,126,0,0,0,0,0,0,0,0,0,0,0,0,0,0,0,0,1,1,0,0,5,1
1.0,0.0,34127,0,0,0,0,35,0,0,0,0,0,0,0,0,0,0,0,0,0,0,0,0,1,1,0,0,1,91
1.0,0.0,34127,0,0,0,0,138,0,0,0,0,0,0,0,0,0,0,0,0,0,0,0,0,1,1,0,0,1,91
1.0,0.0,34127,0,0,0,0,139,0,0,0,0,0,0,0,0,0,0,0,0,0,0,0,0,1,1,0,0,2,91
1.0,0.0,34127,0,0,0,0,136,0,0,0,0,0,0,0,0,0,0,0,0,0,0,0,0,1,1,0,0,1,91
1.0,0.0,34127,0,0,0,0,137,0,0,0,0,0,0,0,0,0,0,0,0,0,0,0,0,1,1,0,0,1,91
1.0,0.0,34127,0,0,0,0,126,0,0,0,0,0,0,0,0,0,0,0,0,0,0,0,0,1,1,0,0,3,1
1.0,0.0,34127,0,0,0,0,126,0,0,0,0,0,0,0,0,0,0,0,0,0,0,0,0,1,1,0,0,4,1
1.0,0.0,34127,0,0,0,0,126,0,0,0,0,0,0,0,0,0,0,0,0,0,0,0,0,1,1,0,0,5,1
1.0,0.0,0,0,0,0,0,16,0,0,0,0,0,0,0,0,0,0,0,0,0,0,0,0,1,1,0,0,6,8
1.0,0.0,0,0,0,0,0,16,0,0,0,0,0,0,0,0,0,0,0,0,0,0,0,0,1,1,0,0,7,8
1.0,0.0,0,12288,0,0,0,16,0,0,0,0,0,0,0,0,0,0,0,0,0,0,0,0,1,1,0,0,8,8
1.0,0.0,0,0,0,0,0,38,0,0,0,0,0,0,0,0,0,0,0,0,0,0,0,0,1,1,0,0,8,97
1.0,0.0,0,0,0,0,0,28,0,0,0,0,0,0,0,0,0,0,0,0,0,0,0,0,1,1,0,0,20,8
1.0,0.0,0,0,0,0,0,28,0,0,0,0,0,0,0,0,0,0,0,0,0,0,0,0,1,1,0,0,42,8
1.0,0.0,0,0,0,0,0,21,0,0,0,0,0,0,0,0,0,0,0,0,0,0,0,0,1,1,0,0,3,8
1.0,0.0,0,0,0,0,0,16,0,0,0,0,0,0,0,0,0,0,0,0,0,0,0,0,1,1,0,0,4,8
1.0,0.0,0,0,0,0,0,20,0,0,0,0,0,0,0,0,0,0,0,0,0,0,0,0,1,1,0,0,6,8
1.0,0.0,0,0,0,0,0,18,0,0,0,0,0,0,0,0,0,0,0,0,0,0,0,0,1,1,0,0,6,8
1.0,0.0,0,0,0,0,0,22,0,0,0,0,0,0,0,0,0,0,0,0,0,0,0,0,1,1,0,0,35,8
1.0,0.0,0,0,0,0,0,16,0,0,0,0,0,0,0,0,0,0,0,0,0,0,0,0,1,1,0,0,43,8
1.0,0.0,0,0,0,0,0,16,0,0,0,0,0,0,0,0,0,0,0,0,0,0,0,0,1,1,0,0,7,8
1.0,0.0,0,12288,0,0,0,16,0,0,0,0,0,0,0,0,0,0,0,0,0,0,0,0,1,1,0,0,8,8
1.0,0.0,34127,0,0,0,0,35,0,0,0,0,0,0,0,0,0,0,0,0,0,0,0,0,1,1,0,0,1,91
1.0,0.0,34127,0,0,0,0,138,0,0,0,0,0,0,0,0,0,0,0,0,0,0,0,0,1,1,0,0,1,91
1.0,0.0,34127,0,0,0,0,139,0,0,0,0,0,0,0,0,0,0,0,0,0,0,0,0,1,1,0,0,2,91
1.0,0.0,34127,0,0,0,0,136,0,0,0,0,0,0,0,0,0,0,0,0,0,0,0,0,1,1,0,0,1,91
1.0,0.0,34127,0,0,0,0,137,0,0,0,0,0,0,0,0,0,0,0,0,0,0,0,0,1,1,0,0,1,91
1.0,0.0,34127,0,0,0,0,126,0,0,0,0,0,0,0,0,0,0,0,0,0,0,0,0,1,1,0,0,3,1
1.0,0.0,34127,0,0,0,0,126,0,0,0,0,0,0,0,0,0,0,0,0,0,0,0,0,1,1,0,0,4,1
1.0,0.0,34127,0,0,0,0,126,0,0,0,0,0,0,0,0,0,0,0,0,0,0,0,0,1,1,0,0,5,1
1.0,0.0,34127,0,0,0,0,35,0,0,0,0,0,0,0,0,0,0,0,0,0,0,0,0,1,1,0,0,1,91
1.0,0.0,34127,0,0,0,0,138,0,0,0,0,0,0,0,0,0,0,0,0,0,0,0,0,1,1,0,0,1,91
1.0,0.0,34127,0,0,0,0,139,0,0,0,0,0,0,0,0,0,0,0,0,0,0,0,0,1,1,0,0,2,91
1.0,0.0,34127,0,0,0,0,136,0,0,0,0,0,0,0,0,0,0,0,0,0,0,0,0,1,1,0,0,1,91
1.0,0.0,34127,0,0,0,0,137,0,0,0,0,0,0,0,0,0,0,0,0,0,0,0,0,1,1,0,0,1,91
1.0,0.0,34127,0,0,0,0,126,0,0,0,0,0,0,0,0,0,0,0,0,0,0,0,0,1,1,0,0,3,1
1.0,0.0,34127,0,0,0,0,126,0,0,0,0,0,0,0,0,0,0,0,0,0,0,0,0,1,1,0,0,4,1
1.0,0.0,34127,0,0,0,0,126,0,0,0,0,0,0,0,0,0,0,0,0,0,0,0,0,1,1,0,0,5,1
1.0,0.0,0,0,0,0,0,16,0,0,0,0,0,0,0,0,0,0,0,0,0,0,0,0,1,1,0,0,6,8
1.0,0.0,0,0,0,0,0,16,0,0,0,0,0,0,0,0,0,0,0,0,0,0,0,0,1,1,0,0,7,8
1.0,0.0,0,12288,0,0,0,16,0,0,0,0,0,0,0,0,0,0,0,0,0,0,0,0,1,1,0,0,8,8
1.0,0.0,990,0,-2,0,0,15,0,0,0,0,0,0,0,0,0,0,0,0,0,0,0,0,1,1,0,0,44,44
1.0,0.0,990,0,-2,0,0,15,0,0,0,0,0,0,0,0,0,0,0,0,0,0,0,0,1,1,0,0,44,44
1.0,0.0,990,0,-2,0,0,14,0,0,0,0,0,0,0,0,0,0,0,0,0,0,0,0,1,1,0,0,44,44
1.0,0.0,0,0,0,0,0,19,0,0,0,0,0,0,0,0,0,0,0,0,0,0,0,0,1,1,0,0,45,44
1.0,0.0,0,0,0,0,0,16,0,0,0,0,0,0,0,0,0,0,0,0,0,0,0,0,1,1,0,0,6,8
1.0,0.0,0,0,0,0,0,16,0,0,0,0,0,0,0,0,0,0,0,0,0,0,0,0,1,1,0,0,7,8
1.0,0.0,0,12288,0,0,0,16,0,0,0,0,0,0,0,0,0,0,0,0,0,0,0,0,1,1,0,0,8,8
1.0,0.0,-1,-1,-1,0,0,4,0,0,0,0,0,0,0,0,0,0,0,0,0,0,0,0,1,1,0,0,18,18
1.0,0.0,-1,-1,-1,0,0,8,0,0,0,0,0,0,0,0,0,0,0,0,0,0,0,0,1,1,0,0,18,18
1.0,0.0,-1,-1,-1,0,0,4,0,0,0,0,0,0,0,0,0,0,0,0,0,0,0,0,1,1,0,0,18,18
1.0,0.0,-1,-1,-1,0,0,5,0,0,0,0,0,0,0,0,0,0,0,0,0,0,0,0,1,1,0,0,18,18
1.0,0.0,0,0,0,0,0,24,0,0,0,0,0,0,0,0,0,0,0,0,0,0,0,0,1,1,0,0,27,29
1.0,0.0,-1,-1,-1,0,0,5,0,0,0,0,0,0,0,0,0,0,0,0,0,0,0,0,1,1,0,0,18,18
1.0,0.0,0,-1,1,0,0,9,0,0,0,0,0,0,0,0,0,0,0,0,0,0,0,0,1,1,0,0,28,29
1.0,0.0,-1,-1,-1,0,0,5,0,0,0,0,0,0,0,0,0,0,0,0,0,0,0,0,1,1,0,0,18,18
1.0,0.0,0,0,0,0,0,20,0,0,0,0,0,0,0,0,0,0,0,0,0,0,0,0,1,1,0,0,29,29
1.0,0.0,0,0,0,0,0,28,0,0,0,0,0,0,0,0,0,0,0,0,0,0,0,0,1,1,0,0,30,95
1.0,0.0,0,0,0,1,0,28,0,0,0,0,0,0,0,0,0,0,0,0,0,0,0,0,1,1,0,0,31,29
1.0,0.0,-1,-1,-1,0,0,5,0,0,0,0,0,0,0,0,0,0,0,0,0,0,0,0,1,1,0,0,18,18
1.0,0.0,-1,-1,-1,0,0,4,0,0,0,0,0,0,0,0,0,0,0,0,0,0,0,0,1,1,0,0,18,18
1.0,0.0,0,0,0,0,0,25,0,0,0,0,0,0,0,0,0,0,0,0,0,0,0,0,1,1,0,0,46,45
1.0,0.0,0,0,0,0,0,77,0,0,0,0,0,0,0,0,0,0,0,0,0,0,0,0,1,1,0,0,47,45
1.0,0.0,-1,-1,-1,0,0,4,0,0,0,0,0,0,0,0,0,0,0,0,0,0,0,0,1,1,0,0,18,18
1.0,0.0,-1,-1,-1,0,0,4,0,0,0,0,0,0,0,0,0,0,0,0,0,0,0,0,1,1,0,0,18,18
1.0,0.0,0,0,0,1,0,20,0,0,0,0,0,0,0,0,0,0,0,0,0,0,0,0,1,1,0,0,31,29
1.0,0.0,-1,-1,-1,0,0,5,0,0,0,0,0,0,0,0,0,0,0,0,0,0,0,0,1,1,0,0,18,18
1.0,0.0,0,0,0,0,0,24,0,0,0,0,0,0,0,0,0,0,0,0,0,0,0,0,1,1,0,0,27,29
1.0,0.0,-1,-1,-1,0,0,5,0,0,0,0,0,0,0,0,0,0,0,0,0,0,0,0,1,1,0,0,18,18
1.0,0.0,34127,0,0,0,0,35,0,0,0,0,0,0,0,0,0,0,0,0,0,0,0,0,1,1,0,0,1,91
1.0,0.0,34127,0,0,0,0,138,0,0,0,0,0,0,0,0,0,0,0,0,0,0,0,0,1,1,0,0,1,91
1.0,0.0,34127,0,0,0,0,139,0,0,0,0,0,0,0,0,0,0,0,0,0,0,0,0,1,1,0,0,2,91
1.0,0.0,34127,0,0,0,0,136,0,0,0,0,0,0,0,0,0,0,0,0,0,0,0,0,1,1,0,0,1,91
1.0,0.0,34127,0,0,0,0,137,0,0,0,0,0,0,0,0,0,0,0,0,0,0,0,0,1,1,0,0,1,91
1.0,0.0,34127,0,0,0,0,126,0,0,0,0,0,0,0,0,0,0,0,0,0,0,0,0,1,1,0,0,3,1
1.0,0.0,34127,0,0,0,0,126,0,0,0,0,0,0,0,0,0,0,0,0,0,0,0,0,1,1,0,0,4,1
1.0,0.0,34127,0,0,0,0,126,0,0,0,0,0,0,0,0,0,0,0,0,0,0,0,0,1,1,0,0,5,1
1.0,0.0,0,0,0,0,0,21,0,0,0,0,0,0,0,0,0,0,0,0,0,0,0,0,1,1,0,0,13,93
1.0,0.0,34127,0,0,0,0,35,0,0,0,0,0,0,0,0,0,0,0,0,0,0,0,0,1,1,0,0,1,91
1.0,0.0,34127,0,0,0,0,138,0,0,0,0,0,0,0,0,0,0,0,0,0,0,0,0,1,1,0,0,1,91
1.0,0.0,34127,0,0,0,0,139,0,0,0,0,0,0,0,0,0,0,0,0,0,0,0,0,1,1,0,0,2,91
1.0,0.0,34127,0,0,0,0,136,0,0,0,0,0,0,0,0,0,0,0,0,0,0,0,0,1,1,0,0,1,91
1.0,0.0,34127,0,0,0,0,137,0,0,0,0,0,0,0,0,0,0,0,0,0,0,0,0,1,1,0,0,1,91
1.0,0.0,34127,0,0,0,0,126,0,0,0,0,0,0,0,0,0,0,0,0,0,0,0,0,1,1,0,0,3,1
1.0,0.0,34127,0,0,0,0,126,0,0,0,0,0,0,0,0,0,0,0,0,0,0,0,0,1,1,0,0,4,1
1.0,0.0,34127,0,0,0,0,126,0,0,0,0,0,0,0,0,0,0,0,0,0,0,0,0,1,1,0,0,5,1
1.0,0.0,0,0,0,0,0,16,0,0,0,0,0,0,0,0,0,0,0,0,0,0,0,0,1,1,0,0,6,8
1.0,0.0,0,0,0,0,0,16,0,0,0,0,0,0,0,0,0,0,0,0,0,0,0,0,1,1,0,0,7,8
1.0,0.0,0,12288,0,0,0,16,0,0,0,0,0,0,0,0,0,0,0,0,0,0,0,0,1,1,0,0,8,8
1.0,0.0,0,0,0,0,0,16,0,0,0,0,0,0,0,0,0,0,0,0,0,0,0,0,1,1,0,0,6,8
1.0,0.0,0,0,0,0,0,16,0,0,0,0,0,0,0,0,0,0,0,0,0,0,0,0,1,1,0,0,7,8
1.0,0.0,0,12288,0,0,0,16,0,0,0,0,0,0,0,0,0,0,0,0,0,0,0,0,1,1,0,0,8,8
1.0,10.0,34127,0,0,0,0,35,0,0,0,0,0,0,0,0,0,0,0,0,0,0,0,0,1,1,0,0,1,91
1.0,0.0,34127,0,0,0,0,138,0,0,0,0,0,0,0,0,0,0,0,0,0,0,0,0,1,1,0,0,1,91
1.0,0.0,34127,0,0,0,0,139,0,0,0,0,0,0,0,0,0,0,0,0,0,0,0,0,1,1,0,0,2,91
1.0,0.0,34127,0,0,0,0,136,0,0,0,0,0,0,0,0,0,0,0,0,0,0,0,0,1,1,0,0,1,91
1.0,0.0,34127,0,0,0,0,137,0,0,0,0,0,0,0,0,0,0,0,0,0,0,0,0,1,1,0,0,1,91
1.0,0.0,34127,0,0,0,0,126,0,0,0,0,0,0,0,0,0,0,0,0,0,0,0,0,1,1,0,0,3,1
1.0,0.0,34127,0,0,0,0,126,0,0,0,0,0,0,0,0,0,0,0,0,0,0,0,0,1,1,0,0,4,1
1.0,0.0,34127,0,0,0,0,126,0,0,0,0,0,0,0,0,0,0,0,0,0,0,0,0,1,1,0,0,5,1
1.0,0.0,34127,0,0,0,0,35,0,0,0,0,0,0,0,0,0,0,0,0,0,0,0,0,1,1,0,0,1,91
1.0,0.0,34127,0,0,0,0,138,0,0,0,0,0,0,0,0,0,0,0,0,0,0,0,0,1,1,0,0,1,91
1.0,0.0,34127,0,0,0,0,139,0,0,0,0,0,0,0,0,0,0,0,0,0,0,0,0,1,1,0,0,2,91
1.0,0.0,34127,0,0,0,0,136,0,0,0,0,0,0,0,0,0,0,0,0,0,0,0,0,1,1,0,0,1,91
1.0,0.0,34127,0,0,0,0,137,0,0,0,0,0,0,0,0,0,0,0,0,0,0,0,0,1,1,0,0,1,91
1.0,0.0,34127,0,0,0,0,126,0,0,0,0,0,0,0,0,0,0,0,0,0,0,0,0,1,1,0,0,3,1
1.0,0.0,34127,0,0,0,0,126,0,0,0,0,0,0,0,0,0,0,0,0,0,0,0,0,1,1,0,0,4,1
1.0,0.0,34127,0,0,0,0,126,0,0,0,0,0,0,0,0,0,0,0,0,0,0,0,0,1,1,0,0,5,1
1.0,0.0,0,0,0,0,0,16,0,0,0,0,0,0,0,0,0,0,0,0,0,0,0,0,1,1,0,0,6,8
1.0,0.0,0,0,0,0,0,16,0,0,0,0,0,0,0,0,0,0,0,0,0,0,0,0,1,1,0,0,7,8
1.0,0.0,0,12288,0,0,0,16,0,0,0,0,0,0,0,0,0,0,0,0,0,0,0,0,1,1,0,0,8,8
1.0,0.0,0,0,0,0,0,16,0,0,0,0,0,0,0,0,0,0,0,0,0,0,0,0,1,1,0,0,6,8
1.0,0.0,0,0,0,0,0,16,0,0,0,0,0,0,0,0,0,0,0,0,0,0,0,0,1,1,0,0,7,8
1.0,0.0,0,12288,0,0,0,16,0,0,0,0,0,0,0,0,0,0,0,0,0,0,0,0,1,1,0,0,8,8
1.0,0.0,34127,0,0,0,0,35,0,0,0,0,0,0,0,0,0,0,0,0,0,0,0,0,1,1,0,0,1,91
1.0,0.0,34127,0,0,0,0,138,0,0,0,0,0,0,0,0,0,0,0,0,0,0,0,0,1,1,0,0,1,91
1.0,0.0,34127,0,0,0,0,139,0,0,0,0,0,0,0,0,0,0,0,0,0,0,0,0,1,1,0,0,2,91
1.0,0.0,34127,0,0,0,0,136,0,0,0,0,0,0,0,0,0,0,0,0,0,0,0,0,1,1,0,0,1,91
1.0,0.0,34127,0,0,0,0,137,0,0,0,0,0,0,0,0,0,0,0,0,0,0,0,0,1,1,0,0,1,91
1.0,0.0,34127,0,0,0,0,126,0,0,0,0,0,0,0,0,0,0,0,0,0,0,0,0,1,1,0,0,3,1
1.0,0.0,34127,0,0,0,0,126,0,0,0,0,0,0,0,0,0,0,0,0,0,0,0,0,1,1,0,0,4,1
1.0,0.0,34127,0,0,0,0,126,0,0,0,0,0,0,0,0,0,0,0,0,0,0,0,0,1,1,0,0,5,1
1.0,0.0,34127,0,0,0,0,35,0,0,0,0,0,0,0,0,0,0,0,0,0,0,0,0,1,1,0,0,1,91
1.0,0.0,34127,0,0,0,0,138,0,0,0,0,0,0,0,0,0,0,0,0,0,0,0,0,1,1,0,0,1,91
1.0,0.0,34127,0,0,0,0,139,0,0,0,0,0,0,0,0,0,0,0,0,0,0,0,0,1,1,0,0,2,91
1.0,0.0,34127,0,0,0,0,136,0,0,0,0,0,0,0,0,0,0,0,0,0,0,0,0,1,1,0,0,1,91
1.0,0.0,34127,0,0,0,0,137,0,0,0,0,0,0,0,0,0,0,0,0,0,0,0,0,1,1,0,0,1,91
1.0,0.0,34127,0,0,0,0,126,0,0,0,0,0,0,0,0,0,0,0,0,0,0,0,0,1,1,0,0,3,1
1.0,0.0,34127,0,0,0,0,126,0,0,0,0,0,0,0,0,0,0,0,0,0,0,0,0,1,1,0,0,4,1
1.0,0.0,34127,0,0,0,0,126,0,0,0,0,0,0,0,0,0,0,0,0,0,0,0,0,1,1,0,0,5,1
1.0,0.0,0,0,0,0,0,16,0,0,0,0,0,0,0,0,0,0,0,0,0,0,0,0,1,1,0,0,6,8
1.0,0.0,0,0,0,0,0,16,0,0,0,0,0,0,0,0,0,0,0,0,0,0,0,0,1,1,0,0,6,8
1.0,0.0,0,0,0,0,0,16,0,0,0,0,0,0,0,0,0,0,0,0,0,0,0,0,1,1,0,0,9,8
1.0,0.0,0,0,0,0,0,16,0,0,0,0,0,0,0,0,0,0,0,0,0,0,0,0,1,1,0,0,6,8
1.0,0.0,0,0,0,0,0,16,0,0,0,0,0,0,0,0,0,0,0,0,0,0,0,0,1,1,0,0,7,8
1.0,0.0,0,12288,0,0,0,16,0,0,0,0,0,0,0,0,0,0,0,0,0,0,0,0,1,1,0,0,8,8
1.0,0.0,34127,0,0,0,0,35,0,0,0,0,0,0,0,0,0,0,0,0,0,0,0,0,1,1,0,0,1,91
1.0,0.0,34127,0,0,0,0,138,0,0,0,0,0,0,0,0,0,0,0,0,0,0,0,0,1,1,0,0,1,91
1.0,0.0,34127,0,0,0,0,139,0,0,0,0,0,0,0,0,0,0,0,0,0,0,0,0,1,1,0,0,2,91
1.0,0.0,34127,0,0,0,0,136,0,0,0,0,0,0,0,0,0,0,0,0,0,0,0,0,1,1,0,0,1,91
1.0,0.0,34127,0,0,0,0,137,0,0,0,0,0,0,0,0,0,0,0,0,0,0,0,0,1,1,0,0,1,91
1.0,0.0,34127,0,0,0,0,126,0,0,0,0,0,0,0,0,0,0,0,0,0,0,0,0,1,1,0,0,3,1
1.0,0.0,34127,0,0,0,0,126,0,0,0,0,0,0,0,0,0,0,0,0,0,0,0,0,1,1,0,0,4,1
1.0,0.0,34127,0,0,0,0,126,0,0,0,0,0,0,0,0,0,0,0,0,0,0,0,0,1,1,0,0,5,1
1.0,0.0,34127,0,0,0,0,35,0,0,0,0,0,0,0,0,0,0,0,0,0,0,0,0,1,1,0,0,1,91
1.0,0.0,34127,0,0,0,0,138,0,0,0,0,0,0,0,0,0,0,0,0,0,0,0,0,1,1,0,0,1,91
1.0,0.0,34127,0,0,0,0,139,0,0,0,0,0,0,0,0,0,0,0,0,0,0,0,0,1,1,0,0,2,91
1.0,0.0,34127,0,0,0,0,136,0,0,0,0,0,0,0,0,0,0,0,0,0,0,0,0,1,1,0,0,1,91
1.0,0.0,34127,0,0,0,0,137,0,0,0,0,0,0,0,0,0,0,0,0,0,0,0,0,1,1,0,0,1,91
1.0,0.0,34127,0,0,0,0,126,0,0,0,0,0,0,0,0,0,0,0,0,0,0,0,0,1,1,0,0,3,1
1.0,0.0,0,0,0,0,0,16,0,0,0,0,0,0,0,0,0,0,0,0,0,0,0,0,1,1,0,0,6,8
1.0,0.0,0,0,0,0,0,16,0,0,0,0,0,0,0,0,0,0,0,0,0,0,0,0,1,1,0,0,6,8
1.0,0.0,0,0,0,0,0,16,0,0,0,0,0,0,0,0,0,0,0,0,0,0,0,0,1,1,0,0,9,8
1.0,0.0,34127,0,0,0,0,126,0,0,0,0,0,0,0,0,0,0,0,0,0,0,0,0,1,1,0,0,4,1
1.0,0.0,34127,0,0,0,0,126,0,0,0,0,0,0,0,0,0,0,0,0,0,0,0,0,1,1,0,0,5,1
1.0,0.0,34127,0,0,0,0,35,0,0,0,0,0,0,0,0,0,0,0,0,0,0,0,0,1,1,0,0,1,91
1.0,0.0,34127,0,0,0,0,138,0,0,0,0,0,0,0,0,0,0,0,0,0,0,0,0,1,1,0,0,1,91
1.0,0.0,34127,0,0,0,0,139,0,0,0,0,0,0,0,0,0,0,0,0,0,0,0,0,1,1,0,0,2,91
1.0,0.0,34127,0,0,0,0,136,0,0,0,0,0,0,0,0,0,0,0,0,0,0,0,0,1,1,0,0,1,91
1.0,0.0,34127,0,0,0,0,137,0,0,0,0,0,0,0,0,0,0,0,0,0,0,0,0,1,1,0,0,1,91
1.0,0.0,34127,0,0,0,0,126,0,0,0,0,0,0,0,0,0,0,0,0,0,0,0,0,1,1,0,0,3,1
1.0,0.0,34127,0,0,0,0,126,0,0,0,0,0,0,0,0,0,0,0,0,0,0,0,0,1,1,0,0,4,1
1.0,0.0,34127,0,0,0,0,126,0,0,0,0,0,0,0,0,0,0,0,0,0,0,0,0,1,1,0,0,5,1
1.0,0.0,34127,0,0,0,0,35,0,0,0,0,0,0,0,0,0,0,0,0,0,0,0,0,1,1,0,0,1,91
1.0,0.0,34127,0,0,0,0,138,0,0,0,0,0,0,0,0,0,0,0,0,0,0,0,0,1,1,0,0,1,91
1.0,0.0,34127,0,0,0,0,139,0,0,0,0,0,0,0,0,0,0,0,0,0,0,0,0,1,1,0,0,2,91
1.0,0.0,34127,0,0,0,0,136,0,0,0,0,0,0,0,0,0,0,0,0,0,0,0,0,1,1,0,0,1,91
1.0,0.0,34127,0,0,0,0,137,0,0,0,0,0,0,0,0,0,0,0,0,0,0,0,0,1,1,0,0,1,91
1.0,0.0,34127,0,0,0,0,126,0,0,0,0,0,0,0,0,0,0,0,0,0,0,0,0,1,1,0,0,3,1
1.0,0.0,34127,0,0,0,0,126,0,0,0,0,0,0,0,0,0,0,0,0,0,0,0,0,1,1,0,0,4,1
1.0,0.0,34127,0,0,0,0,126,0,0,0,0,0,0,0,0,0,0,0,0,0,0,0,0,1,1,0,0,5,1
1.0,0.0,0,0,0,1,0,13,0,0,0,0,0,0,0,0,0,0,0,0,0,0,0,0,1,1,0,0,48,19
1.0,0.0,0,0,0,1,0,17,0,0,0,0,0,0,0,0,0,0,0,0,0,0,0,0,1,1,0,0,49,19
1.0,0.0,0,0,0,3,0,17,0,0,0,0,0,0,0,0,0,0,0,0,0,0,0,0,1,1,0,0,3,19
1.0,0.0,0,0,0,3,0,17,0,0,0,0,0,0,0,0,0,0,0,0,0,0,0,0,1,1,0,0,50,19
1.0,0.0,34127,0,0,0,0,35,0,0,0,0,0,0,0,0,0,0,0,0,0,0,0,0,1,1,0,0,1,91
1.0,0.0,34127,0,0,0,0,138,0,0,0,0,0,0,0,0,0,0,0,0,0,0,0,0,1,1,0,0,1,91
1.0,0.0,34127,0,0,0,0,139,0,0,0,0,0,0,0,0,0,0,0,0,0,0,0,0,1,1,0,0,2,91
1.0,0.0,34127,0,0,0,0,136,0,0,0,0,0,0,0,0,0,0,0,0,0,0,0,0,1,1,0,0,1,91
1.0,0.0,34127,0,0,0,0,137,0,0,0,0,0,0,0,0,0,0,0,0,0,0,0,0,1,1,0,0,1,91
1.0,0.0,34127,0,0,0,0,126,0,0,0,0,0,0,0,0,0,0,0,0,0,0,0,0,1,1,0,0,3,1
1.0,0.0,34127,0,0,0,0,126,0,0,0,0,0,0,0,0,0,0,0,0,0,0,0,0,1,1,0,0,4,1
1.0,0.0,34127,0,0,0,0,126,0,0,0,0,0,0,0,0,0,0,0,0,0,0,0,0,1,1,0,0,5,1
1.0,10.0,34127,0,0,0,0,35,0,0,0,0,0,0,0,0,0,0,0,0,0,0,0,0,1,1,0,0,1,91
1.0,0.0,34127,0,0,0,0,138,0,0,0,0,0,0,0,0,0,0,0,0,0,0,0,0,1,1,0,0,1,91
1.0,0.0,34127,0,0,0,0,139,0,0,0,0,0,0,0,0,0,0,0,0,0,0,0,0,1,1,0,0,2,91
1.0,0.0,34127,0,0,0,0,136,0,0,0,0,0,0,0,0,0,0,0,0,0,0,0,0,1,1,0,0,1,91
1.0,0.0,34127,0,0,0,0,137,0,0,0,0,0,0,0,0,0,0,0,0,0,0,0,0,1,1,0,0,1,91
1.0,0.0,34127,0,0,0,0,126,0,0,0,0,0,0,0,0,0,0,0,0,0,0,0,0,1,1,0,0,3,1
1.0,0.0,34127,0,0,0,0,126,0,0,0,0,0,0,0,0,0,0,0,0,0,0,0,0,1,1,0,0,4,1
1.0,0.0,34127,0,0,0,0,126,0,0,0,0,0,0,0,0,0,0,0,0,0,0,0,0,1,1,0,0,5,1
1.0,0.0,34127,0,0,0,0,35,0,0,0,0,0,0,0,0,0,0,0,0,0,0,0,0,1,1,0,0,1,91
1.0,0.0,34127,0,0,0,0,138,0,0,0,0,0,0,0,0,0,0,0,0,0,0,0,0,1,1,0,0,1,91
1.0,0.0,34127,0,0,0,0,139,0,0,0,0,0,0,0,0,0,0,0,0,0,0,0,0,1,1,0,0,2,91
1.0,0.0,34127,0,0,0,0,136,0,0,0,0,0,0,0,0,0,0,0,0,0,0,0,0,1,1,0,0,1,91
1.0,0.0,34127,0,0,0,0,137,0,0,0,0,0,0,0,0,0,0,0,0,0,0,0,0,1,1,0,0,1,91
1.0,0.0,34127,0,0,0,0,126,0,0,0,0,0,0,0,0,0,0,0,0,0,0,0,0,1,1,0,0,3,1
1.0,0.0,34127,0,0,0,0,126,0,0,0,0,0,0,0,0,0,0,0,0,0,0,0,0,1,1,0,0,4,1
1.0,0.0,34127,0,0,0,0,126,0,0,0,0,0,0,0,0,0,0,0,0,0,0,0,0,1,1,0,0,5,1
1.0,0.0,34127,0,0,0,0,35,0,0,0,0,0,0,0,0,0,0,0,0,0,0,0,0,1,1,0,0,1,91
1.0,0.0,34127,0,0,0,0,138,0,0,0,0,0,0,0,0,0,0,0,0,0,0,0,0,1,1,0,0,1,91
1.0,0.0,34127,0,0,0,0,139,0,0,0,0,0,0,0,0,0,0,0,0,0,0,0,0,1,1,0,0,2,91
1.0,0.0,34127,0,0,0,0,136,0,0,0,0,0,0,0,0,0,0,0,0,0,0,0,0,1,1,0,0,1,91
1.0,0.0,34127,0,0,0,0,137,0,0,0,0,0,0,0,0,0,0,0,0,0,0,0,0,1,1,0,0,1,91
1.0,0.0,34127,0,0,0,0,126,0,0,0,0,0,0,0,0,0,0,0,0,0,0,0,0,1,1,0,0,3,1
1.0,0.0,34127,0,0,0,0,126,0,0,0,0,0,0,0,0,0,0,0,0,0,0,0,0,1,1,0,0,4,1
1.0,0.0,34127,0,0,0,0,126,0,0,0,0,0,0,0,0,0,0,0,0,0,0,0,0,1,1,0,0,5,1
1.0,0.0,0,0,0,0,0,16,0,0,0,0,0,0,0,0,0,0,0,0,0,0,0,0,1,1,0,0,1,98
1.0,0.0,0,0,0,0,0,13,0,0,0,0,0,0,0,0,0,0,0,0,0,0,0,0,1,1,0,0,51,1
1.0,0.0,0,0,0,0,0,13,0,0,0,0,0,0,0,0,0,0,0,0,0,0,0,0,1,1,0,0,3,1
1.0,0.0,0,0,0,0,0,16,0,0,0,0,0,0,0,0,0,0,0,0,0,0,0,0,1,1,0,0,1,98
1.0,0.0,0,0,0,0,0,15,0,0,0,0,0,0,0,0,0,0,0,0,0,0,0,0,1,1,0,0,51,98
1.0,0.0,34127,0,0,0,0,35,0,0,0,0,0,0,0,0,0,0,0,0,0,0,0,0,1,1,0,0,1,91
1.0,0.0,34127,0,0,0,0,138,0,0,0,0,0,0,0,0,0,0,0,0,0,0,0,0,1,1,0,0,1,91
1.0,0.0,34127,0,0,0,0,139,0,0,0,0,0,0,0,0,0,0,0,0,0,0,0,0,1,1,0,0,2,91
1.0,0.0,34127,0,0,0,0,136,0,0,0,0,0,0,0,0,0,0,0,0,0,0,0,0,1,1,0,0,1,91
1.0,0.0,34127,0,0,0,0,137,0,0,0,0,0,0,0,0,0,0,0,0,0,0,0,0,1,1,0,0,1,91
1.0,0.0,34127,0,0,0,0,126,0,0,0,0,0,0,0,0,0,0,0,0,0,0,0,0,1,1,0,0,3,1
1.0,0.0,34127,0,0,0,0,126,0,0,0,0,0,0,0,0,0,0,0,0,0,0,0,0,1,1,0,0,4,1
1.0,0.0,34127,0,0,0,0,126,0,0,0,0,0,0,0,0,0,0,0,0,0,0,0,0,1,1,0,0,5,1
1.0,0.0,0,0,0,0,0,38,0,0,0,0,0,0,0,0,0,0,0,0,0,0,0,0,1,1,0,0,8,97
1.0,0.0,0,0,0,0,0,28,0,0,0,0,0,0,0,0,0,0,0,0,0,0,0,0,1,1,0,0,20,8
1.0,0.0,0,0,0,0,0,20,0,0,0,0,0,0,0,0,0,0,0,0,0,0,0,0,1,1,0,0,1,92
1.0,0.0,0,0,0,0,0,18,0,0,0,0,0,0,0,0,0,0,0,0,0,0,0,0,1,1,0,0,11,92
1.0,0.0,0,0,0,0,0,16,0,0,0,0,0,0,0,0,0,0,0,0,0,0,0,0,1,1,0,0,10,92
1.0,0.0,0,0,0,0,0,28,0,0,0,0,0,0,0,0,0,0,0,0,0,0,0,0,1,1,0,0,42,8
1.0,0.0,0,0,0,0,0,21,0,0,0,0,0,0,0,0,0,0,0,0,0,0,0,0,1,1,0,0,3,8
1.0,0.0,0,0,0,0,0,16,0,0,0,0,0,0,0,0,0,0,0,0,0,0,0,0,1,1,0,0,4,8
1.0,0.0,0,0,0,0,0,20,0,0,0,0,0,0,0,0,0,0,0,0,0,0,0,0,1,1,0,0,6,8
1.0,0.0,0,0,0,0,0,18,0,0,0,0,0,0,0,0,0,0,0,0,0,0,0,0,1,1,0,0,6,8
1.0,0.0,0,0,0,0,0,22,0,0,0,0,0,0,0,0,0,0,0,0,0,0,0,0,1,1,0,0,35,8
1.0,0.0,0,0,0,0,0,16,0,0,0,0,0,0,0,0,0,0,0,0,0,0,0,0,1,1,0,0,43,8
1.0,0.0,0,0,0,0,0,16,0,0,0,0,0,0,0,0,0,0,0,0,0,0,0,0,1,1,0,0,7,8
1.0,0.0,0,12288,0,0,0,16,0,0,0,0,0,0,0,0,0,0,0,0,0,0,0,0,1,1,0,0,8,8
1.0,0.0,0,0,0,0,0,27,0,0,0,0,0,0,0,0,0,0,0,0,0,0,0,0,1,1,0,0,14,92
1.0,0.0,0,0,0,0,0,27,0,0,0,0,0,0,0,0,0,0,0,0,0,0,0,0,1,1,0,0,15,92
1.0,0.0,0,0,0,0,0,27,0,0,0,0,0,0,0,0,0,0,0,0,0,0,0,0,1,1,0,0,16,92
1.0,0.0,0,0,0,0,0,21,0,0,0,0,0,0,0,0,0,0,0,0,0,0,0,0,1,1,0,0,13,93
1.0,0.0,0,0,0,1,0,32,0,0,0,0,0,0,0,0,0,0,0,0,0,0,0,0,1,1,0,0,1,17
1.0,0.0,0,0,0,1,0,32,0,0,0,0,0,0,0,0,0,0,0,0,0,0,0,0,1,1,0,0,1,17
1.0,0.0,0,0,0,1,0,33,0,0,0,0,0,0,0,0,0,0,0,0,0,0,0,0,1,1,0,0,52,17
1.0,0.0,0,0,0,1,0,33,0,0,0,0,0,0,0,0,0,0,0,0,0,0,0,0,1,1,0,0,52,17
1.0,0.0,0,0,0,1,0,27,0,0,0,0,0,0,0,0,0,0,0,0,0,0,0,0,1,1,0,0,53,52
1.0,0.0,0,0,0,1,0,27,0,0,0,0,0,0,0,0,0,0,0,0,0,0,0,0,1,1,0,0,53,52
1.0,0.0,-1,-1,-1,0,0,4,0,0,0,0,0,0,0,0,0,0,0,0,0,0,0,0,1,1,0,0,18,18
1.0,0.0,-1,-1,-1,0,0,4,0,0,0,0,0,0,0,0,0,0,0,0,0,0,0,0,1,1,0,0,18,18
1.0,0.0,-1,-1,-1,0,0,4,0,0,0,0,0,0,0,0,0,0,0,0,0,0,0,0,1,1,0,0,18,18
1.0,0.0,-1,-1,-1,0,0,4,0,0,0,0,0,0,0,0,0,0,0,0,0,0,0,0,1,1,0,0,18,18
1.0,0.0,12031,0,0,1,0,20,0,0,0,0,0,0,0,0,0,0,0,0,0,0,0,0,1,1,0,0,32,53
1.0,0.0,12031,0,0,1,0,20,0,0,0,0,0,0,0,0,0,0,0,0,0,0,0,0,1,1,0,0,32,53
1.0,0.0,0,0,0,1,0,32,0,0,0,0,0,0,0,0,0,0,0,0,0,0,0,0,1,1,0,0,1,17
1.0,0.0,12031,0,0,1,0,26,0,0,0,0,0,0,0,0,0,0,0,0,0,0,0,0,1,1,0,0,54,53
1.0,0.0,0,0,0,4,0,41,0,0,0,0,0,0,0,0,0,0,0,0,0,0,0,0,1,1,0,0,1,17
1.0,0.0,12031,0,0,1,0,26,0,0,0,0,0,0,0,0,0,0,0,0,0,0,0,0,1,1,0,0,55,53
1.0,0.0,0,0,0,1,0,33,0,0,0,0,0,0,0,0,0,0,0,0,0,0,0,0,1,1,0,0,52,17
1.0,0.0,0,0,0,4,0,42,0,0,0,0,0,0,0,0,0,0,0,0,0,0,0,0,1,1,0,0,52,17
1.0,0.0,0,0,0,1,0,27,0,0,0,0,0,0,0,0,0,0,0,0,0,0,0,0,1,1,0,0,53,52
1.0,0.0,12031,0,0,1,0,13,0,0,0,0,0,0,0,0,0,0,0,0,0,0,0,0,1,1,0,0,6,54
1.0,0.0,12031,0,0,1,0,13,0,0,0,0,0,0,0,0,0,0,0,0,0,0,0,0,1,1,0,0,56,55
1.0,0.0,0,0,0,5,0,39,0,0,0,0,0,0,0,0,0,0,0,0,0,0,0,0,1,1,0,0,53,52
1.0,0.0,12031,0,0,1,0,13,0,0,0,0,0,0,0,0,0,0,0,0,0,0,0,0,1,1,0,0,3,55
1.0,0.0,12031,0,0,1,0,13,0,0,0,0,0,0,0,0,0,0,0,0,0,0,0,0,1,1,0,0,4,55
1.0,0.0,12031,0,0,1,0,13,0,0,0,0,0,0,0,0,0,0,0,0,0,0,0,0,1,1,0,0,50,55
1.0,0.0,12031,0,0,1,0,13,0,0,0,0,0,0,0,0,0,0,0,0,0,0,0,0,1,1,0,0,57,54
1.0,0.0,12031,0,0,1,0,13,0,0,0,0,0,0,0,0,0,0,0,0,0,0,0,0,1,1,0,0,3,54
1.0,0.0,-1,-1,-1,0,0,4,0,0,0,0,0,0,0,0,0,0,0,0,0,0,0,0,1,1,0,0,18,18
1.0,0.0,-1,-1,-1,0,0,4,0,0,0,0,0,0,0,0,0,0,0,0,0,0,0,0,1,1,0,0,18,18
1.0,0.0,-1,-1,-1,0,0,4,0,0,0,0,0,0,0,0,0,0,0,0,0,0,0,0,1,1,0,0,18,18
1.0,0.0,12031,0,0,1,0,20,0,0,0,0,0,0,0,0,0,0,0,0,0,0,0,0,1,1,0,0,32,53
1.0,0.0,-1,-1,-1,0,0,4,0,0,0,0,0,0,0,0,0,0,0,0,0,0,0,0,1,1,0,0,18,18
1.0,0.0,0,0,0,5,0,32,0,0,0,0,0,0,0,0,0,0,0,0,0,0,0,0,1,1,0,0,32,53
1.0,0.0,12031,0,0,1,0,26,0,0,0,0,0,0,0,0,0,0,0,0,0,0,0,0,1,1,0,0,58,53
1.0,0.0,0,0,0,5,0,40,0,0,0,0,0,0,0,0,0,0,0,0,0,0,0,0,1,1,0,0,59,53
1.0,0.0,12031,0,0,1,0,13,0,0,0,0,0,0,0,0,0,0,0,0,0,0,0,0,1,1,0,0,56,58
1.0,0.0,12031,0,0,1,0,21,0,0,0,0,0,0,0,0,0,0,0,0,0,0,0,0,1,1,0,0,4,58
1.0,0.0,0,0,0,1,0,47,0,0,0,0,0,0,0,0,0,0,0,0,0,0,0,0,1,1,0,0,1,17
1.0,0.0,0,0,0,1,0,48,0,0,0,0,0,0,0,0,0,0,0,0,0,0,0,0,1,1,0,0,52,17
1.0,0.0,0,0,0,1,0,45,0,0,0,0,0,0,0,0,0,0,0,0,0,0,0,0,1,1,0,0,53,52
1.0,0.0,-1,-1,-1,0,0,4,0,0,0,0,0,0,0,0,0,0,0,0,0,0,0,0,1,1,0,0,18,18
1.0,0.0,-1,-1,-1,0,0,4,0,0,0,0,0,0,0,0,0,0,0,0,0,0,0,0,1,1,0,0,18,18
1.0,0.0,0,0,0,1,0,38,0,0,0,0,0,0,0,0,0,0,0,0,0,0,0,0,1,1,0,0,32,53
1.0,0.0,0,0,0,1,0,46,0,0,0,0,0,0,0,0,0,0,0,0,0,0,0,0,1,1,0,0,59,53
1.0,0.0,0,0,0,1,0,38,0,0,0,0,0,0,0,0,0,0,0,0,0,0,0,0,1,1,0,0,1,17
1.0,0.0,0,0,0,1,0,39,0,0,0,0,0,0,0,0,0,0,0,0,0,0,0,0,1,1,0,0,52,17
1.0,0.0,0,0,0,1,0,33,0,0,0,0,0,0,0,0,0,0,0,0,0,0,0,0,1,1,0,0,53,52
1.0,0.0,-1,-1,-1,0,0,4,0,0,0,0,0,0,0,0,0,0,0,0,0,0,0,0,1,1,0,0,18,18
1.0,0.0,-1,-1,-1,0,0,4,0,0,0,0,0,0,0,0,0,0,0,0,0,0,0,0,1,1,0,0,18,18
1.0,0.0,0,0,0,1,0,26,0,0,0,0,0,0,0,0,0,0,0,0,0,0,0,0,1,1,0,0,32,53
1.0,0.0,12031,0,0,1,0,13,0,0,0,0,0,0,0,0,0,0,0,0,0,0,0,0,1,1,0,0,56,58
1.0,0.0,0,0,0,1,0,34,0,0,0,0,0,0,0,0,0,0,0,0,0,0,0,0,1,1,0,0,59,53
1.0,0.0,12031,0,0,1,0,21,0,0,0,0,0,0,0,0,0,0,0,0,0,0,0,0,1,1,0,0,4,58
1.0,0.0,0,0,0,1,0,32,0,0,0,0,0,0,0,0,0,0,0,0,0,0,0,0,1,1,0,0,1,17
1.0,0.0,0,0,0,1,0,33,0,0,0,0,0,0,0,0,0,0,0,0,0,0,0,0,1,1,0,0,52,17
1.0,0.0,0,0,0,1,0,27,0,0,0,0,0,0,0,0,0,0,0,0,0,0,0,0,1,1,0,0,53,52
1.0,0.0,-1,-1,-1,0,0,4,0,0,0,0,0,0,0,0,0,0,0,0,0,0,0,0,1,1,0,0,18,18
1.0,0.0,-1,-1,-1,0,0,4,0,0,0,0,0,0,0,0,0,0,0,0,0,0,0,0,1,1,0,0,18,18
1.0,0.0,0,0,0,1,0,20,0,0,0,0,0,0,0,0,0,0,0,0,0,0,0,0,1,1,0,0,32,53
1.0,0.0,0,0,0,1,0,26,0,0,0,0,0,0,0,0,0,0,0,0,0,0,0,0,1,1,0,0,60,53
1.0,0.0,0,0,0,1,0,13,0,0,0,0,0,0,0,0,0,0,0,0,0,0,0,0,1,1,0,0,61,60
1.0,0.0,0,0,0,1,0,13,0,0,0,0,0,0,0,0,0,0,0,0,0,0,0,0,1,1,0,0,3,60
1.0,0.0,0,0,0,1,0,13,0,0,0,0,0,0,0,0,0,0,0,0,0,0,0,0,1,1,0,0,62,60
1.0,0.0,0,0,0,1,0,32,0,0,0,0,0,0,0,0,0,0,0,0,0,0,0,0,1,1,0,0,1,17
1.0,0.0,0,0,0,1,0,33,0,0,0,0,0,0,0,0,0,0,0,0,0,0,0,0,1,1,0,0,52,17
1.0,0.0,0,0,0,1,0,27,0,0,0,0,0,0,0,0,0,0,0,0,0,0,0,0,1,1,0,0,53,52
1.0,0.0,12031,0,0,1,0,13,0,0,0,0,0,0,0,0,0,0,0,0,0,0,0,0,1,1,0,0,3,58
1.0,0.0,-1,-1,-1,0,0,4,0,0,0,0,0,0,0,0,0,0,0,0,0,0,0,0,1,1,0,0,18,18
1.0,0.0,-1,-1,-1,0,0,4,0,0,0,0,0,0,0,0,0,0,0,0,0,0,0,0,1,1,0,0,18,18
1.0,0.0,-1,-1,-1,0,0,4,0,0,0,0,0,0,0,0,0,0,0,0,0,0,0,0,1,1,0,0,18,18
1.0,0.0,-1,-1,-1,0,0,4,0,0,0,0,0,0,0,0,0,0,0,0,0,0,0,0,1,1,0,0,18,18
1.0,0.0,0,0,0,1,0,20,0,0,0,0,0,0,0,0,0,0,0,0,0,0,0,0,1,1,0,0,32,53
1.0,0.0,0,0,0,1,0,26,0,0,0,0,0,0,0,0,0,0,0,0,0,0,0,0,1,1,0,0,63,53
1.0,0.0,0,0,0,1,0,35,0,0,0,0,0,0,0,0,0,0,0,0,0,0,0,0,1,1,0,0,64,63
1.0,0.0,0,0,0,1,0,32,0,0,0,0,0,0,0,0,0,0,0,0,0,0,0,0,1,1,0,0,1,17
1.0,0.0,0,0,0,1,0,33,0,0,0,0,0,0,0,0,0,0,0,0,0,0,0,0,1,1,0,0,52,17
1.0,0.0,0,0,0,1,0,27,0,0,0,0,0,0,0,0,0,0,0,0,0,0,0,0,1,1,0,0,53,52
1.0,0.0,-1,-1,-1,0,0,4,0,0,0,0,0,0,0,0,0,0,0,0,0,0,0,0,1,1,0,0,18,18
1.0,0.0,-1,-1,-1,0,0,4,0,0,0,0,0,0,0,0,0,0,0,0,0,0,0,0,1,1,0,0,18,18
1.0,0.0,-1,-1,-1,0,0,4,0,0,0,0,0,0,0,0,0,0,0,0,0,0,0,0,1,1,0,0,18,18
1.0,0.0,-1,-1,-1,0,0,4,0,0,0,0,0,0,0,0,0,0,0,0,0,0,0,0,1,1,0,0,18,18
1.0,0.0,12031,0,0,1,0,20,0,0,0,0,0,0,0,0,0,0,0,0,0,0,0,0,1,1,0,0,32,53
1.0,0.0,12031,0,0,1,0,26,0,0,0,0,0,0,0,0,0,0,0,0,0,0,0,0,1,1,0,0,65,53
1.0,0.0,12031,0,0,1,0,13,0,0,0,0,0,0,0,0,0,0,0,0,0,0,0,0,1,1,0,0,66,65
1.0,0.0,12031,0,0,1,0,13,0,0,0,0,0,0,0,0,0,0,0,0,0,0,0,0,1,1,0,0,62,65
1.0,0.0,0,0,0,1,0,32,0,0,0,0,0,0,0,0,0,0,0,0,0,0,0,0,1,1,0,0,1,17
1.0,0.0,0,0,0,1,0,33,0,0,0,0,0,0,0,0,0,0,0,0,0,0,0,0,1,1,0,0,52,17
1.0,0.0,0,0,0,1,0,27,0,0,0,0,0,0,0,0,0,0,0,0,0,0,0,0,1,1,0,0,53,52
1.0,0.0,0,0,0,1,0,19,0,0,0,0,0,0,0,0,0,0,0,0,0,0,0,0,1,1,0,0,67,59
1.0,0.0,-1,-1,-1,0,0,4,0,0,0,0,0,0,0,0,0,0,0,0,0,0,0,0,1,1,0,0,18,18
1.0,0.0,0,0,0,1,0,32,0,0,0,0,0,0,0,0,0,0,0,0,0,0,0,0,1,1,0,0,1,17
1.0,0.0,-1,-1,-1,0,0,4,0,0,0,0,0,0,0,0,0,0,0,0,0,0,0,0,1,1,0,0,18,18
1.0,0.0,0,0,0,1,0,33,0,0,0,0,0,0,0,0,0,0,0,0,0,0,0,0,1,1,0,0,52,17
1.0,0.0,0,0,0,1,0,20,0,0,0,0,0,0,0,0,0,0,0,0,0,0,0,0,1,1,0,0,32,53
1.0,0.0,0,0,0,1,0,27,0,0,0,0,0,0,0,0,0,0,0,0,0,0,0,0,1,1,0,0,53,52
1.0,0.0,0,0,0,1,0,26,0,0,0,0,0,0,0,0,0,0,0,0,0,0,0,0,1,1,0,0,68,53
1.0,0.0,-1,-1,-1,0,0,4,0,0,0,0,0,0,0,0,0,0,0,0,0,0,0,0,1,1,0,0,18,18
1.0,0.0,-1,-1,-1,0,0,4,0,0,0,0,0,0,0,0,0,0,0,0,0,0,0,0,1,1,0,0,18,18
1.0,0.0,0,0,0,1,0,13,0,0,0,0,0,0,0,0,0,0,0,0,0,0,0,0,1,1,0,0,31,68
1.0,0.0,0,0,0,1,0,19,0,0,0,0,0,0,0,0,0,0,0,0,0,0,0,0,1,1,0,0,67,59
1.0,0.0,-1,-1,-1,0,0,4,0,0,0,0,0,0,0,0,0,0,0,0,0,0,0,0,1,1,0,0,18,18
1.0,0.0,-1,-1,-1,0,0,4,0,0,0,0,0,0,0,0,0,0,0,0,0,0,0,0,1,1,0,0,18,18
1.0,0.0,12031,0,0,1,0,20,0,0,0,0,0,0,0,0,0,0,0,0,0,0,0,0,1,1,0,0,32,53
1.0,0.0,12031,0,0,1,0,26,0,0,0,0,0,0,0,0,0,0,0,0,0,0,0,0,1,1,0,0,69,53
1.0,0.0,12031,0,0,1,0,19,0,0,0,0,0,0,0,0,0,0,0,0,0,0,0,0,1,1,0,0,70,69
1.0,0.0,12031,0,0,1,0,13,0,0,0,0,0,0,0,0,0,0,0,0,0,0,0,0,1,1,0,0,3,69
1.0,0.0,12031,0,0,1,0,13,0,0,0,0,0,0,0,0,0,0,0,0,0,0,0,0,1,1,0,0,4,69
1.0,0.0,12031,0,0,1,0,13,0,0,0,0,0,0,0,0,0,0,0,0,0,0,0,0,1,1,0,0,50,69
1.0,0.0,0,0,0,1,0,13,0,0,0,0,0,0,0,0,0,0,0,0,0,0,0,0,1,1,0,0,31,68
1.0,0.0,0,0,0,1,0,13,0,0,0,0,0,0,0,0,0,0,0,0,0,0,0,0,1,1,0,0,3,68
1.0,0.0,0,0,0,1,0,13,0,0,0,0,0,0,0,0,0,0,0,0,0,0,0,0,1,1,0,0,3,68
1.0,0.0,0,0,0,1,0,32,0,0,0,0,0,0,0,0,0,0,0,0,0,0,0,0,1,1,0,0,1,17
1.0,0.0,0,0,0,1,0,33,0,0,0,0,0,0,0,0,0,0,0,0,0,0,0,0,1,1,0,0,52,17
1.0,0.0,0,0,0,1,0,27,0,0,0,0,0,0,0,0,0,0,0,0,0,0,0,0,1,1,0,0,53,52
1.0,0.0,-1,-1,-1,0,0,4,0,0,0,0,0,0,0,0,0,0,0,0,0,0,0,0,1,1,0,0,18,18
1.0,0.0,-1,-1,-1,0,0,4,0,0,0,0,0,0,0,0,0,0,0,0,0,0,0,0,1,1,0,0,18,18
1.0,0.0,0,0,0,1,0,20,0,0,0,0,0,0,0,0,0,0,0,0,0,0,0,0,1,1,0,0,32,53
1.0,0.0,0,0,0,1,0,28,0,0,0,0,0,0,0,0,0,0,0,0,0,0,0,0,1,1,0,0,71,53
1.0,0.0,0,0,0,1,0,19,0,0,0,0,0,0,0,0,0,0,0,0,0,0,0,0,1,1,0,0,67,59
1.0,0.0,0,0,0,1,0,32,0,0,0,0,0,0,0,0,0,0,0,0,0,0,0,0,1,1,0,0,1,17
1.0,0.0,0,0,0,1,0,33,0,0,0,0,0,0,0,0,0,0,0,0,0,0,0,0,1,1,0,0,52,17
1.0,0.0,0,0,0,1,0,27,0,0,0,0,0,0,0,0,0,0,0,0,0,0,0,0,1,1,0,0,53,52
1.0,0.0,-1,-1,-1,0,0,4,0,0,0,0,0,0,0,0,0,0,0,0,0,0,0,0,1,1,0,0,18,18
1.0,0.0,-1,-1,-1,0,0,4,0,0,0,0,0,0,0,0,0,0,0,0,0,0,0,0,1,1,0,0,18,18
1.0,0.0,12031,0,0,1,0,20,0,0,0,0,0,0,0,0,0,0,0,0,0,0,0,0,1,1,0,0,32,53
1.0,0.0,12031,0,0,1,0,26,0,0,0,0,0,0,0,0,0,0,0,0,0,0,0,0,1,1,0,0,72,53
1.0,0.0,12031,0,0,1,0,17,0,0,0,0,0,0,0,0,0,0,0,0,0,0,0,0,1,1,0,0,73,72
1.0,0.0,12031,0,0,1,0,13,0,0,0,0,0,0,0,0,0,0,0,0,0,0,0,0,1,1,0,0,3,72
1.0,0.0,12031,0,0,1,0,13,0,0,0,0,0,0,0,0,0,0,0,0,0,0,0,0,1,1,0,0,4,72
1.0,0.0,-1,-1,-1,0,0,4,0,0,0,0,0,0,0,0,0,0,0,0,0,0,0,0,1,1,0,0,18,18
1.0,0.0,-1,-1,-1,0,0,4,0,0,0,0,0,0,0,0,0,0,0,0,0,0,0,0,1,1,0,0,18,18
1.0,0.0,12031,0,0,1,0,13,0,0,0,0,0,0,0,0,0,0,0,0,0,0,0,0,1,1,0,0,74,50
1.0,0.0,0,0,0,3,0,26,0,0,0,0,0,0,0,0,0,0,0,0,0,0,0,0,1,1,0,0,1,59
1.0,0.0,0,0,0,5,0,23,0,0,0,0,0,0,0,0,0,0,0,0,0,0,0,0,1,1,0,0,75,64
1.0,0.0,0,0,0,1,0,32,0,0,0,0,0,0,0,0,0,0,0,0,0,0,0,0,1,1,0,0,1,17
1.0,0.0,-1,-1,-1,0,0,4,0,0,0,0,0,0,0,0,0,0,0,0,0,0,0,0,1,1,0,0,18,18
1.0,0.0,-1,-1,-1,0,0,4,0,0,0,0,0,0,0,0,0,0,0,0,0,0,0,0,1,1,0,0,18,18
1.0,0.0,0,0,0,3,0,22,0,0,0,0,0,0,0,0,0,0,0,0,0,0,0,0,1,1,0,0,32,1
1.0,0.0,0,0,0,1,0,33,0,0,0,0,0,0,0,0,0,0,0,0,0,0,0,0,1,1,0,0,52,17
1.0,0.0,0,0,0,3,0,18,0,0,0,0,0,0,0,0,0,0,0,0,0,0,0,0,1,1,0,0,76,1
1.0,0.0,0,0,0,1,0,27,0,0,0,0,0,0,0,0,0,0,0,0,0,0,0,0,1,1,0,0,53,52
1.0,0.0,0,0,0,1,0,19,0,0,0,0,0,0,0,0,0,0,0,0,0,0,0,0,1,1,0,0,67,59
1.0,0.0,0,0,0,5,0,23,0,0,0,0,0,0,0,0,0,0,0,0,0,0,0,0,1,1,0,0,75,64
1.0,0.0,-1,-1,-1,0,0,4,0,0,0,0,0,0,0,0,0,0,0,0,0,0,0,0,1,1,0,0,18,18
1.0,0.0,0,0,0,1,0,26,0,0,0,0,0,0,0,0,0,0,0,0,0,0,0,0,1,1,0,0,1,59
1.0,0.0,0,0,0,1,0,22,0,0,0,0,0,0,0,0,0,0,0,0,0,0,0,0,1,1,0,0,32,1
1.0,0.0,0,0,0,1,0,18,0,0,0,0,0,0,0,0,0,0,0,0,0,0,0,0,1,1,0,0,1,71
1.0,0.0,-1,-1,-1,0,0,4,0,0,0,0,0,0,0,0,0,0,0,0,0,0,0,0,1,1,0,0,18,18
1.0,0.0,-1,-1,-1,0,0,4,0,0,0,0,0,0,0,0,0,0,0,0,0,0,0,0,1,1,0,0,18,18
1.0,0.0,-1,-1,-1,0,0,4,0,0,0,0,0,0,0,0,0,0,0,0,0,0,0,0,1,1,0,0,18,18
1.0,0.0,0,0,0,1,0,18,0,0,0,0,0,0,0,0,0,0,0,0,0,0,0,0,1,1,0,0,76,1
1.0,0.0,0,0,0,1,0,25,0,0,0,0,0,0,0,0,0,0,0,0,0,0,0,0,1,1,0,0,77,1
1.0,0.0,0,0,0,1,0,13,0,0,0,0,0,0,0,0,0,0,0,0,0,0,0,0,1,1,0,0,3,1
1.0,0.0,0,0,0,1,0,20,0,0,0,0,0,0,0,0,0,0,0,0,0,0,0,0,1,1,0,0,32,53
1.0,0.0,0,0,0,1,0,26,0,0,0,0,0,0,0,0,0,0,0,0,0,0,0,0,1,1,0,0,78,53
1.0,0.0,0,0,0,1,0,19,0,0,0,0,0,0,0,0,0,0,0,0,0,0,0,0,1,1,0,0,35,77
1.0,0.0,0,0,0,5,0,23,0,0,0,0,0,0,0,0,0,0,0,0,0,0,0,0,1,1,0,0,75,64
1.0,0.0,0,0,0,1,0,19,0,0,0,0,0,0,0,0,0,0,0,0,0,0,0,0,1,1,0,0,67,59
1.0,0.0,0,0,0,1,0,13,0,0,0,0,0,0,0,0,0,0,0,0,0,0,0,0,1,1,0,0,57,78
1.0,0.0,0,0,0,1,0,13,0,0,0,0,0,0,0,0,0,0,0,0,0,0,0,0,1,1,0,0,3,78
1.0,0.0,0,0,0,1,0,13,0,0,0,0,0,0,0,0,0,0,0,0,0,0,0,0,1,1,0,0,47,78
1.0,0.0,0,0,0,1,0,19,0,0,0,0,0,0,0,0,0,0,0,0,0,0,0,0,1,1,0,0,35,77
1.0,0.0,0,0,0,1,0,32,0,0,0,0,0,0,0,0,0,0,0,0,0,0,0,0,1,1,0,0,1,17
1.0,0.0,0,0,0,1,0,33,0,0,0,0,0,0,0,0,0,0,0,0,0,0,0,0,1,1,0,0,52,17
1.0,0.0,0,0,0,1,0,27,0,0,0,0,0,0,0,0,0,0,0,0,0,0,0,0,1,1,0,0,53,52
1.0,0.0,0,0,0,1,0,29,0,0,0,0,0,0,0,0,0,0,0,0,0,0,0,0,1,1,0,0,73,77
1.0,0.0,0,0,0,1,0,27,0,0,0,0,0,0,0,0,0,0,0,0,0,0,0,0,1,1,0,0,73,77
1.0,0.0,-1,-1,-1,0,0,4,0,0,0,0,0,0,0,0,0,0,0,0,0,0,0,0,1,1,0,0,18,18
1.0,0.0,0,0,0,1,0,24,0,0,0,0,0,0,0,0,0,0,0,0,0,0,0,0,1,1,0,0,73,18
1.0,0.0,-1,-1,-1,0,0,4,0,0,0,0,0,0,0,0,0,0,0,0,0,0,0,0,1,1,0,0,18,18
1.0,0.0,0,0,0,1,0,24,0,0,0,0,0,0,0,0,0,0,0,0,0,0,0,0,1,1,0,0,73,18
1.0,0.0,12031,0,0,1,0,20,0,0,0,0,0,0,0,0,0,0,0,0,0,0,0,0,1,1,0,0,32,53
1.0,0.0,12031,0,-8,1,0,16,0,0,0,0,0,0,0,0,0,0,0,0,0,0,0,0,1,1,0,0,32,53
1.0,0.0,12031,0,0,5,0,27,0,0,0,0,0,0,0,0,0,0,0,0,0,0,0,0,1,1,0,0,79,32
1.0,0.0,0,0,0,1,0,24,0,0,0,0,0,0,0,0,0,0,0,0,0,0,0,0,1,1,0,0,73,18
1.0,0.0,0,0,0,1,0,24,0,0,0,0,0,0,0,0,0,0,0,0,0,0,0,0,1,1,0,0,73,18
1.0,0.0,0,0,0,1,0,26,0,0,0,0,0,0,0,0,0,0,0,0,0,0,0,0,1,1,0,0,1,59
1.0,0.0,0,0,0,1,0,24,0,0,0,0,0,0,0,0,0,0,0,0,0,0,0,0,1,1,0,0,73,18
1.0,0.0,0,0,0,1,0,22,0,0,0,0,0,0,0,0,0,0,0,0,0,0,0,0,1,1,0,0,32,1
1.0,0.0,0,0,0,1,0,18,0,0,0,0,0,0,0,0,0,0,0,0,0,0,0,0,1,1,0,0,76,1
1.0,0.0,0,0,0,1,0,18,0,0,0,0,0,0,0,0,0,0,0,0,0,0,0,0,1,1,0,0,1,71
1.0,0.0,0,0,0,1,0,25,0,0,0,0,0,0,0,0,0,0,0,0,0,0,0,0,1,1,0,0,77,1
1.0,0.0,0,0,0,1,0,13,0,0,0,0,0,0,0,0,0,0,0,0,0,0,0,0,1,1,0,0,3,1
1.0,0.0,0,0,0,1,0,13,0,0,0,0,0,0,0,0,0,0,0,0,0,0,0,0,1,1,0,0,3,1
1.0,0.0,0,0,0,1,0,19,0,0,0,0,0,0,0,0,0,0,0,0,0,0,0,0,1,1,0,0,67,59
1.0,0.0,0,0,0,1,0,16,0,0,0,0,0,0,0,0,0,0,0,0,0,0,0,0,1,1,0,0,35,18
1.0,0.0,0,0,0,1,0,19,0,0,0,0,0,0,0,0,0,0,0,0,0,0,0,0,1,1,0,0,35,77
1.0,0.0,0,0,0,1,0,29,0,0,0,0,0,0,0,0,0,0,0,0,0,0,0,0,1,1,0,0,73,77
1.0,0.0,0,0,0,1,0,27,0,0,0,0,0,0,0,0,0,0,0,0,0,0,0,0,1,1,0,0,73,77
1.0,0.0,0,0,0,1,0,27,0,0,0,0,0,0,0,0,0,0,0,0,0,0,0,0,1,1,0,0,73,77
1.0,0.0,-1,-1,-1,0,0,4,0,0,0,0,0,0,0,0,0,0,0,0,0,0,0,0,1,1,0,0,18,18
1.0,0.0,-1,-1,-1,0,0,4,0,0,0,0,0,0,0,0,0,0,0,0,0,0,0,0,1,1,0,0,18,18
1.0,0.0,0,0,0,1,0,27,0,0,0,0,0,0,0,0,0,0,0,0,0,0,0,0,1,1,0,0,73,77
1.0,0.0,0,0,0,1,0,27,0,0,0,0,0,0,0,0,0,0,0,0,0,0,0,0,1,1,0,0,73,77
1.0,0.0,0,0,0,1,0,27,0,0,0,0,0,0,0,0,0,0,0,0,0,0,0,0,1,1,0,0,73,77
1.0,0.0,0,0,0,1,0,27,0,0,0,0,0,0,0,0,0,0,0,0,0,0,0,0,1,1,0,0,73,77
1.0,0.0,0,0,0,1,0,18,0,0,0,0,0,0,0,0,0,0,0,0,0,0,0,0,1,1,0,0,1,71
1.0,0.0,0,0,0,1,0,25,0,0,0,0,0,0,0,0,0,0,0,0,0,0,0,0,1,1,0,0,77,1
1.0,0.0,0,0,0,1,0,13,0,0,0,0,0,0,0,0,0,0,0,0,0,0,0,0,1,1,0,0,3,1
1.0,0.0,0,0,0,1,0,13,0,0,0,0,0,0,0,0,0,0,0,0,0,0,0,0,1,1,0,0,3,1
1.0,0.0,0,0,0,1,0,26,0,0,0,0,0,0,0,0,0,0,0,0,0,0,0,0,1,1,0,0,1,59
1.0,0.0,0,0,0,1,0,22,0,0,0,0,0,0,0,0,0,0,0,0,0,0,0,0,1,1,0,0,32,1
1.0,0.0,0,0,0,1,0,19,0,0,0,0,0,0,0,0,0,0,0,0,0,0,0,0,1,1,0,0,35,77
1.0,0.0,0,0,0,1,0,18,0,0,0,0,0,0,0,0,0,0,0,0,0,0,0,0,1,1,0,0,76,1
1.0,0.0,0,0,0,1,0,19,0,0,0,0,0,0,0,0,0,0,0,0,0,0,0,0,1,1,0,0,35,77
1.0,0.0,0,0,0,1,0,19,0,0,0,0,0,0,0,0,0,0,0,0,0,0,0,0,1,1,0,0,67,59
1.0,0.0,0,0,0,1,0,29,0,0,0,0,0,0,0,0,0,0,0,0,0,0,0,0,1,1,0,0,73,77
1.0,0.0,0,0,0,1,0,27,0,0,0,0,0,0,0,0,0,0,0,0,0,0,0,0,1,1,0,0,73,77
1.0,0.0,0,0,0,1,0,27,0,0,0,0,0,0,0,0,0,0,0,0,0,0,0,0,1,1,0,0,73,77
1.0,0.0,0,0,0,1,0,26,0,0,0,0,0,0,0,0,0,0,0,0,0,0,0,0,1,1,0,0,1,59
1.0,0.0,0,0,0,1,0,27,0,0,0,0,0,0,0,0,0,0,0,0,0,0,0,0,1,1,0,0,73,77
1.0,0.0,0,0,0,1,0,22,0,0,0,0,0,0,0,0,0,0,0,0,0,0,0,0,1,1,0,0,32,1
1.0,0.0,0,0,0,1,0,27,0,0,0,0,0,0,0,0,0,0,0,0,0,0,0,0,1,1,0,0,73,77
1.0,0.0,0,0,0,1,0,18,0,0,0,0,0,0,0,0,0,0,0,0,0,0,0,0,1,1,0,0,76,1
1.0,0.0,0,0,0,1,0,27,0,0,0,0,0,0,0,0,0,0,0,0,0,0,0,0,1,1,0,0,73,77
1.0,0.0,0,0,0,1,0,19,0,0,0,0,0,0,0,0,0,0,0,0,0,0,0,0,1,1,0,0,67,59
1.0,0.0,0,0,0,1,0,27,0,0,0,0,0,0,0,0,0,0,0,0,0,0,0,0,1,1,0,0,73,77
1.0,0.0,0,0,0,1,0,16,0,0,0,0,0,0,0,0,0,0,0,0,0,0,0,0,1,1,0,0,1,71
1.0,0.0,0,0,0,1,0,16,0,0,0,0,0,0,0,0,0,0,0,0,0,0,0,0,1,1,0,0,80,1
1.0,0.0,0,0,0,1,0,13,0,0,0,0,0,0,0,0,0,0,0,0,0,0,0,0,1,1,0,0,3,1
1.0,0.0,0,0,0,1,0,13,0,0,0,0,0,0,0,0,0,0,0,0,0,0,0,0,1,1,0,0,4,1
1.0,0.0,0,0,0,1,0,13,0,0,0,0,0,0,0,0,0,0,0,0,0,0,0,0,1,1,0,0,3,1
1.0,0.0,-1,-1,-1,0,0,4,0,0,0,0,0,0,0,0,0,0,0,0,0,0,0,0,1,1,0,0,18,18
1.0,0.0,-1,-1,-1,0,0,4,0,0,0,0,0,0,0,0,0,0,0,0,0,0,0,0,1,1,0,0,18,18
1.0,0.0,-1,-1,-1,0,0,4,0,0,0,0,0,0,0,0,0,0,0,0,0,0,0,0,1,1,0,0,18,18
1.0,0.0,-1,-1,-1,0,0,4,0,0,0,0,0,0,0,0,0,0,0,0,0,0,0,0,1,1,0,0,18,18
1.0,0.0,0,0,0,1,0,28,0,0,0,0,0,0,0,0,0,0,0,0,0,0,0,0,1,1,0,0,1,59
1.0,0.0,0,0,0,1,0,24,0,0,0,0,0,0,0,0,0,0,0,0,0,0,0,0,1,1,0,0,32,1
1.0,0.0,0,0,0,1,0,20,0,0,0,0,0,0,0,0,0,0,0,0,0,0,0,0,1,1,0,0,76,1
1.0,0.0,-1,-1,-1,0,0,4,0,0,0,0,0,0,0,0,0,0,0,0,0,0,0,0,1,1,0,0,18,18
1.0,0.0,-1,-1,-1,0,0,4,0,0,0,0,0,0,0,0,0,0,0,0,0,0,0,0,1,1,0,0,18,18
1.0,0.0,-1,-1,-1,0,0,4,0,0,0,0,0,0,0,0,0,0,0,0,0,0,0,0,1,1,0,0,18,18
1.0,0.0,-1,-1,-1,0,0,4,0,0,0,0,0,0,0,0,0,0,0,0,0,0,0,0,1,1,0,0,18,18
1.0,0.0,-1,-1,-1,0,0,4,0,0,0,0,0,0,0,0,0,0,0,0,0,0,0,0,1,1,0,0,18,18
1.0,0.0,-1,-1,-1,0,0,4,0,0,0,0,0,0,0,0,0,0,0,0,0,0,0,0,1,1,0,0,18,18
1.0,0.0,0,0,0,1,0,26,0,0,0,0,0,0,0,0,0,0,0,0,0,0,0,0,1,1,0,0,1,59
1.0,0.0,0,0,0,1,0,22,0,0,0,0,0,0,0,0,0,0,0,0,0,0,0,0,1,1,0,0,32,1
1.0,0.0,0,0,0,1,0,18,0,0,0,0,0,0,0,0,0,0,0,0,0,0,0,0,1,1,0,0,76,1
1.0,0.0,0,0,0,1,0,19,0,0,0,0,0,0,0,0,0,0,0,0,0,0,0,0,1,1,0,0,67,59
1.0,0.0,0,0,0,1,0,28,0,0,0,0,0,0,0,0,0,0,0,0,0,0,0,0,1,1,0,0,1,59
1.0,0.0,0,0,0,1,0,24,0,0,0,0,0,0,0,0,0,0,0,0,0,0,0,0,1,1,0,0,32,1
1.0,0.0,0,0,0,1,0,20,0,0,0,0,0,0,0,0,0,0,0,0,0,0,0,0,1,1,0,0,76,1
1.0,0.0,0,0,0,1,0,19,0,0,0,0,0,0,0,0,0,0,0,0,0,0,0,0,1,1,0,0,67,59
1.0,0.0,0,0,0,1,0,26,0,0,0,0,0,0,0,0,0,0,0,0,0,0,0,0,1,1,0,0,1,59
1.0,0.0,0,0,0,1,0,22,0,0,0,0,0,0,0,0,0,0,0,0,0,0,0,0,1,1,0,0,32,1
1.0,0.0,0,0,0,1,0,18,0,0,0,0,0,0,0,0,0,0,0,0,0,0,0,0,1,1,0,0,76,1
1.0,0.0,0,0,0,1,0,19,0,0,0,0,0,0,0,0,0,0,0,0,0,0,0,0,1,1,0,0,67,59
1.0,0.0,0,0,0,1,0,28,0,0,0,0,0,0,0,0,0,0,0,0,0,0,0,0,1,1,0,0,1,59
1.0,0.0,0,0,0,1,0,24,0,0,0,0,0,0,0,0,0,0,0,0,0,0,0,0,1,1,0,0,32,1
1.0,0.0,0,0,0,1,0,20,0,0,0,0,0,0,0,0,0,0,0,0,0,0,0,0,1,1,0,0,76,1
1.0,0.0,0,0,0,1,0,19,0,0,0,0,0,0,0,0,0,0,0,0,0,0,0,0,1,1,0,0,67,59
1.0,0.0,12031,0,0,1,0,13,0,0,0,0,0,0,0,0,0,0,0,0,0,0,0,0,1,1,0,0,74,50
1.0,0.0,12031,0,0,1,0,13,0,0,0,0,0,0,0,0,0,0,0,0,0,0,0,0,1,1,0,0,56,55
1.0,0.0,12031,0,0,1,0,13,0,0,0,0,0,0,0,0,0,0,0,0,0,0,0,0,1,1,0,0,3,55
1.0,0.0,12031,0,0,1,0,13,0,0,0,0,0,0,0,0,0,0,0,0,0,0,0,0,1,1,0,0,4,55
1.0,0.0,0,0,0,1,0,26,0,0,0,0,0,0,0,0,0,0,0,0,0,0,0,0,1,1,0,0,1,59
1.0,0.0,0,0,0,1,0,22,0,0,0,0,0,0,0,0,0,0,0,0,0,0,0,0,1,1,0,0,32,1
1.0,0.0,0,0,0,1,0,18,0,0,0,0,0,0,0,0,0,0,0,0,0,0,0,0,1,1,0,0,76,1
1.0,0.0,0,0,0,1,0,19,0,0,0,0,0,0,0,0,0,0,0,0,0,0,0,0,1,1,0,0,67,59
1.0,0.0,12031,0,0,1,0,13,0,0,0,0,0,0,0,0,0,0,0,0,0,0,0,0,1,1,0,0,56,55
1.0,0.0,12031,0,0,1,0,13,0,0,0,0,0,0,0,0,0,0,0,0,0,0,0,0,1,1,0,0,3,55
1.0,0.0,12031,0,0,1,0,13,0,0,0,0,0,0,0,0,0,0,0,0,0,0,0,0,1,1,0,0,4,55
1.0,0.0,12031,0,0,1,0,13,0,0,0,0,0,0,0,0,0,0,0,0,0,0,0,0,1,1,0,0,56,55
1.0,0.0,12031,0,0,1,0,13,0,0,0,0,0,0,0,0,0,0,0,0,0,0,0,0,1,1,0,0,3,55
1.0,0.0,12031,0,0,1,0,13,0,0,0,0,0,0,0,0,0,0,0,0,0,0,0,0,1,1,0,0,4,55
1.0,0.0,0,0,0,1,0,26,0,0,0,0,0,0,0,0,0,0,0,0,0,0,0,0,1,1,0,0,1,59
1.0,0.0,0,0,0,1,0,22,0,0,0,0,0,0,0,0,0,0,0,0,0,0,0,0,1,1,0,0,32,1
1.0,0.0,0,0,0,1,0,18,0,0,0,0,0,0,0,0,0,0,0,0,0,0,0,0,1,1,0,0,76,1
1.0,0.0,0,0,0,1,0,19,0,0,0,0,0,0,0,0,0,0,0,0,0,0,0,0,1,1,0,0,67,59
1.0,0.0,12031,0,0,1,0,13,0,0,0,0,0,0,0,0,0,0,0,0,0,0,0,0,1,1,0,0,56,55
1.0,0.0,12031,0,0,1,0,13,0,0,0,0,0,0,0,0,0,0,0,0,0,0,0,0,1,1,0,0,3,55
1.0,0.0,12031,0,0,1,0,13,0,0,0,0,0,0,0,0,0,0,0,0,0,0,0,0,1,1,0,0,4,55
1.0,0.0,34127,0,0,0,0,134,0,0,0,0,0,0,0,0,0,0,0,0,0,0,0,0,1,1,0,0,1,91
1.0,0.0,34127,0,0,0,0,138,0,0,0,0,0,0,0,0,0,0,0,0,0,0,0,0,1,1,0,0,1,91
1.0,0.0,34127,0,0,0,0,139,0,0,0,0,0,0,0,0,0,0,0,0,0,0,0,0,1,1,0,0,2,91
1.0,0.0,12031,0,0,1,0,13,0,0,0,0,0,0,0,0,0,0,0,0,0,0,0,0,1,1,0,0,3,55
1.0,0.0,34127,0,0,0,0,136,0,0,0,0,0,0,0,0,0,0,0,0,0,0,0,0,1,1,0,0,1,91
1.0,0.0,-1,-1,-1,0,0,4,0,0,0,0,0,0,0,0,0,0,0,0,0,0,0,0,1,1,0,0,18,18
1.0,0.0,-1,-1,-1,0,0,4,0,0,0,0,0,0,0,0,0,0,0,0,0,0,0,0,1,1,0,0,18,18
1.0,0.0,0,0,0,3,0,26,0,0,0,0,0,0,0,0,0,0,0,0,0,0,0,0,1,1,0,0,1,59
1.0,0.0,34127,0,0,0,0,137,0,0,0,0,0,0,0,0,0,0,0,0,0,0,0,0,1,1,0,0,1,91
1.0,0.0,0,0,0,3,0,22,0,0,0,0,0,0,0,0,0,0,0,0,0,0,0,0,1,1,0,0,32,1
1.0,0.0,0,0,0,3,0,18,0,0,0,0,0,0,0,0,0,0,0,0,0,0,0,0,1,1,0,0,76,1
1.0,0.0,-1,-1,-1,0,0,4,0,0,0,0,0,0,0,0,0,0,0,0,0,0,0,0,1,1,0,0,18,18
1.0,0.0,34127,0,0,0,0,126,0,0,0,0,0,0,0,0,0,0,0,0,0,0,0,0,1,1,0,0,3,1
1.0,0.0,-1,-1,-1,0,0,4,0,0,0,0,0,0,0,0,0,0,0,0,0,0,0,0,1,1,0,0,18,18
1.0,0.0,0,0,0,3,0,32,0,0,0,0,0,0,0,0,0,0,0,0,0,0,0,0,1,1,0,0,1,17
1.0,0.0,0,0,0,3,0,17,0,0,0,0,0,0,0,0,0,0,0,0,0,0,0,0,1,1,0,0,73,1
1.0,0.0,0,0,0,1,0,31,0,0,0,0,0,0,0,0,0,0,0,0,0,0,0,0,1,1,0,0,81,1
1.0,0.0,0,0,0,1,0,28,0,0,0,0,0,0,0,0,0,0,0,0,0,0,0,0,1,1,0,0,1,59
1.0,0.0,0,0,0,1,0,24,0,0,0,0,0,0,0,0,0,0,0,0,0,0,0,0,1,1,0,0,32,1
1.0,0.0,0,0,0,1,0,20,0,0,0,0,0,0,0,0,0,0,0,0,0,0,0,0,1,1,0,0,76,1
1.0,0.0,-1,-1,-1,0,0,4,0,0,0,0,0,0,0,0,0,0,0,0,0,0,0,0,1,1,0,0,18,18
1.0,0.0,-1,-1,-1,0,0,4,0,0,0,0,0,0,0,0,0,0,0,0,0,0,0,0,1,1,0,0,18,18
1.0,0.0,34127,0,0,0,0,126,0,0,0,0,0,0,0,0,0,0,0,0,0,0,0,0,1,1,0,0,4,1
1.0,0.0,0,0,0,3,0,32,0,0,0,0,0,0,0,0,0,0,0,0,0,0,0,0,1,1,0,0,1,17
1.0,0.0,0,0,0,3,0,17,0,0,0,0,0,0,0,0,0,0,0,0,0,0,0,0,1,1,0,0,73,1
1.0,0.0,0,0,0,1,0,31,0,0,0,0,0,0,0,0,0,0,0,0,0,0,0,0,1,1,0,0,81,1
1.0,0.0,34127,0,0,0,0,126,0,0,0,0,0,0,0,0,0,0,0,0,0,0,0,0,1,1,0,0,5,1
1.0,0.0,0,0,0,5,0,21,0,0,0,0,0,0,0,0,0,0,0,0,0,0,0,0,1,1,0,0,82,17
1.0,0.0,0,0,0,5,0,21,0,0,0,0,0,0,0,0,0,0,0,0,0,0,0,0,1,1,0,0,82,17
1.0,0.0,34127,0,0,0,0,35,0,0,0,0,0,0,0,0,0,0,0,0,0,0,0,0,1,1,0,0,1,91
1.0,0.0,34127,0,0,0,0,138,0,0,0,0,0,0,0,0,0,0,0,0,0,0,0,0,1,1,0,0,1,91
1.0,0.0,34127,0,0,0,0,139,0,0,0,0,0,0,0,0,0,0,0,0,0,0,0,0,1,1,0,0,2,91
1.0,0.0,34127,0,0,0,0,136,0,0,0,0,0,0,0,0,0,0,0,0,0,0,0,0,1,1,0,0,1,91
1.0,0.0,34127,0,0,0,0,137,0,0,0,0,0,0,0,0,0,0,0,0,0,0,0,0,1,1,0,0,1,91
1.0,0.0,34127,0,0,0,0,126,0,0,0,0,0,0,0,0,0,0,0,0,0,0,0,0,1,1,0,0,3,1
1.0,0.0,34127,0,0,0,0,126,0,0,0,0,0,0,0,0,0,0,0,0,0,0,0,0,1,1,0,0,4,1
1.0,0.0,34127,0,0,0,0,126,0,0,0,0,0,0,0,0,0,0,0,0,0,0,0,0,1,1,0,0,5,1
1.0,0.0,0,0,0,0,0,16,0,0,0,0,0,0,0,0,0,0,0,0,0,0,0,0,1,1,0,0,6,8
1.0,0.0,0,0,0,0,0,16,0,0,0,0,0,0,0,0,0,0,0,0,0,0,0,0,1,1,0,0,7,8
1.0,0.0,0,12288,0,0,0,16,0,0,0,0,0,0,0,0,0,0,0,0,0,0,0,0,1,1,0,0,8,8
1.0,0.0,0,0,0,0,0,38,0,0,0,0,0,0,0,0,0,0,0,0,0,0,0,0,1,1,0,0,8,97
1.0,0.0,0,0,0,0,0,28,0,0,0,0,0,0,0,0,0,0,0,0,0,0,0,0,1,1,0,0,20,8
1.0,0.0,0,0,0,0,0,28,0,0,0,0,0,0,0,0,0,0,0,0,0,0,0,0,1,1,0,0,42,8
1.0,0.0,0,0,0,0,0,21,0,0,0,0,0,0,0,0,0,0,0,0,0,0,0,0,1,1,0,0,3,8
1.0,0.0,0,0,0,0,0,16,0,0,0,0,0,0,0,0,0,0,0,0,0,0,0,0,1,1,0,0,4,8
1.0,0.0,0,0,0,0,0,20,0,0,0,0,0,0,0,0,0,0,0,0,0,0,0,0,1,1,0,0,6,8
1.0,0.0,0,0,0,0,0,18,0,0,0,0,0,0,0,0,0,0,0,0,0,0,0,0,1,1,0,0,6,8
1.0,0.0,0,0,0,0,0,22,0,0,0,0,0,0,0,0,0,0,0,0,0,0,0,0,1,1,0,0,35,8
1.0,0.0,0,0,0,0,0,16,0,0,0,0,0,0,0,0,0,0,0,0,0,0,0,0,1,1,0,0,43,8
1.0,0.0,0,0,0,0,0,16,0,0,0,0,0,0,0,0,0,0,0,0,0,0,0,0,1,1,0,0,7,8
1.0,0.0,0,12288,0,0,0,16,0,0,0,0,0,0,0,0,0,0,0,0,0,0,0,0,1,1,0,0,8,8
1.0,0.0,34127,0,0,0,0,35,0,0,0,0,0,0,0,0,0,0,0,0,0,0,0,0,1,1,0,0,1,91
1.0,0.0,34127,0,0,0,0,138,0,0,0,0,0,0,0,0,0,0,0,0,0,0,0,0,1,1,0,0,1,91
1.0,0.0,34127,0,0,0,0,139,0,0,0,0,0,0,0,0,0,0,0,0,0,0,0,0,1,1,0,0,2,91
1.0,0.0,34127,0,0,0,0,136,0,0,0,0,0,0,0,0,0,0,0,0,0,0,0,0,1,1,0,0,1,91
1.0,0.0,34127,0,0,0,0,137,0,0,0,0,0,0,0,0,0,0,0,0,0,0,0,0,1,1,0,0,1,91
1.0,0.0,34127,0,0,0,0,126,0,0,0,0,0,0,0,0,0,0,0,0,0,0,0,0,1,1,0,0,3,1
1.0,0.0,34127,0,0,0,0,126,0,0,0,0,0,0,0,0,0,0,0,0,0,0,0,0,1,1,0,0,4,1
1.0,0.0,34127,0,0,0,0,126,0,0,0,0,0,0,0,0,0,0,0,0,0,0,0,0,1,1,0,0,5,1
1.0,0.0,34127,0,0,0,0,35,0,0,0,0,0,0,0,0,0,0,0,0,0,0,0,0,1,1,0,0,1,91
1.0,0.0,34127,0,0,0,0,138,0,0,0,0,0,0,0,0,0,0,0,0,0,0,0,0,1,1,0,0,1,91
1.0,0.0,34127,0,0,0,0,139,0,0,0,0,0,0,0,0,0,0,0,0,0,0,0,0,1,1,0,0,2,91
1.0,0.0,34127,0,0,0,0,136,0,0,0,0,0,0,0,0,0,0,0,0,0,0,0,0,1,1,0,0,1,91
1.0,0.0,34127,0,0,0,0,137,0,0,0,0,0,0,0,0,0,0,0,0,0,0,0,0,1,1,0,0,1,91
1.0,0.0,34127,0,0,0,0,126,0,0,0,0,0,0,0,0,0,0,0,0,0,0,0,0,1,1,0,0,3,1
1.0,0.0,0,0,0,0,0,16,0,0,0,0,0,0,0,0,0,0,0,0,0,0,0,0,1,1,0,0,6,8
1.0,0.0,0,0,0,0,0,16,0,0,0,0,0,0,0,0,0,0,0,0,0,0,0,0,1,1,0,0,7,8
1.0,0.0,0,12288,0,0,0,16,0,0,0,0,0,0,0,0,0,0,0,0,0,0,0,0,1,1,0,0,8,8
1.0,0.0,34127,0,0,0,0,126,0,0,0,0,0,0,0,0,0,0,0,0,0,0,0,0,1,1,0,0,4,1
1.0,0.0,34127,0,0,0,0,126,0,0,0,0,0,0,0,0,0,0,0,0,0,0,0,0,1,1,0,0,5,1
1.0,0.0,0,0,0,0,0,16,0,0,0,0,0,0,0,0,0,0,0,0,0,0,0,0,1,1,0,0,6,8
1.0,0.0,0,0,0,0,0,16,0,0,0,0,0,0,0,0,0,0,0,0,0,0,0,0,1,1,0,0,7,8
1.0,0.0,0,12288,0,0,0,16,0,0,0,0,0,0,0,0,0,0,0,0,0,0,0,0,1,1,0,0,8,8
1.0,0.0,34127,0,0,0,0,35,0,0,0,0,0,0,0,0,0,0,0,0,0,0,0,0,1,1,0,0,1,91
1.0,0.0,34127,0,0,0,0,138,0,0,0,0,0,0,0,0,0,0,0,0,0,0,0,0,1,1,0,0,1,91
1.0,0.0,34127,0,0,0,0,139,0,0,0,0,0,0,0,0,0,0,0,0,0,0,0,0,1,1,0,0,2,91
1.0,0.0,34127,0,0,0,0,136,0,0,0,0,0,0,0,0,0,0,0,0,0,0,0,0,1,1,0,0,1,91
1.0,0.0,34127,0,0,0,0,137,0,0,0,0,0,0,0,0,0,0,0,0,0,0,0,0,1,1,0,0,1,91
1.0,0.0,34127,0,0,0,0,126,0,0,0,0,0,0,0,0,0,0,0,0,0,0,0,0,1,1,0,0,3,1
1.0,0.0,34127,0,0,0,0,126,0,0,0,0,0,0,0,0,0,0,0,0,0,0,0,0,1,1,0,0,4,1
1.0,0.0,34127,0,0,0,0,126,0,0,0,0,0,0,0,0,0,0,0,0,0,0,0,0,1,1,0,0,5,1
1.0,0.0,0,0,0,0,0,16,0,0,0,0,0,0,0,0,0,0,0,0,0,0,0,0,1,1,0,0,6,8
1.0,0.0,0,0,0,0,0,16,0,0,0,0,0,0,0,0,0,0,0,0,0,0,0,0,1,1,0,0,7,8
1.0,0.0,0,12288,0,0,0,16,0,0,0,0,0,0,0,0,0,0,0,0,0,0,0,0,1,1,0,0,8,8
1.0,0.0,0,0,0,0,0,16,0,0,0,0,0,0,0,0,0,0,0,0,0,0,0,0,1,1,0,0,6,8
1.0,0.0,0,0,0,0,0,16,0,0,0,0,0,0,0,0,0,0,0,0,0,0,0,0,1,1,0,0,7,8
1.0,0.0,0,12288,0,0,0,16,0,0,0,0,0,0,0,0,0,0,0,0,0,0,0,0,1,1,0,0,8,8
1.0,0.0,34127,0,0,0,0,134,0,0,0,0,0,0,0,0,0,0,0,0,0,0,0,0,1,1,0,0,1,91
1.0,0.0,34127,0,0,0,0,138,0,0,0,0,0,0,0,0,0,0,0,0,0,0,0,0,1,1,0,0,1,91
1.0,0.0,34127,0,0,0,0,139,0,0,0,0,0,0,0,0,0,0,0,0,0,0,0,0,1,1,0,0,2,91
1.0,0.0,34127,0,0,0,0,136,0,0,0,0,0,0,0,0,0,0,0,0,0,0,0,0,1,1,0,0,1,91
1.0,0.0,34127,0,0,0,0,137,0,0,0,0,0,0,0,0,0,0,0,0,0,0,0,0,1,1,0,0,1,91
1.0,0.0,34127,0,0,0,0,126,0,0,0,0,0,0,0,0,0,0,0,0,0,0,0,0,1,1,0,0,3,1
1.0,0.0,34127,0,0,0,0,126,0,0,0,0,0,0,0,0,0,0,0,0,0,0,0,0,1,1,0,0,4,1
1.0,0.0,34127,0,0,0,0,126,0,0,0,0,0,0,0,0,0,0,0,0,0,0,0,0,1,1,0,0,5,1
1.0,10.0,34127,0,0,0,0,35,0,0,0,0,0,0,0,0,0,0,0,0,0,0,0,0,1,1,0,0,1,91
1.0,0.0,34127,0,0,0,0,138,0,0,0,0,0,0,0,0,0,0,0,0,0,0,0,0,1,1,0,0,1,91
1.0,0.0,34127,0,0,0,0,139,0,0,0,0,0,0,0,0,0,0,0,0,0,0,0,0,1,1,0,0,2,91
1.0,0.0,34127,0,0,0,0,136,0,0,0,0,0,0,0,0,0,0,0,0,0,0,0,0,1,1,0,0,1,91
1.0,0.0,34127,0,0,0,0,137,0,0,0,0,0,0,0,0,0,0,0,0,0,0,0,0,1,1,0,0,1,91
1.0,0.0,34127,0,0,0,0,126,0,0,0,0,0,0,0,0,0,0,0,0,0,0,0,0,1,1,0,0,3,1
1.0,0.0,34127,0,0,0,0,126,0,0,0,0,0,0,0,0,0,0,0,0,0,0,0,0,1,1,0,0,4,1
1.0,0.0,34127,0,0,0,0,126,0,0,0,0,0,0,0,0,0,0,0,0,0,0,0,0,1,1,0,0,5,1
1.0,0.0,0,0,0,0,0,16,0,0,0,0,0,0,0,0,0,0,0,0,0,0,0,0,1,1,0,0,6,8
1.0,0.0,0,0,0,0,0,16,0,0,0,0,0,0,0,0,0,0,0,0,0,0,0,0,1,1,0,0,7,8
1.0,0.0,0,12288,0,0,0,16,0,0,0,0,0,0,0,0,0,0,0,0,0,0,0,0,1,1,0,0,8,8
1.0,0.0,0,0,0,0,0,16,0,0,0,0,0,0,0,0,0,0,0,0,0,0,0,0,1,1,0,0,6,8
1.0,0.0,0,0,0,0,0,16,0,0,0,0,0,0,0,0,0,0,0,0,0,0,0,0,1,1,0,0,7,8
1.0,0.0,0,12288,0,0,0,16,0,0,0,0,0,0,0,0,0,0,0,0,0,0,0,0,1,1,0,0,8,8
1.0,0.0,34127,0,0,0,0,35,0,0,0,0,0,0,0,0,0,0,0,0,0,0,0,0,1,1,0,0,1,91
1.0,0.0,34127,0,0,0,0,138,0,0,0,0,0,0,0,0,0,0,0,0,0,0,0,0,1,1,0,0,1,91
1.0,0.0,34127,0,0,0,0,139,0,0,0,0,0,0,0,0,0,0,0,0,0,0,0,0,1,1,0,0,2,91
1.0,0.0,34127,0,0,0,0,136,0,0,0,0,0,0,0,0,0,0,0,0,0,0,0,0,1,1,0,0,1,91
1.0,0.0,34127,0,0,0,0,137,0,0,0,0,0,0,0,0,0,0,0,0,0,0,0,0,1,1,0,0,1,91
1.0,0.0,34127,0,0,0,0,126,0,0,0,0,0,0,0,0,0,0,0,0,0,0,0,0,1,1,0,0,3,1
1.0,0.0,34127,0,0,0,0,126,0,0,0,0,0,0,0,0,0,0,0,0,0,0,0,0,1,1,0,0,4,1
1.0,0.0,34127,0,0,0,0,126,0,0,0,0,0,0,0,0,0,0,0,0,0,0,0,0,1,1,0,0,5,1
1.0,0.0,34127,0,0,0,0,35,0,0,0,0,0,0,0,0,0,0,0,0,0,0,0,0,1,1,0,0,1,91
1.0,0.0,34127,0,0,0,0,138,0,0,0,0,0,0,0,0,0,0,0,0,0,0,0,0,1,1,0,0,1,91
1.0,0.0,34127,0,0,0,0,139,0,0,0,0,0,0,0,0,0,0,0,0,0,0,0,0,1,1,0,0,2,91
1.0,0.0,34127,0,0,0,0,136,0,0,0,0,0,0,0,0,0,0,0,0,0,0,0,0,1,1,0,0,1,91
1.0,0.0,34127,0,0,0,0,137,0,0,0,0,0,0,0,0,0,0,0,0,0,0,0,0,1,1,0,0,1,91
1.0,0.0,34127,0,0,0,0,126,0,0,0,0,0,0,0,0,0,0,0,0,0,0,0,0,1,1,0,0,3,1
1.0,0.0,34127,0,0,0,0,126,0,0,0,0,0,0,0,0,0,0,0,0,0,0,0,0,1,1,0,0,4,1
1.0,0.0,34127,0,0,0,0,126,0,0,0,0,0,0,0,0,0,0,0,0,0,0,0,0,1,1,0,0,5,1
1.0,0.0,0,0,0,0,0,16,0,0,0,0,0,0,0,0,0,0,0,0,0,0,0,0,1,1,0,0,6,8
1.0,0.0,0,0,0,0,0,16,0,0,0,0,0,0,0,0,0,0,0,0,0,0,0,0,1,1,0,0,6,8
1.0,0.0,0,0,0,0,0,16,0,0,0,0,0,0,0,0,0,0,0,0,0,0,0,0,1,1,0,0,9,8
1.0,0.0,33149,0,0,0,0,117,0,0,0,0,0,0,0,0,0,0,0,0,0,0,0,0,1,1,0,0,83,96
1.0,0.0,0,0,0,0,0,16,0,0,0,0,0,0,0,0,0,0,0,0,0,0,0,0,1,1,0,0,6,8
1.0,0.0,0,0,0,0,0,16,0,0,0,0,0,0,0,0,0,0,0,0,0,0,0,0,1,1,0,0,7,8
1.0,0.0,0,12288,0,0,0,16,0,0,0,0,0,0,0,0,0,0,0,0,0,0,0,0,1,1,0,0,8,8
1.0,0.0,33149,0,0,0,0,117,0,0,0,0,0,0,0,0,0,0,0,0,0,0,0,0,1,1,0,0,84,96
1.0,0.0,34127,0,0,0,0,35,0,0,0,0,0,0,0,0,0,0,0,0,0,0,0,0,1,1,0,0,1,91
1.0,0.0,34127,0,0,0,0,138,0,0,0,0,0,0,0,0,0,0,0,0,0,0,0,0,1,1,0,0,1,91
1.0,0.0,34127,0,0,0,0,139,0,0,0,0,0,0,0,0,0,0,0,0,0,0,0,0,1,1,0,0,2,91
1.0,0.0,34127,0,0,0,0,136,0,0,0,0,0,0,0,0,0,0,0,0,0,0,0,0,1,1,0,0,1,91
1.0,0.0,34127,0,0,0,0,137,0,0,0,0,0,0,0,0,0,0,0,0,0,0,0,0,1,1,0,0,1,91
1.0,0.0,34127,0,0,0,0,126,0,0,0,0,0,0,0,0,0,0,0,0,0,0,0,0,1,1,0,0,3,1
1.0,0.0,34127,0,0,0,0,126,0,0,0,0,0,0,0,0,0,0,0,0,0,0,0,0,1,1,0,0,4,1
1.0,0.0,34127,0,0,0,0,126,0,0,0,0,0,0,0,0,0,0,0,0,0,0,0,0,1,1,0,0,5,1
1.0,0.0,33149,0,0,0,0,117,0,0,0,0,0,0,0,0,0,0,0,0,0,0,0,0,1,1,0,0,85,96
1.0,0.0,33149,0,0,0,0,117,0,0,0,0,0,0,0,0,0,0,0,0,0,0,0,0,1,1,0,0,86,96
1.0,0.0,33149,0,0,0,0,117,0,0,0,0,0,0,0,0,0,0,0,0,0,0,0,0,1,1,0,0,87,96
1.0,0.0,34127,0,0,0,0,134,0,0,0,0,0,0,0,0,0,0,0,0,0,0,0,0,1,1,0,0,1,91
1.0,0.0,34127,0,0,0,0,138,0,0,0,0,0,0,0,0,0,0,0,0,0,0,0,0,1,1,0,0,1,91
1.0,0.0,34127,0,0,0,0,139,0,0,0,0,0,0,0,0,0,0,0,0,0,0,0,0,1,1,0,0,2,91
1.0,0.0,34127,0,0,0,0,136,0,0,0,0,0,0,0,0,0,0,0,0,0,0,0,0,1,1,0,0,1,91
1.0,0.0,34127,0,0,0,0,137,0,0,0,0,0,0,0,0,0,0,0,0,0,0,0,0,1,1,0,0,1,91
1.0,0.0,34127,0,0,0,0,126,0,0,0,0,0,0,0,0,0,0,0,0,0,0,0,0,1,1,0,0,3,1
1.0,0.0,34127,0,0,0,0,126,0,0,0,0,0,0,0,0,0,0,0,0,0,0,0,0,1,1,0,0,4,1
1.0,0.0,34127,0,0,0,0,126,0,0,0,0,0,0,0,0,0,0,0,0,0,0,0,0,1,1,0,0,5,1
1.0,0.0,0,0,0,0,0,16,0,0,0,0,0,0,0,0,0,0,0,0,0,0,0,0,1,1,0,0,6,8
1.0,0.0,0,0,0,0,0,16,0,0,0,0,0,0,0,0,0,0,0,0,0,0,0,0,1,1,0,0,6,8
1.0,0.0,0,0,0,0,0,16,0,0,0,0,0,0,0,0,0,0,0,0,0,0,0,0,1,1,0,0,9,8
1.0,0.0,33149,0,0,0,0,117,0,0,0,0,0,0,0,0,0,0,0,0,0,0,0,0,1,1,0,0,88,96
1.0,0.0,34127,0,0,0,0,134,0,0,0,0,0,0,0,0,0,0,0,0,0,0,0,0,1,1,0,0,1,91
1.0,0.0,34127,0,0,0,0,138,0,0,0,0,0,0,0,0,0,0,0,0,0,0,0,0,1,1,0,0,1,91
1.0,0.0,34127,0,0,0,0,139,0,0,0,0,0,0,0,0,0,0,0,0,0,0,0,0,1,1,0,0,2,91
1.0,0.0,34127,0,0,0,0,136,0,0,0,0,0,0,0,0,0,0,0,0,0,0,0,0,1,1,0,0,1,91
1.0,0.0,34127,0,0,0,0,137,0,0,0,0,0,0,0,0,0,0,0,0,0,0,0,0,1,1,0,0,1,91
1.0,0.0,34127,0,0,0,0,126,0,0,0,0,0,0,0,0,0,0,0,0,0,0,0,0,1,1,0,0,3,1
1.0,0.0,33149,0,0,0,0,117,0,0,0,0,0,0,0,0,0,0,0,0,0,0,0,0,1,1,0,0,89,96
1.0,0.0,34127,0,0,0,0,126,0,0,0,0,0,0,0,0,0,0,0,0,0,0,0,0,1,1,0,0,4,1
1.0,0.0,34127,0,0,0,0,126,0,0,0,0,0,0,0,0,0,0,0,0,0,0,0,0,1,1,0,0,5,1
1.0,0.0,34127,0,0,0,0,35,0,0,0,0,0,0,0,0,0,0,0,0,0,0,0,0,1,1,0,0,1,91
1.0,0.0,34127,0,0,0,0,138,0,0,0,0,0,0,0,0,0,0,0,0,0,0,0,0,1,1,0,0,1,91
1.0,0.0,34127,0,0,0,0,139,0,0,0,0,0,0,0,0,0,0,0,0,0,0,0,0,1,1,0,0,2,91
1.0,0.0,34127,0,0,0,0,136,0,0,0,0,0,0,0,0,0,0,0,0,0,0,0,0,1,1,0,0,1,91
1.0,0.0,34127,0,0,0,0,137,0,0,0,0,0,0,0,0,0,0,0,0,0,0,0,0,1,1,0,0,1,91
1.0,0.0,34127,0,0,0,0,126,0,0,0,0,0,0,0,0,0,0,0,0,0,0,0,0,1,1,0,0,3,1
1.0,0.0,34127,0,0,0,0,126,0,0,0,0,0,0,0,0,0,0,0,0,0,0,0,0,1,1,0,0,4,1
1.0,0.0,34127,0,0,0,0,126,0,0,0,0,0,0,0,0,0,0,0,0,0,0,0,0,1,1,0,0,5,1
1.0,0.0,990,0,-2,0,0,15,0,0,0,0,0,0,0,0,0,0,0,0,0,0,0,0,1,1,0,0,44,44
1.0,0.0,990,0,-2,0,0,15,0,0,0,0,0,0,0,0,0,0,0,0,0,0,0,0,1,1,0,0,44,44
1.0,0.0,990,0,-2,0,0,14,0,0,0,0,0,0,0,0,0,0,0,0,0,0,0,0,1,1,0,0,44,44
1.0,0.0,0,0,0,0,0,19,0,0,0,0,0,0,0,0,0,0,0,0,0,0,0,0,1,1,0,0,45,44
1.0,0.0,-1,-1,-1,0,0,4,0,0,0,0,0,0,0,0,0,0,0,0,0,0,0,0,1,1,0,0,18,18
1.0,0.0,-1,-1,-1,0,0,8,0,0,0,0,0,0,0,0,0,0,0,0,0,0,0,0,1,1,0,0,18,18
1.0,0.0,-1,-1,-1,0,0,4,0,0,0,0,0,0,0,0,0,0,0,0,0,0,0,0,1,1,0,0,18,18
1.0,0.0,-1,-1,-1,0,0,5,0,0,0,0,0,0,0,0,0,0,0,0,0,0,0,0,1,1,0,0,18,18
1.0,0.0,0,0,0,0,0,24,0,0,0,0,0,0,0,0,0,0,0,0,0,0,0,0,1,1,0,0,27,29
1.0,0.0,-1,-1,-1,0,0,5,0,0,0,0,0,0,0,0,0,0,0,0,0,0,0,0,1,1,0,0,18,18
1.0,0.0,0,-1,1,0,0,9,0,0,0,0,0,0,0,0,0,0,0,0,0,0,0,0,1,1,0,0,28,29
1.0,0.0,-1,-1,-1,0,0,5,0,0,0,0,0,0,0,0,0,0,0,0,0,0,0,0,1,1,0,0,18,18
1.0,0.0,0,0,0,0,0,20,0,0,0,0,0,0,0,0,0,0,0,0,0,0,0,0,1,1,0,0,29,29
1.0,0.0,0,0,0,0,0,28,0,0,0,0,0,0,0,0,0,0,0,0,0,0,0,0,1,1,0,0,30,95
1.0,0.0,0,0,0,1,0,28,0,0,0,0,0,0,0,0,0,0,0,0,0,0,0,0,1,1,0,0,31,29
1.0,0.0,-1,-1,-1,0,0,5,0,0,0,0,0,0,0,0,0,0,0,0,0,0,0,0,1,1,0,0,18,18
1.0,0.0,-1,-1,-1,0,0,4,0,0,0,0,0,0,0,0,0,0,0,0,0,0,0,0,1,1,0,0,18,18
1.0,0.0,0,0,0,0,0,25,0,0,0,0,0,0,0,0,0,0,0,0,0,0,0,0,1,1,0,0,46,45
1.0,0.0,0,0,0,0,0,77,0,0,0,0,0,0,0,0,0,0,0,0,0,0,0,0,1,1,0,0,47,45
1.0,0.0,-1,-1,-1,0,0,4,0,0,0,0,0,0,0,0,0,0,0,0,0,0,0,0,1,1,0,0,18,18
1.0,0.0,-1,-1,-1,0,0,4,0,0,0,0,0,0,0,0,0,0,0,0,0,0,0,0,1,1,0,0,18,18
1.0,0.0,0,0,0,1,0,20,0,0,0,0,0,0,0,0,0,0,0,0,0,0,0,0,1,1,0,0,31,29
1.0,0.0,-1,-1,-1,0,0,5,0,0,0,0,0,0,0,0,0,0,0,0,0,0,0,0,1,1,0,0,18,18
1.0,0.0,0,0,0,0,0,24,0,0,0,0,0,0,0,0,0,0,0,0,0,0,0,0,1,1,0,0,27,29
1.0,0.0,-1,-1,-1,0,0,5,0,0,0,0,0,0,0,0,0,0,0,0,0,0,0,0,1,1,0,0,18,18
1.0,0.0,34127,0,0,0,0,35,0,0,0,0,0,0,0,0,0,0,0,0,0,0,0,0,1,1,0,0,1,91
1.0,0.0,34127,0,0,0,0,138,0,0,0,0,0,0,0,0,0,0,0,0,0,0,0,0,1,1,0,0,1,91
1.0,0.0,34127,0,0,0,0,139,0,0,0,0,0,0,0,0,0,0,0,0,0,0,0,0,1,1,0,0,2,91
1.0,0.0,34127,0,0,0,0,136,0,0,0,0,0,0,0,0,0,0,0,0,0,0,0,0,1,1,0,0,1,91
1.0,0.0,34127,0,0,0,0,137,0,0,0,0,0,0,0,0,0,0,0,0,0,0,0,0,1,1,0,0,1,91
1.0,0.0,34127,0,0,0,0,126,0,0,0,0,0,0,0,0,0,0,0,0,0,0,0,0,1,1,0,0,3,1
1.0,0.0,34127,0,0,0,0,126,0,0,0,0,0,0,0,0,0,0,0,0,0,0,0,0,1,1,0,0,4,1
1.0,0.0,34127,0,0,0,0,126,0,0,0,0,0,0,0,0,0,0,0,0,0,0,0,0,1,1,0,0,5,1
1.0,0.0,0,0,0,0,0,21,0,0,0,0,0,0,0,0,0,0,0,0,0,0,0,0,1,1,0,0,13,93
1.0,0.0,34127,0,0,0,0,35,0,0,0,0,0,0,0,0,0,0,0,0,0,0,0,0,1,1,0,0,1,91
1.0,0.0,34127,0,0,0,0,138,0,0,0,0,0,0,0,0,0,0,0,0,0,0,0,0,1,1,0,0,1,91
1.0,0.0,34127,0,0,0,0,139,0,0,0,0,0,0,0,0,0,0,0,0,0,0,0,0,1,1,0,0,2,91
1.0,0.0,34127,0,0,0,0,136,0,0,0,0,0,0,0,0,0,0,0,0,0,0,0,0,1,1,0,0,1,91
1.0,0.0,34127,0,0,0,0,137,0,0,0,0,0,0,0,0,0,0,0,0,0,0,0,0,1,1,0,0,1,91
1.0,0.0,34127,0,0,0,0,126,0,0,0,0,0,0,0,0,0,0,0,0,0,0,0,0,1,1,0,0,3,1
1.0,0.0,34127,0,0,0,0,126,0,0,0,0,0,0,0,0,0,0,0,0,0,0,0,0,1,1,0,0,4,1
1.0,0.0,34127,0,0,0,0,126,0,0,0,0,0,0,0,0,0,0,0,0,0,0,0,0,1,1,0,0,5,1
1.0,10.0,33149,0,0,0,0,117,0,0,0,0,0,0,0,0,0,0,0,0,0,0,0,0,1,1,0,0,90,96
1.0,0.0,34127,0,0,0,0,35,0,0,0,0,0,0,0,0,0,0,0,0,0,0,0,0,1,1,0,0,1,91
1.0,0.0,34127,0,0,0,0,138,0,0,0,0,0,0,0,0,0,0,0,0,0,0,0,0,1,1,0,0,1,91
1.0,0.0,34127,0,0,0,0,139,0,0,0,0,0,0,0,0,0,0,0,0,0,0,0,0,1,1,0,0,2,91
1.0,0.0,34127,0,0,0,0,136,0,0,0,0,0,0,0,0,0,0,0,0,0,0,0,0,1,1,0,0,1,91
1.0,0.0,34127,0,0,0,0,137,0,0,0,0,0,0,0,0,0,0,0,0,0,0,0,0,1,1,0,0,1,91
1.0,0.0,34127,0,0,0,0,126,0,0,0,0,0,0,0,0,0,0,0,0,0,0,0,0,1,1,0,0,3,1
1.0,0.0,34127,0,0,0,0,126,0,0,0,0,0,0,0,0,0,0,0,0,0,0,0,0,1,1,0,0,4,1
1.0,0.0,34127,0,0,0,0,126,0,0,0,0,0,0,0,0,0,0,0,0,0,0,0,0,1,1,0,0,5,1
1.0,0.0,34127,0,0,0,0,35,0,0,0,0,0,0,0,0,0,0,0,0,0,0,0,0,1,1,0,0,1,91
1.0,0.0,34127,0,0,0,0,138,0,0,0,0,0,0,0,0,0,0,0,0,0,0,0,0,1,1,0,0,1,91
1.0,0.0,34127,0,0,0,0,139,0,0,0,0,0,0,0,0,0,0,0,0,0,0,0,0,1,1,0,0,2,91
1.0,0.0,34127,0,0,0,0,136,0,0,0,0,0,0,0,0,0,0,0,0,0,0,0,0,1,1,0,0,1,91
1.0,0.0,34127,0,0,0,0,137,0,0,0,0,0,0,0,0,0,0,0,0,0,0,0,0,1,1,0,0,1,91
1.0,0.0,34127,0,0,0,0,126,0,0,0,0,0,0,0,0,0,0,0,0,0,0,0,0,1,1,0,0,3,1
1.0,0.0,34127,0,0,0,0,126,0,0,0,0,0,0,0,0,0,0,0,0,0,0,0,0,1,1,0,0,4,1
1.0,0.0,34127,0,0,0,0,126,0,0,0,0,0,0,0,0,0,0,0,0,0,0,0,0,1,1,0,0,5,1
1.0,0.0,34127,0,0,0,0,35,0,0,0,0,0,0,0,0,0,0,0,0,0,0,0,0,1,1,0,0,1,91
1.0,0.0,34127,0,0,0,0,138,0,0,0,0,0,0,0,0,0,0,0,0,0,0,0,0,1,1,0,0,1,91
1.0,0.0,34127,0,0,0,0,139,0,0,0,0,0,0,0,0,0,0,0,0,0,0,0,0,1,1,0,0,2,91
1.0,0.0,34127,0,0,0,0,136,0,0,0,0,0,0,0,0,0,0,0,0,0,0,0,0,1,1,0,0,1,91
1.0,0.0,34127,0,0,0,0,137,0,0,0,0,0,0,0,0,0,0,0,0,0,0,0,0,1,1,0,0,1,91
1.0,0.0,34127,0,0,0,0,126,0,0,0,0,0,0,0,0,0,0,0,0,0,0,0,0,1,1,0,0,3,1
1.0,0.0,34127,0,0,0,0,126,0,0,0,0,0,0,0,0,0,0,0,0,0,0,0,0,1,1,0,0,4,1
1.0,0.0,34127,0,0,0,0,126,0,0,0,0,0,0,0,0,0,0,0,0,0,0,0,0,1,1,0,0,5,1
1.0,0.0,0,0,0,0,0,38,0,0,0,0,0,0,0,0,0,0,0,0,0,0,0,0,1,1,0,0,8,97
1.0,0.0,0,0,0,0,0,28,0,0,0,0,0,0,0,0,0,0,0,0,0,0,0,0,1,1,0,0,20,8
1.0,0.0,0,0,0,0,0,28,0,0,0,0,0,0,0,0,0,0,0,0,0,0,0,0,1,1,0,0,42,8
1.0,0.0,0,0,0,0,0,21,0,0,0,0,0,0,0,0,0,0,0,0,0,0,0,0,1,1,0,0,3,8
1.0,0.0,0,0,0,0,0,16,0,0,0,0,0,0,0,0,0,0,0,0,0,0,0,0,1,1,0,0,4,8
1.0,0.0,0,0,0,0,0,20,0,0,0,0,0,0,0,0,0,0,0,0,0,0,0,0,1,1,0,0,6,8
1.0,0.0,0,0,0,0,0,18,0,0,0,0,0,0,0,0,0,0,0,0,0,0,0,0,1,1,0,0,6,8
1.0,0.0,0,0,0,0,0,22,0,0,0,0,0,0,0,0,0,0,0,0,0,0,0,0,1,1,0,0,35,8
1.0,0.0,0,0,0,0,0,16,0,0,0,0,0,0,0,0,0,0,0,0,0,0,0,0,1,1,0,0,43,8
1.0,0.0,0,0,0,0,0,16,0,0,0,0,0,0,0,0,0,0,0,0,0,0,0,0,1,1,0,0,7,8
1.0,0.0,0,12288,0,0,0,16,0,0,0,0,0,0,0,0,0,0,0,0,0,0,0,0,1,1,0,0,8,8
1.0,0.0,34127,0,0,0,0,35,0,0,0,0,0,0,0,0,0,0,0,0,0,0,0,0,1,1,0,0,1,91
1.0,0.0,34127,0,0,0,0,138,0,0,0,0,0,0,0,0,0,0,0,0,0,0,0,0,1,1,0,0,1,91
1.0,0.0,34127,0,0,0,0,139,0,0,0,0,0,0,0,0,0,0,0,0,0,0,0,0,1,1,0,0,2,91
1.0,0.0,34127,0,0,0,0,136,0,0,0,0,0,0,0,0,0,0,0,0,0,0,0,0,1,1,0,0,1,91
1.0,0.0,34127,0,0,0,0,137,0,0,0,0,0,0,0,0,0,0,0,0,0,0,0,0,1,1,0,0,1,91
1.0,0.0,34127,0,0,0,0,126,0,0,0,0,0,0,0,0,0,0,0,0,0,0,0,0,1,1,0,0,3,1
1.0,0.0,34127,0,0,0,0,126,0,0,0,0,0,0,0,0,0,0,0,0,0,0,0,0,1,1,0,0,4,1
1.0,0.0,34127,0,0,0,0,126,0,0,0,0,0,0,0,0,0,0,0,0,0,0,0,0,1,1,0,0,5,1
1.0,0.0,34127,0,0,0,0,35,0,0,0,0,0,0,0,0,0,0,0,0,0,0,0,0,1,1,0,0,1,91
1.0,0.0,34127,0,0,0,0,138,0,0,0,0,0,0,0,0,0,0,0,0,0,0,0,0,1,1,0,0,1,91
1.0,0.0,34127,0,0,0,0,139,0,0,0,0,0,0,0,0,0,0,0,0,0,0,0,0,1,1,0,0,2,91
1.0,0.0,34127,0,0,0,0,136,0,0,0,0,0,0,0,0,0,0,0,0,0,0,0,0,1,1,0,0,1,91
1.0,0.0,34127,0,0,0,0,137,0,0,0,0,0,0,0,0,0,0,0,0,0,0,0,0,1,1,0,0,1,91
1.0,0.0,34127,0,0,0,0,126,0,0,0,0,0,0,0,0,0,0,0,0,0,0,0,0,1,1,0,0,3,1
1.0,0.0,34127,0,0,0,0,126,0,0,0,0,0,0,0,0,0,0,0,0,0,0,0,0,1,1,0,0,4,1
1.0,0.0,34127,0,0,0,0,126,0,0,0,0,0,0,0,0,0,0,0,0,0,0,0,0,1,1,0,0,5,1
1.0,0.0,0,0,0,0,0,16,0,0,0,0,0,0,0,0,0,0,0,0,0,0,0,0,1,1,0,0,6,8
1.0,0.0,0,0,0,0,0,16,0,0,0,0,0,0,0,0,0,0,0,0,0,0,0,0,1,1,0,0,7,8
1.0,0.0,0,12288,0,0,0,16,0,0,0,0,0,0,0,0,0,0,0,0,0,0,0,0,1,1,0,0,8,8
1.0,0.0,0,0,0,0,0,38,0,0,0,0,0,0,0,0,0,0,0,0,0,0,0,0,1,1,0,0,8,97
1.0,0.0,0,0,0,0,0,28,0,0,0,0,0,0,0,0,0,0,0,0,0,0,0,0,1,1,0,0,20,8
