severity_scores,timedelta,suid,cap_fp,exit,n_dang,n_dang_no_cron,fp_length,col_0,col_1,col_2,col_3,col_4,col_5,col_6,col_7,col_8,col_9,col_10,col_11,col_12,col_13,col_14,col_15,col_16,col_17,col_18,col_19,enc_comm,enc_parent_comm
1.0,0.0,30006,0,-2,0,0,53,0,0,0,0,0,0,0,0,0,0,0,0,1,0,0,0,1,0,0,0,1,90
1.0,0.0,30006,0,-2,0,0,53,0,0,0,0,0,0,0,0,0,0,0,0,1,0,0,0,1,0,0,0,1,90
1.0,0.0,30006,0,-2,0,0,53,0,0,0,0,0,0,0,0,0,0,0,0,1,0,0,0,1,0,0,0,1,90
1.0,0.0,30006,0,-2,0,0,57,0,0,0,0,0,0,0,0,0,0,0,0,1,0,0,0,1,0,0,0,1,90
1.0,0.0,30006,0,-2,0,0,52,0,0,0,0,0,0,0,0,0,0,0,0,1,0,0,0,1,0,0,0,1,90
1.0,0.0,30006,0,-2,0,0,51,0,0,0,0,0,0,0,0,0,0,0,0,1,0,0,0,1,0,0,0,1,90
1.0,0.0,30006,0,-2,0,0,50,0,0,0,0,0,0,0,0,0,0,0,0,1,0,0,0,1,0,0,0,1,90
1.0,0.0,30006,0,-2,0,0,47,0,0,0,0,0,0,0,0,0,0,0,0,1,0,0,0,1,0,0,0,1,90
1.0,0.0,30006,0,-2,0,0,53,0,0,0,0,0,0,0,0,0,0,0,0,1,0,0,0,1,0,0,0,1,90
1.0,0.0,30006,0,-2,0,0,53,0,0,0,0,0,0,0,0,0,0,0,0,1,0,0,0,1,0,0,0,1,90
1.0,0.0,30006,0,-2,0,0,48,0,0,0,0,0,0,0,0,0,0,0,0,1,0,0,0,1,0,0,0,1,90
1.0,0.0,30006,0,-2,0,0,47,0,0,0,0,0,0,0,0,0,0,0,0,1,0,0,0,1,0,0,0,1,90
1.0,0.0,30006,0,-2,0,0,48,0,0,0,0,0,0,0,0,0,0,0,0,1,0,0,0,1,0,0,0,1,90
1.0,0.0,30006,0,-2,0,0,47,0,0,0,0,0,0,0,0,0,0,0,0,1,0,0,0,1,0,0,0,1,90
1.0,0.0,30006,0,-2,1,0,49,0,0,0,0,0,0,0,0,0,0,0,0,1,0,0,0,1,0,0,0,1,90
1.0,0.0,30006,0,0,2,0,71,0,0,0,0,0,0,0,0,0,0,0,0,1,0,0,0,1,0,0,0,2,90
1.0,0.0,0,0,0,0,0,16,0,0,0,0,0,0,0,0,0,0,0,0,1,0,0,0,1,0,0,0,3,5
1.0,0.0,0,0,0,0,0,16,0,0,0,0,0,0,0,0,0,0,0,0,1,0,0,0,1,0,0,0,4,5
1.0,0.0,0,12288,0,0,0,16,0,0,0,0,0,0,0,0,0,0,0,0,1,0,0,0,1,0,0,0,5,5
1.0,0.0,0,0,0,0,0,16,0,0,0,0,0,0,0,0,0,0,0,0,1,0,0,0,1,0,0,0,3,5
1.0,0.0,0,0,0,0,0,16,0,0,0,0,0,0,0,0,0,0,0,0,1,0,0,0,1,0,0,0,4,5
1.0,0.0,0,12288,0,0,0,16,0,0,0,0,0,0,0,0,0,0,0,0,1,0,0,0,1,0,0,0,5,5
1.0,0.0,0,0,0,0,0,20,0,0,0,0,0,0,0,0,0,0,0,0,1,0,0,0,1,0,0,0,6,91
1.0,0.0,0,0,0,0,0,16,0,0,0,0,0,0,0,0,0,0,0,0,1,0,0,0,1,0,0,0,7,91
1.0,0.0,0,0,0,0,0,18,0,0,0,0,0,0,0,0,0,0,0,0,1,0,0,0,1,0,0,0,8,91
1.0,0.0,0,0,0,0,0,19,0,0,0,0,0,0,0,0,0,0,0,0,1,0,0,0,1,0,0,0,9,91
1.0,0.0,0,0,0,0,0,16,0,0,0,0,0,0,0,0,0,0,0,0,1,0,0,0,1,0,0,0,3,5
1.0,0.0,0,0,0,0,0,16,0,0,0,0,0,0,0,0,0,0,0,0,1,0,0,0,1,0,0,0,4,5
1.0,0.0,0,12288,0,0,0,16,0,0,0,0,0,0,0,0,0,0,0,0,1,0,0,0,1,0,0,0,5,5
1.0,0.0,0,0,0,0,0,19,0,0,0,0,0,0,0,0,0,0,0,0,1,0,0,0,1,0,0,0,9,91
1.0,0.0,0,0,0,0,0,16,0,0,0,0,0,0,0,0,0,0,0,0,1,0,0,0,1,0,0,0,3,5
1.0,0.0,0,0,0,0,0,16,0,0,0,0,0,0,0,0,0,0,0,0,1,0,0,0,1,0,0,0,3,5
1.0,0.0,0,0,0,0,0,16,0,0,0,0,0,0,0,0,0,0,0,0,1,0,0,0,1,0,0,0,10,5
1.0,0.0,0,0,0,0,0,27,0,0,0,0,0,0,0,0,0,0,0,0,1,0,0,0,1,0,0,0,11,91
1.0,0.0,0,0,0,0,0,27,0,0,0,0,0,0,0,0,0,0,0,0,1,0,0,0,1,0,0,0,12,91
1.0,0.0,0,0,0,0,0,27,0,0,0,0,0,0,0,0,0,0,0,0,1,0,0,0,1,0,0,0,13,91
1.0,0.0,0,0,0,0,0,38,0,0,0,0,0,0,0,0,0,0,0,0,1,0,0,0,1,0,0,0,14,92
1.0,0.0,0,0,0,0,0,25,0,0,0,0,0,0,0,0,0,0,0,0,1,0,0,0,1,0,0,0,15,24
1.0,0.0,0,0,0,0,0,22,0,0,0,0,0,0,0,0,0,0,0,0,1,0,0,0,1,0,0,0,16,14
1.0,0.0,0,0,0,0,0,16,0,0,0,0,0,0,0,0,0,0,0,0,1,0,0,0,1,0,0,0,17,14
1.0,0.0,0,0,0,0,0,16,0,0,0,0,0,0,0,0,0,0,0,0,1,0,0,0,1,0,0,0,4,14
1.0,0.0,0,0,0,0,0,16,0,0,0,0,0,0,0,0,0,0,0,0,1,0,0,0,1,0,0,0,3,14
1.0,0.0,0,0,0,0,0,16,0,0,0,0,0,0,0,0,0,0,0,0,1,0,0,0,1,0,0,0,18,14
1.0,0.0,0,0,0,0,0,16,0,0,0,0,0,0,0,0,0,0,0,0,1,0,0,0,1,0,0,0,18,14
1.0,0.0,0,0,0,0,0,18,0,0,0,0,0,0,0,0,0,0,0,0,1,0,0,0,1,0,0,0,7,14
1.0,0.0,0,0,0,0,0,16,0,0,0,0,0,0,0,0,0,0,0,0,1,0,0,0,1,0,0,0,18,14
1.0,0.0,0,0,0,0,0,24,0,0,0,0,0,0,0,0,0,0,0,0,1,0,0,0,1,0,0,0,19,14
1.0,0.0,0,0,0,0,0,16,0,0,0,0,0,0,0,0,0,0,0,0,1,0,0,0,1,0,0,0,7,14
1.0,0.0,0,0,0,0,0,16,0,0,0,0,0,0,0,0,0,0,0,0,1,0,0,0,1,0,0,0,18,14
1.0,0.0,0,0,0,0,0,28,0,0,0,0,0,0,0,0,0,0,0,0,1,0,0,0,1,0,0,0,16,14
1.0,0.0,0,0,0,0,0,16,0,0,0,0,0,0,0,0,0,0,0,0,1,0,0,0,1,0,0,0,20,14
1.0,0.0,0,0,0,0,0,16,0,0,0,0,0,0,0,0,0,0,0,0,1,0,0,0,1,0,0,0,20,14
1.0,0.0,0,0,0,0,0,16,0,0,0,0,0,0,0,0,0,0,0,0,1,0,0,0,1,0,0,0,20,14
1.0,0.0,0,0,0,0,0,16,0,0,0,0,0,0,0,0,0,0,0,0,1,0,0,0,1,0,0,0,7,14
1.0,0.0,0,0,0,0,0,18,0,0,0,0,0,0,0,0,0,0,0,0,1,0,0,0,1,0,0,0,18,14
1.0,0.0,0,0,0,0,0,16,0,0,0,0,0,0,0,0,0,0,0,0,1,0,0,0,1,0,0,0,21,14
1.0,0.0,0,0,0,0,0,16,0,0,0,0,0,0,0,0,0,0,0,0,1,0,0,0,1,0,0,0,7,14
1.0,0.0,0,0,0,0,0,18,0,0,0,0,0,0,0,0,0,0,0,0,1,0,0,0,1,0,0,0,18,14
1.0,0.0,0,0,0,0,0,16,0,0,0,0,0,0,0,0,0,0,0,0,1,0,0,0,1,0,0,0,20,14
1.0,0.0,0,0,0,0,0,16,0,0,0,0,0,0,0,0,0,0,0,0,1,0,0,0,1,0,0,0,18,14
1.0,0.0,0,0,0,0,0,16,0,0,0,0,0,0,0,0,0,0,0,0,1,0,0,0,1,0,0,0,3,5
1.0,0.0,0,0,0,0,0,16,0,0,0,0,0,0,0,0,0,0,0,0,1,0,0,0,1,0,0,0,4,5
1.0,0.0,0,12288,0,0,0,16,0,0,0,0,0,0,0,0,0,0,0,0,1,0,0,0,1,0,0,0,5,5
1.0,0.0,0,0,0,0,0,16,0,0,0,0,0,0,0,0,0,0,0,0,1,0,0,0,1,0,0,0,6,93
1.0,0.0,0,0,0,0,0,13,0,0,0,0,0,0,0,0,0,0,0,0,1,0,0,0,1,0,0,0,22,6
1.0,0.0,0,0,0,0,0,13,0,0,0,0,0,0,0,0,0,0,0,0,1,0,0,0,1,0,0,0,18,6
1.0,0.0,0,0,0,0,0,16,0,0,0,0,0,0,0,0,0,0,0,0,1,0,0,0,1,0,0,0,6,93
1.0,0.0,0,0,0,0,0,15,0,0,0,0,0,0,0,0,0,0,0,0,1,0,0,0,1,0,0,0,22,93
1.0,0.0,0,0,0,0,0,16,0,0,0,0,0,0,0,0,0,0,0,0,1,0,0,0,1,0,0,0,3,5
1.0,0.0,0,0,0,0,0,16,0,0,0,0,0,0,0,0,0,0,0,0,1,0,0,0,1,0,0,0,3,5
1.0,0.0,0,0,0,0,0,16,0,0,0,0,0,0,0,0,0,0,0,0,1,0,0,0,1,0,0,0,10,5
1.0,0.0,0,0,0,1,0,22,0,0,0,0,0,0,0,0,0,0,0,0,1,0,0,0,1,0,0,0,6,94
1.0,0.0,0,0,0,1,0,25,0,0,0,0,0,0,0,0,0,0,0,0,1,0,0,0,1,0,0,0,23,94
1.0,0.0,0,0,0,1,0,28,0,0,0,0,0,0,0,0,0,0,0,0,1,0,0,0,1,0,0,0,6,94
1.0,0.0,0,0,0,1,0,19,0,0,0,0,0,0,0,0,0,0,0,0,1,0,0,0,1,0,0,0,15,23
1.0,0.0,-1,-1,-1,0,0,5,0,0,0,0,0,0,0,0,0,0,0,0,1,0,0,0,1,0,0,0,24,24
1.0,0.0,0,0,0,1,0,31,0,0,0,0,0,0,0,0,0,0,0,0,1,0,0,0,1,0,0,0,25,6
1.0,0.0,0,0,0,1,0,17,0,0,0,0,0,0,0,0,0,0,0,0,1,0,0,0,1,0,0,0,26,23
1.0,0.0,0,0,0,1,0,21,0,0,0,0,0,0,0,0,0,0,0,0,1,0,0,0,1,0,0,0,19,23
1.0,0.0,0,0,0,1,0,17,0,0,0,0,0,0,0,0,0,0,0,0,1,0,0,0,1,0,0,0,18,23
1.0,0.0,997,0,0,4,0,38,0,0,0,0,0,0,0,0,0,0,0,0,1,0,0,0,1,0,0,0,27,36
1.0,0.0,0,0,0,1,0,19,0,0,0,0,0,0,0,0,0,0,0,0,1,0,0,0,1,0,0,0,28,94
1.0,0.0,-1,-1,-1,0,0,5,0,0,0,0,0,0,0,0,0,0,0,0,1,0,0,0,1,0,0,0,24,24
1.0,0.0,-1,-1,-1,0,0,5,0,0,0,0,0,0,0,0,0,0,0,0,1,0,0,0,1,0,0,0,24,24
1.0,0.0,0,0,0,1,0,21,0,0,0,0,0,0,0,0,0,0,0,0,1,0,0,0,1,0,0,0,29,28
1.0,0.0,0,0,0,0,0,26,0,0,0,0,0,0,0,0,0,0,0,0,1,0,0,0,1,0,0,0,30,36
1.0,0.0,0,0,0,0,0,13,0,0,0,0,0,0,0,0,0,0,0,0,1,0,0,0,1,0,0,0,19,30
1.0,0.0,0,0,0,0,0,19,0,0,0,0,0,0,0,0,0,0,0,0,1,0,0,0,1,0,0,0,31,30
1.0,0.0,-1,-1,-1,0,0,5,0,0,0,0,0,0,0,0,0,0,0,0,1,0,0,0,1,0,0,0,24,24
1.0,0.0,0,0,0,0,0,19,0,0,0,0,0,0,0,0,0,0,0,0,1,0,0,0,1,0,0,0,32,32
1.0,0.0,-1,-1,-1,0,0,4,0,0,0,0,0,0,0,0,0,0,0,0,1,0,0,0,1,0,0,0,24,24
1.0,0.0,-1,-1,-1,0,0,4,0,0,0,0,0,0,0,0,0,0,0,0,1,0,0,0,1,0,0,0,24,24
1.0,0.0,-1,-1,-1,0,0,4,0,0,0,0,0,0,0,0,0,0,0,0,1,0,0,0,1,0,0,0,24,24
1.0,0.0,-1,-1,-1,0,0,4,0,0,0,0,0,0,0,0,0,0,0,0,1,0,0,0,1,0,0,0,24,24
1.0,0.0,-1,-1,-1,0,0,4,0,0,0,0,0,0,0,0,0,0,0,0,1,0,0,0,1,0,0,0,24,24
1.0,0.0,65534,0,0,0,0,19,0,0,0,0,0,0,0,0,0,0,0,0,1,0,0,0,1,0,0,0,33,32
1.0,0.0,65534,0,0,0,0,19,0,0,0,0,0,0,0,0,0,0,0,0,1,0,0,0,1,0,0,0,33,32
1.0,0.0,-1,-1,-1,0,0,4,0,0,0,0,0,0,0,0,0,0,0,0,1,0,0,0,1,0,0,0,24,24
1.0,0.0,-1,-1,-1,0,0,4,0,0,0,0,0,0,0,0,0,0,0,0,1,0,0,0,1,0,0,0,24,24
1.0,0.0,-1,-1,-1,0,0,4,0,0,0,0,0,0,0,0,0,0,0,0,1,0,0,0,1,0,0,0,24,24
1.0,0.0,-1,-1,-1,0,0,4,0,0,0,0,0,0,0,0,0,0,0,0,1,0,0,0,1,0,0,0,24,24
1.0,0.0,-1,-1,-1,0,0,4,0,0,0,0,0,0,0,0,0,0,0,0,1,0,0,0,1,0,0,0,24,24
1.0,0.0,0,-1,1,0,0,10,0,0,0,0,0,0,0,0,0,0,0,0,1,0,0,0,1,0,0,0,32,32
1.0,0.0,-1,-1,-1,0,0,5,0,0,0,0,0,0,0,0,0,0,0,0,1,0,0,0,1,0,0,0,24,24
1.0,0.0,0,0,0,0,0,24,0,0,0,0,0,0,0,0,0,0,0,0,1,0,0,0,1,0,0,0,34,36
1.0,0.0,-1,-1,-1,0,0,5,0,0,0,0,0,0,0,0,0,0,0,0,1,0,0,0,1,0,0,0,24,24
1.0,0.0,0,-1,1,0,0,9,0,0,0,0,0,0,0,0,0,0,0,0,1,0,0,0,1,0,0,0,35,36
1.0,0.0,-1,-1,-1,0,0,5,0,0,0,0,0,0,0,0,0,0,0,0,1,0,0,0,1,0,0,0,24,24
1.0,0.0,0,0,0,0,0,20,0,0,0,0,0,0,0,0,0,0,0,0,1,0,0,0,1,0,0,0,36,36
1.0,0.0,0,0,0,0,0,28,0,0,0,0,0,0,0,0,0,0,0,0,1,0,0,0,1,0,0,0,37,95
1.0,0.0,0,0,0,1,0,28,0,0,0,0,0,0,0,0,0,0,0,0,1,0,0,0,1,0,0,0,38,36
1.0,0.0,-1,-1,-1,0,0,5,0,0,0,0,0,0,0,0,0,0,0,0,1,0,0,0,1,0,0,0,24,24
1.0,0.0,-1,-1,-1,0,0,4,0,0,0,0,0,0,0,0,0,0,0,0,1,0,0,0,1,0,0,0,24,24
1.0,0.0,-1,-1,-1,0,0,4,0,0,0,0,0,0,0,0,0,0,0,0,1,0,0,0,1,0,0,0,24,24
1.0,0.0,-1,-1,-1,0,0,4,0,0,0,0,0,0,0,0,0,0,0,0,1,0,0,0,1,0,0,0,24,24
1.0,0.0,-1,-1,-1,0,0,4,0,0,0,0,0,0,0,0,0,0,0,0,1,0,0,0,1,0,0,0,24,24
1.0,0.0,-1,-1,-1,0,0,4,0,0,0,0,0,0,0,0,0,0,0,0,1,0,0,0,1,0,0,0,24,24
1.0,0.0,-1,-1,-1,0,0,4,0,0,0,0,0,0,0,0,0,0,0,0,1,0,0,0,1,0,0,0,24,24
1.0,0.0,-1,-1,-1,0,0,4,0,0,0,0,0,0,0,0,0,0,0,0,1,0,0,0,1,0,0,0,24,24
1.0,0.0,-1,-1,-1,0,0,4,0,0,0,0,0,0,0,0,0,0,0,0,1,0,0,0,1,0,0,0,24,24
1.0,0.0,0,0,0,1,0,18,0,0,0,0,0,0,0,0,0,0,0,0,1,0,0,0,1,0,0,0,39,32
1.0,0.0,0,0,0,1,0,13,0,0,0,0,0,0,0,0,0,0,0,0,1,0,0,0,1,0,0,0,40,39
1.0,0.0,0,0,0,1,0,25,0,0,0,0,0,0,0,0,0,0,0,0,1,0,0,0,1,0,0,0,41,39
1.0,0.0,0,0,0,3,0,17,0,0,0,0,0,0,0,0,0,0,0,0,1,0,0,0,1,0,0,0,18,41
1.0,0.0,0,0,0,1,0,25,0,0,0,0,0,0,0,0,0,0,0,0,1,0,0,0,1,0,0,0,41,39
1.0,0.0,0,0,0,3,0,17,0,0,0,0,0,0,0,0,0,0,0,0,1,0,0,0,1,0,0,0,18,41
1.0,0.0,0,0,0,1,0,25,0,0,0,0,0,0,0,0,0,0,0,0,1,0,0,0,1,0,0,0,41,39
1.0,0.0,0,0,0,3,0,17,0,0,0,0,0,0,0,0,0,0,0,0,1,0,0,0,1,0,0,0,18,41
1.0,0.0,0,0,0,1,0,17,0,0,0,0,0,0,0,0,0,0,0,0,1,0,0,0,1,0,0,0,16,39
1.0,0.0,0,0,0,1,0,13,0,0,0,0,0,0,0,0,0,0,0,0,1,0,0,0,1,0,0,0,40,39
1.0,0.0,0,0,0,3,0,28,0,0,0,0,0,0,0,0,0,0,0,0,1,0,0,0,1,0,0,0,16,39
1.0,0.0,0,0,0,1,0,19,0,0,0,0,0,0,0,0,0,0,0,0,1,0,0,0,1,0,0,0,42,39
1.0,0.0,0,0,0,1,0,13,0,0,0,0,0,0,0,0,0,0,0,0,1,0,0,0,1,0,0,0,43,39
1.0,0.0,0,0,0,1,0,19,0,0,0,0,0,0,0,0,0,0,0,0,1,0,0,0,1,0,0,0,44,32
1.0,0.0,-1,-1,-1,0,0,4,0,0,0,0,0,0,0,0,0,0,0,0,1,0,0,0,1,0,0,0,24,24
1.0,0.0,-1,-1,-1,0,0,4,0,0,0,0,0,0,0,0,0,0,0,0,1,0,0,0,1,0,0,0,24,24
1.0,0.0,-1,-1,-1,0,0,4,0,0,0,0,0,0,0,0,0,0,0,0,1,0,0,0,1,0,0,0,24,24
1.0,0.0,-1,-1,-1,0,0,4,0,0,0,0,0,0,0,0,0,0,0,0,1,0,0,0,1,0,0,0,24,24
1.0,0.0,-1,-1,-1,0,0,4,0,0,0,0,0,0,0,0,0,0,0,0,1,0,0,0,1,0,0,0,24,24
1.0,0.0,-1,-1,-1,0,0,4,0,0,0,0,0,0,0,0,0,0,0,0,1,0,0,0,1,0,0,0,24,24
1.0,0.0,-1,-1,-1,0,0,4,0,0,0,0,0,0,0,0,0,0,0,0,1,0,0,0,1,0,0,0,24,24
1.0,0.0,-1,-1,-1,0,0,4,0,0,0,0,0,0,0,0,0,0,0,0,1,0,0,0,1,0,0,0,24,24
1.0,0.0,-1,-1,-1,0,0,4,0,0,0,0,0,0,0,0,0,0,0,0,1,0,0,0,1,0,0,0,24,24
1.0,0.0,0,0,0,1,0,20,0,0,0,0,0,0,0,0,0,0,0,0,1,0,0,0,1,0,0,0,38,36
1.0,0.0,-1,-1,-1,0,0,5,0,0,0,0,0,0,0,0,0,0,0,0,1,0,0,0,1,0,0,0,24,24
1.0,0.0,0,0,0,0,0,24,0,0,0,0,0,0,0,0,0,0,0,0,1,0,0,0,1,0,0,0,34,36
1.0,0.0,-1,-1,-1,0,0,5,0,0,0,0,0,0,0,0,0,0,0,0,1,0,0,0,1,0,0,0,24,24
1.0,10.0,991,0,-2,0,0,15,0,0,0,0,0,0,0,0,0,0,0,0,1,0,0,0,1,0,0,0,45,45
1.0,0.0,991,0,-2,0,0,15,0,0,0,0,0,0,0,0,0,0,0,0,1,0,0,0,1,0,0,0,45,45
1.0,0.0,991,0,-2,0,0,14,0,0,0,0,0,0,0,0,0,0,0,0,1,0,0,0,1,0,0,0,45,45
1.0,0.0,0,0,0,0,0,19,0,0,0,0,0,0,0,0,0,0,0,0,1,0,0,0,1,0,0,0,46,45
1.0,0.0,-1,-1,-1,0,0,4,0,0,0,0,0,0,0,0,0,0,0,0,1,0,0,0,1,0,0,0,24,24
1.0,0.0,-1,-1,-1,0,0,8,0,0,0,0,0,0,0,0,0,0,0,0,1,0,0,0,1,0,0,0,24,24
1.0,0.0,-1,-1,-1,0,0,4,0,0,0,0,0,0,0,0,0,0,0,0,1,0,0,0,1,0,0,0,24,24
1.0,0.0,-1,-1,-1,0,0,5,0,0,0,0,0,0,0,0,0,0,0,0,1,0,0,0,1,0,0,0,24,24
1.0,0.0,0,0,0,0,0,24,0,0,0,0,0,0,0,0,0,0,0,0,1,0,0,0,1,0,0,0,34,36
1.0,0.0,-1,-1,-1,0,0,5,0,0,0,0,0,0,0,0,0,0,0,0,1,0,0,0,1,0,0,0,24,24
1.0,0.0,0,-1,1,0,0,9,0,0,0,0,0,0,0,0,0,0,0,0,1,0,0,0,1,0,0,0,35,36
1.0,0.0,-1,-1,-1,0,0,5,0,0,0,0,0,0,0,0,0,0,0,0,1,0,0,0,1,0,0,0,24,24
1.0,0.0,0,0,0,0,0,20,0,0,0,0,0,0,0,0,0,0,0,0,1,0,0,0,1,0,0,0,36,36
1.0,0.0,0,0,0,0,0,28,0,0,0,0,0,0,0,0,0,0,0,0,1,0,0,0,1,0,0,0,37,95
1.0,0.0,0,0,0,1,0,28,0,0,0,0,0,0,0,0,0,0,0,0,1,0,0,0,1,0,0,0,38,36
1.0,0.0,-1,-1,-1,0,0,5,0,0,0,0,0,0,0,0,0,0,0,0,1,0,0,0,1,0,0,0,24,24
1.0,0.0,-1,-1,-1,0,0,4,0,0,0,0,0,0,0,0,0,0,0,0,1,0,0,0,1,0,0,0,24,24
1.0,0.0,0,0,0,0,0,25,0,0,0,0,0,0,0,0,0,0,0,0,1,0,0,0,1,0,0,0,47,46
1.0,0.0,0,0,0,0,0,77,0,0,0,0,0,0,0,0,0,0,0,0,1,0,0,0,1,0,0,0,48,46
1.0,0.0,-1,-1,-1,0,0,4,0,0,0,0,0,0,0,0,0,0,0,0,1,0,0,0,1,0,0,0,24,24
1.0,0.0,-1,-1,-1,0,0,4,0,0,0,0,0,0,0,0,0,0,0,0,1,0,0,0,1,0,0,0,24,24
1.0,0.0,0,0,0,1,0,20,0,0,0,0,0,0,0,0,0,0,0,0,1,0,0,0,1,0,0,0,38,36
1.0,0.0,-1,-1,-1,0,0,5,0,0,0,0,0,0,0,0,0,0,0,0,1,0,0,0,1,0,0,0,24,24
1.0,0.0,-1,-1,-1,0,0,5,0,0,0,0,0,0,0,0,0,0,0,0,1,0,0,0,1,0,0,0,24,24
1.0,0.0,0,0,0,0,0,24,0,0,0,0,0,0,0,0,0,0,0,0,1,0,0,0,1,0,0,0,34,36
1.0,0.0,-1,-1,-1,0,0,5,0,0,0,0,0,0,0,0,0,0,0,0,1,0,0,0,1,0,0,0,24,24
1.0,0.0,0,0,0,0,0,21,0,0,0,0,0,0,0,0,0,0,0,0,1,0,0,0,1,0,0,0,49,96
1.0,0.0,0,0,0,0,0,38,0,0,0,0,0,0,0,0,0,0,0,0,1,0,0,0,1,0,0,0,5,92
1.0,0.0,0,0,0,0,0,28,0,0,0,0,0,0,0,0,0,0,0,0,1,0,0,0,1,0,0,0,15,5
1.0,0.0,0,0,0,0,0,28,0,0,0,0,0,0,0,0,0,0,0,0,1,0,0,0,1,0,0,0,50,5
1.0,0.0,0,0,0,0,0,21,0,0,0,0,0,0,0,0,0,0,0,0,1,0,0,0,1,0,0,0,18,5
1.0,0.0,0,0,0,0,0,16,0,0,0,0,0,0,0,0,0,0,0,0,1,0,0,0,1,0,0,0,19,5
1.0,0.0,0,0,0,0,0,20,0,0,0,0,0,0,0,0,0,0,0,0,1,0,0,0,1,0,0,0,3,5
1.0,0.0,0,0,0,0,0,18,0,0,0,0,0,0,0,0,0,0,0,0,1,0,0,0,1,0,0,0,3,5
1.0,0.0,0,0,0,0,0,22,0,0,0,0,0,0,0,0,0,0,0,0,1,0,0,0,1,0,0,0,16,5
1.0,0.0,0,0,0,0,0,16,0,0,0,0,0,0,0,0,0,0,0,0,1,0,0,0,1,0,0,0,17,5
1.0,0.0,0,0,0,0,0,16,0,0,0,0,0,0,0,0,0,0,0,0,1,0,0,0,1,0,0,0,4,5
1.0,0.0,0,12288,0,0,0,16,0,0,0,0,0,0,0,0,0,0,0,0,1,0,0,0,1,0,0,0,5,5
1.0,0.0,0,0,0,0,0,19,0,0,0,0,0,0,0,0,0,0,0,0,1,0,0,0,1,0,0,0,32,32
1.0,0.0,-1,-1,-1,0,0,4,0,0,0,0,0,0,0,0,0,0,0,0,1,0,0,0,1,0,0,0,24,24
1.0,0.0,-1,-1,-1,0,0,4,0,0,0,0,0,0,0,0,0,0,0,0,1,0,0,0,1,0,0,0,24,24
1.0,0.0,-1,-1,-1,0,0,4,0,0,0,0,0,0,0,0,0,0,0,0,1,0,0,0,1,0,0,0,24,24
1.0,0.0,-1,-1,-1,0,0,4,0,0,0,0,0,0,0,0,0,0,0,0,1,0,0,0,1,0,0,0,24,24
1.0,0.0,-1,-1,-1,0,0,4,0,0,0,0,0,0,0,0,0,0,0,0,1,0,0,0,1,0,0,0,24,24
1.0,0.0,0,0,0,0,0,38,0,0,0,0,0,0,0,0,0,0,0,0,1,0,0,0,1,0,0,0,14,92
1.0,0.0,0,0,0,0,0,28,0,0,0,0,0,0,0,0,0,0,0,0,1,0,0,0,1,0,0,0,15,14
1.0,0.0,0,0,0,0,0,22,0,0,0,0,0,0,0,0,0,0,0,0,1,0,0,0,1,0,0,0,16,14
1.0,0.0,0,0,0,0,0,16,0,0,0,0,0,0,0,0,0,0,0,0,1,0,0,0,1,0,0,0,17,14
1.0,0.0,0,0,0,0,0,16,0,0,0,0,0,0,0,0,0,0,0,0,1,0,0,0,1,0,0,0,4,14
1.0,0.0,0,0,0,0,0,16,0,0,0,0,0,0,0,0,0,0,0,0,1,0,0,0,1,0,0,0,3,14
1.0,0.0,0,0,0,0,0,16,0,0,0,0,0,0,0,0,0,0,0,0,1,0,0,0,1,0,0,0,18,14
1.0,0.0,0,0,0,0,0,16,0,0,0,0,0,0,0,0,0,0,0,0,1,0,0,0,1,0,0,0,18,14
1.0,0.0,0,0,0,0,0,18,0,0,0,0,0,0,0,0,0,0,0,0,1,0,0,0,1,0,0,0,7,14
1.0,0.0,0,0,0,0,0,16,0,0,0,0,0,0,0,0,0,0,0,0,1,0,0,0,1,0,0,0,18,14
1.0,0.0,0,0,0,0,0,24,0,0,0,0,0,0,0,0,0,0,0,0,1,0,0,0,1,0,0,0,19,14
1.0,0.0,0,0,0,0,0,16,0,0,0,0,0,0,0,0,0,0,0,0,1,0,0,0,1,0,0,0,7,14
1.0,0.0,0,0,0,0,0,16,0,0,0,0,0,0,0,0,0,0,0,0,1,0,0,0,1,0,0,0,18,14
1.0,0.0,0,0,0,0,0,28,0,0,0,0,0,0,0,0,0,0,0,0,1,0,0,0,1,0,0,0,16,14
1.0,0.0,0,0,0,0,0,16,0,0,0,0,0,0,0,0,0,0,0,0,1,0,0,0,1,0,0,0,20,14
1.0,0.0,0,0,0,0,0,16,0,0,0,0,0,0,0,0,0,0,0,0,1,0,0,0,1,0,0,0,20,14
1.0,0.0,0,0,0,0,0,16,0,0,0,0,0,0,0,0,0,0,0,0,1,0,0,0,1,0,0,0,20,14
1.0,0.0,0,0,0,0,0,16,0,0,0,0,0,0,0,0,0,0,0,0,1,0,0,0,1,0,0,0,7,14
1.0,0.0,0,0,0,0,0,18,0,0,0,0,0,0,0,0,0,0,0,0,1,0,0,0,1,0,0,0,18,14
1.0,0.0,0,0,0,0,0,16,0,0,0,0,0,0,0,0,0,0,0,0,1,0,0,0,1,0,0,0,21,14
1.0,0.0,0,0,0,0,0,16,0,0,0,0,0,0,0,0,0,0,0,0,1,0,0,0,1,0,0,0,7,14
1.0,0.0,0,0,0,0,0,18,0,0,0,0,0,0,0,0,0,0,0,0,1,0,0,0,1,0,0,0,18,14
1.0,0.0,0,0,0,0,0,16,0,0,0,0,0,0,0,0,0,0,0,0,1,0,0,0,1,0,0,0,20,14
1.0,0.0,0,0,0,0,0,16,0,0,0,0,0,0,0,0,0,0,0,0,1,0,0,0,1,0,0,0,18,14
1.0,0.0,65534,0,0,0,0,19,0,0,0,0,0,0,0,0,0,0,0,0,1,0,0,0,1,0,0,0,33,32
1.0,0.0,-1,-1,-1,0,0,4,0,0,0,0,0,0,0,0,0,0,0,0,1,0,0,0,1,0,0,0,24,24
1.0,0.0,-1,-1,-1,0,0,4,0,0,0,0,0,0,0,0,0,0,0,0,1,0,0,0,1,0,0,0,24,24
1.0,0.0,-1,-1,-1,0,0,4,0,0,0,0,0,0,0,0,0,0,0,0,1,0,0,0,1,0,0,0,24,24
1.0,0.0,-1,-1,-1,0,0,4,0,0,0,0,0,0,0,0,0,0,0,0,1,0,0,0,1,0,0,0,24,24
1.0,0.0,-1,-1,-1,0,0,4,0,0,0,0,0,0,0,0,0,0,0,0,1,0,0,0,1,0,0,0,24,24
1.0,0.0,0,-1,5,0,0,10,0,0,0,0,0,0,0,0,0,0,0,0,1,0,0,0,1,0,0,0,32,32
1.0,0.0,-1,-1,-1,0,0,5,0,0,0,0,0,0,0,0,0,0,0,0,1,0,0,0,1,0,0,0,24,24
1.0,0.0,0,0,0,0,0,24,0,0,0,0,0,0,0,0,0,0,0,0,1,0,0,0,1,0,0,0,34,36
1.0,0.0,-1,-1,-1,0,0,5,0,0,0,0,0,0,0,0,0,0,0,0,1,0,0,0,1,0,0,0,24,24
1.0,0.0,0,-1,5,0,0,9,0,0,0,0,0,0,0,0,0,0,0,0,1,0,0,0,1,0,0,0,35,36
1.0,0.0,-1,-1,-1,0,0,5,0,0,0,0,0,0,0,0,0,0,0,0,1,0,0,0,1,0,0,0,24,24
1.0,0.0,12546,0,0,0,0,20,0,0,0,0,0,0,0,0,0,0,0,0,1,0,0,0,1,0,0,0,36,36
1.0,0.0,12546,0,0,0,0,28,0,0,0,0,0,0,0,0,0,0,0,0,1,0,0,0,1,0,0,0,37,95
1.0,0.0,12546,0,0,0,0,31,0,0,0,0,0,0,0,0,0,0,0,0,1,0,0,0,1,0,0,0,38,36
1.0,0.0,-1,-1,-1,0,0,5,0,0,0,0,0,0,0,0,0,0,0,0,1,0,0,0,1,0,0,0,24,24
1.0,0.0,-1,-1,-1,0,0,4,0,0,0,0,0,0,0,0,0,0,0,0,1,0,0,0,1,0,0,0,24,24
1.0,0.0,-1,-1,-1,0,0,4,0,0,0,0,0,0,0,0,0,0,0,0,1,0,0,0,1,0,0,0,24,24
1.0,0.0,-1,-1,-1,0,0,4,0,0,0,0,0,0,0,0,0,0,0,0,1,0,0,0,1,0,0,0,24,24
1.0,0.0,-1,-1,-1,0,0,4,0,0,0,0,0,0,0,0,0,0,0,0,1,0,0,0,1,0,0,0,24,24
1.0,0.0,-1,-1,-1,0,0,4,0,0,0,0,0,0,0,0,0,0,0,0,1,0,0,0,1,0,0,0,24,24
1.0,0.0,-1,-1,-1,0,0,4,0,0,0,0,0,0,0,0,0,0,0,0,1,0,0,0,1,0,0,0,24,24
1.0,0.0,-1,-1,-1,0,0,4,0,0,0,0,0,0,0,0,0,0,0,0,1,0,0,0,1,0,0,0,24,24
1.0,0.0,-1,-1,-1,0,0,4,0,0,0,0,0,0,0,0,0,0,0,0,1,0,0,0,1,0,0,0,24,24
1.0,0.0,12546,0,0,0,0,15,0,0,0,0,0,0,0,0,0,0,0,0,1,0,0,0,1,0,0,0,39,32
1.0,0.0,12546,0,0,0,0,22,0,0,0,0,0,0,0,0,0,0,0,0,1,0,0,0,1,0,0,0,42,39
1.0,0.0,12546,0,0,0,0,22,0,0,0,0,0,0,0,0,0,0,0,0,1,0,0,0,1,0,0,0,42,39
1.0,0.0,12546,0,0,0,0,31,0,0,0,0,0,0,0,0,0,0,0,0,1,0,0,0,1,0,0,0,51,39
1.0,0.0,12546,0,0,0,0,31,0,0,0,0,0,0,0,0,0,0,0,0,1,0,0,0,1,0,0,0,52,39
1.0,0.0,12546,0,0,0,0,16,0,0,0,0,0,0,0,0,0,0,0,0,1,0,0,0,1,0,0,0,40,39
1.0,0.0,12546,0,0,0,0,22,0,0,0,0,0,0,0,0,0,0,0,0,1,0,0,0,1,0,0,0,42,39
1.0,0.0,12546,0,0,0,0,28,0,0,0,0,0,0,0,0,0,0,0,0,1,0,0,0,1,0,0,0,41,39
1.0,0.0,12546,0,0,2,0,20,0,0,0,0,0,0,0,0,0,0,0,0,1,0,0,0,1,0,0,0,18,41
1.0,0.0,12546,0,0,0,0,28,0,0,0,0,0,0,0,0,0,0,0,0,1,0,0,0,1,0,0,0,41,39
1.0,0.0,12546,0,0,2,0,20,0,0,0,0,0,0,0,0,0,0,0,0,1,0,0,0,1,0,0,0,18,41
1.0,0.0,12546,0,0,0,0,28,0,0,0,0,0,0,0,0,0,0,0,0,1,0,0,0,1,0,0,0,41,39
1.0,0.0,12546,0,0,2,0,20,0,0,0,0,0,0,0,0,0,0,0,0,1,0,0,0,1,0,0,0,18,41
1.0,0.0,12546,0,0,0,0,20,0,0,0,0,0,0,0,0,0,0,0,0,1,0,0,0,1,0,0,0,16,39
1.0,0.0,12546,0,0,0,0,16,0,0,0,0,0,0,0,0,0,0,0,0,1,0,0,0,1,0,0,0,40,39
1.0,0.0,12546,0,0,2,0,31,0,0,0,0,0,0,0,0,0,0,0,0,1,0,0,0,1,0,0,0,16,39
1.0,0.0,12546,0,0,0,0,40,0,0,0,0,0,0,0,0,0,0,0,0,1,0,0,0,1,0,0,0,53,39
1.0,0.0,12546,0,0,0,0,16,0,0,0,0,0,0,0,0,0,0,0,0,1,0,0,0,1,0,0,0,40,39
1.0,0.0,12546,0,0,0,0,40,0,0,0,0,0,0,0,0,0,0,0,0,1,0,0,0,1,0,0,0,53,39
1.0,0.0,12546,0,0,0,0,40,0,0,0,0,0,0,0,0,0,0,0,0,1,0,0,0,1,0,0,0,53,39
1.0,0.0,12546,0,0,0,0,22,0,0,0,0,0,0,0,0,0,0,0,0,1,0,0,0,1,0,0,0,42,39
1.0,0.0,12546,0,0,0,0,16,0,0,0,0,0,0,0,0,0,0,0,0,1,0,0,0,1,0,0,0,19,39
1.0,0.0,12546,0,0,0,0,16,0,0,0,0,0,0,0,0,0,0,0,0,1,0,0,0,1,0,0,0,54,39
1.0,0.0,12546,0,0,0,0,16,0,0,0,0,0,0,0,0,0,0,0,0,1,0,0,0,1,0,0,0,55,39
1.0,0.0,12546,0,0,0,0,16,0,0,0,0,0,0,0,0,0,0,0,0,1,0,0,0,1,0,0,0,56,39
1.0,0.0,12546,0,0,0,0,16,0,0,0,0,0,0,0,0,0,0,0,0,1,0,0,0,1,0,0,0,57,39
1.0,0.0,-1,-1,-1,0,0,4,0,0,0,0,0,0,0,0,0,0,0,0,1,0,0,0,1,0,0,0,24,24
1.0,0.0,-1,-1,-1,0,0,4,0,0,0,0,0,0,0,0,0,0,0,0,1,0,0,0,1,0,0,0,24,24
1.0,0.0,-1,-1,-1,0,0,4,0,0,0,0,0,0,0,0,0,0,0,0,1,0,0,0,1,0,0,0,24,24
1.0,0.0,-1,-1,-1,0,0,4,0,0,0,0,0,0,0,0,0,0,0,0,1,0,0,0,1,0,0,0,24,24
1.0,0.0,-1,-1,-1,0,0,4,0,0,0,0,0,0,0,0,0,0,0,0,1,0,0,0,1,0,0,0,24,24
1.0,0.0,-1,-1,-1,0,0,4,0,0,0,0,0,0,0,0,0,0,0,0,1,0,0,0,1,0,0,0,24,24
1.0,0.0,-1,-1,-1,0,0,4,0,0,0,0,0,0,0,0,0,0,0,0,1,0,0,0,1,0,0,0,24,24
1.0,0.0,-1,-1,-1,0,0,4,0,0,0,0,0,0,0,0,0,0,0,0,1,0,0,0,1,0,0,0,24,24
1.0,0.0,-1,-1,-1,0,0,4,0,0,0,0,0,0,0,0,0,0,0,0,1,0,0,0,1,0,0,0,24,24
1.0,0.0,12546,0,0,0,0,23,0,0,0,0,0,0,0,0,0,0,0,0,1,0,0,0,1,0,0,0,38,36
1.0,0.0,-1,-1,-1,0,0,5,0,0,0,0,0,0,0,0,0,0,0,0,1,0,0,0,1,0,0,0,24,24
1.0,0.0,0,0,0,0,0,24,0,0,0,0,0,0,0,0,0,0,0,0,1,0,0,0,1,0,0,0,34,36
1.0,0.0,-1,-1,-1,0,0,5,0,0,0,0,0,0,0,0,0,0,0,0,1,0,0,0,1,0,0,0,24,24
1.0,0.0,0,0,0,0,0,16,0,0,0,0,0,0,0,0,0,0,0,0,1,0,0,0,1,0,0,0,3,5
1.0,0.0,0,0,0,0,0,16,0,0,0,0,0,0,0,0,0,0,0,0,1,0,0,0,1,0,0,0,4,5
1.0,0.0,0,12288,0,0,0,16,0,0,0,0,0,0,0,0,0,0,0,0,1,0,0,0,1,0,0,0,5,5
1.0,0.0,0,0,0,0,0,19,0,0,0,0,0,0,0,0,0,0,0,0,1,0,0,0,1,0,0,0,32,32
1.0,0.0,-1,-1,-1,0,0,4,0,0,0,0,0,0,0,0,0,0,0,0,1,0,0,0,1,0,0,0,24,24
1.0,0.0,-1,-1,-1,0,0,4,0,0,0,0,0,0,0,0,0,0,0,0,1,0,0,0,1,0,0,0,24,24
1.0,0.0,-1,-1,-1,0,0,4,0,0,0,0,0,0,0,0,0,0,0,0,1,0,0,0,1,0,0,0,24,24
1.0,0.0,-1,-1,-1,0,0,4,0,0,0,0,0,0,0,0,0,0,0,0,1,0,0,0,1,0,0,0,24,24
1.0,0.0,-1,-1,-1,0,0,4,0,0,0,0,0,0,0,0,0,0,0,0,1,0,0,0,1,0,0,0,24,24
1.0,0.0,65534,0,0,0,0,19,0,0,0,0,0,0,0,0,0,0,0,0,1,0,0,0,1,0,0,0,33,32
1.0,0.0,-1,-1,-1,0,0,4,0,0,0,0,0,0,0,0,0,0,0,0,1,0,0,0,1,0,0,0,24,24
1.0,0.0,-1,-1,-1,0,0,4,0,0,0,0,0,0,0,0,0,0,0,0,1,0,0,0,1,0,0,0,24,24
1.0,0.0,-1,-1,-1,0,0,4,0,0,0,0,0,0,0,0,0,0,0,0,1,0,0,0,1,0,0,0,24,24
1.0,0.0,-1,-1,-1,0,0,4,0,0,0,0,0,0,0,0,0,0,0,0,1,0,0,0,1,0,0,0,24,24
1.0,0.0,-1,-1,-1,0,0,4,0,0,0,0,0,0,0,0,0,0,0,0,1,0,0,0,1,0,0,0,24,24
1.0,0.0,0,-1,5,0,0,10,0,0,0,0,0,0,0,0,0,0,0,0,1,0,0,0,1,0,0,0,32,32
1.0,0.0,-1,-1,-1,0,0,5,0,0,0,0,0,0,0,0,0,0,0,0,1,0,0,0,1,0,0,0,24,24
1.0,0.0,0,0,0,0,0,24,0,0,0,0,0,0,0,0,0,0,0,0,1,0,0,0,1,0,0,0,34,36
1.0,0.0,-1,-1,-1,0,0,5,0,0,0,0,0,0,0,0,0,0,0,0,1,0,0,0,1,0,0,0,24,24
1.0,0.0,0,-1,5,0,0,9,0,0,0,0,0,0,0,0,0,0,0,0,1,0,0,0,1,0,0,0,35,36
1.0,0.0,-1,-1,-1,0,0,5,0,0,0,0,0,0,0,0,0,0,0,0,1,0,0,0,1,0,0,0,24,24
1.0,0.0,12571,0,0,0,0,20,0,0,0,0,0,0,0,0,0,0,0,0,1,0,0,0,1,0,0,0,36,36
1.0,0.0,12571,0,0,0,0,28,0,0,0,0,0,0,0,0,0,0,0,0,1,0,0,0,1,0,0,0,37,95
1.0,0.0,12571,0,0,0,0,31,0,0,0,0,0,0,0,0,0,0,0,0,1,0,0,0,1,0,0,0,38,36
1.0,0.0,-1,-1,-1,0,0,5,0,0,0,0,0,0,0,0,0,0,0,0,1,0,0,0,1,0,0,0,24,24
1.0,0.0,-1,-1,-1,0,0,4,0,0,0,0,0,0,0,0,0,0,0,0,1,0,0,0,1,0,0,0,24,24
1.0,0.0,-1,-1,-1,0,0,4,0,0,0,0,0,0,0,0,0,0,0,0,1,0,0,0,1,0,0,0,24,24
1.0,0.0,-1,-1,-1,0,0,4,0,0,0,0,0,0,0,0,0,0,0,0,1,0,0,0,1,0,0,0,24,24
1.0,0.0,-1,-1,-1,0,0,4,0,0,0,0,0,0,0,0,0,0,0,0,1,0,0,0,1,0,0,0,24,24
1.0,0.0,-1,-1,-1,0,0,4,0,0,0,0,0,0,0,0,0,0,0,0,1,0,0,0,1,0,0,0,24,24
1.0,0.0,0,0,0,0,0,38,0,0,0,0,0,0,0,0,0,0,0,0,1,0,0,0,1,0,0,0,5,92
1.0,0.0,0,0,0,0,0,28,0,0,0,0,0,0,0,0,0,0,0,0,1,0,0,0,1,0,0,0,15,5
1.0,0.0,-1,-1,-1,0,0,4,0,0,0,0,0,0,0,0,0,0,0,0,1,0,0,0,1,0,0,0,24,24
1.0,0.0,-1,-1,-1,0,0,4,0,0,0,0,0,0,0,0,0,0,0,0,1,0,0,0,1,0,0,0,24,24
1.0,0.0,0,0,0,0,0,28,0,0,0,0,0,0,0,0,0,0,0,0,1,0,0,0,1,0,0,0,50,5
1.0,0.0,-1,-1,-1,0,0,4,0,0,0,0,0,0,0,0,0,0,0,0,1,0,0,0,1,0,0,0,24,24
1.0,0.0,0,0,0,0,0,21,0,0,0,0,0,0,0,0,0,0,0,0,1,0,0,0,1,0,0,0,18,5
1.0,0.0,12571,0,0,0,0,19,0,0,0,0,0,0,0,0,0,0,0,0,1,0,0,0,1,0,0,0,39,32
1.0,0.0,0,0,0,0,0,16,0,0,0,0,0,0,0,0,0,0,0,0,1,0,0,0,1,0,0,0,19,5
1.0,0.0,12571,0,0,0,0,22,0,0,0,0,0,0,0,0,0,0,0,0,1,0,0,0,1,0,0,0,42,39
1.0,0.0,12571,0,0,0,0,22,0,0,0,0,0,0,0,0,0,0,0,0,1,0,0,0,1,0,0,0,42,39
1.0,0.0,0,0,0,0,0,20,0,0,0,0,0,0,0,0,0,0,0,0,1,0,0,0,1,0,0,0,3,5
1.0,0.0,0,0,0,0,0,18,0,0,0,0,0,0,0,0,0,0,0,0,1,0,0,0,1,0,0,0,3,5
1.0,0.0,12571,0,0,0,0,31,0,0,0,0,0,0,0,0,0,0,0,0,1,0,0,0,1,0,0,0,51,39
1.0,0.0,0,0,0,0,0,22,0,0,0,0,0,0,0,0,0,0,0,0,1,0,0,0,1,0,0,0,16,5
1.0,0.0,0,0,0,0,0,16,0,0,0,0,0,0,0,0,0,0,0,0,1,0,0,0,1,0,0,0,17,5
1.0,0.0,0,0,0,0,0,16,0,0,0,0,0,0,0,0,0,0,0,0,1,0,0,0,1,0,0,0,4,5
1.0,0.0,0,12288,0,0,0,16,0,0,0,0,0,0,0,0,0,0,0,0,1,0,0,0,1,0,0,0,5,5
1.0,0.0,12571,0,0,0,0,31,0,0,0,0,0,0,0,0,0,0,0,0,1,0,0,0,1,0,0,0,52,39
1.0,0.0,12571,0,0,0,0,16,0,0,0,0,0,0,0,0,0,0,0,0,1,0,0,0,1,0,0,0,40,39
1.0,0.0,12571,0,0,0,0,22,0,0,0,0,0,0,0,0,0,0,0,0,1,0,0,0,1,0,0,0,42,39
1.0,0.0,12571,0,0,0,0,28,0,0,0,0,0,0,0,0,0,0,0,0,1,0,0,0,1,0,0,0,41,39
1.0,0.0,12571,0,0,2,0,20,0,0,0,0,0,0,0,0,0,0,0,0,1,0,0,0,1,0,0,0,18,41
1.0,0.0,12571,0,0,0,0,28,0,0,0,0,0,0,0,0,0,0,0,0,1,0,0,0,1,0,0,0,41,39
1.0,0.0,12571,0,0,2,0,20,0,0,0,0,0,0,0,0,0,0,0,0,1,0,0,0,1,0,0,0,18,41
1.0,0.0,12571,0,0,0,0,28,0,0,0,0,0,0,0,0,0,0,0,0,1,0,0,0,1,0,0,0,41,39
1.0,0.0,12571,0,0,2,0,20,0,0,0,0,0,0,0,0,0,0,0,0,1,0,0,0,1,0,0,0,18,41
1.0,0.0,12571,0,0,0,0,20,0,0,0,0,0,0,0,0,0,0,0,0,1,0,0,0,1,0,0,0,16,39
1.0,0.0,12571,0,0,0,0,16,0,0,0,0,0,0,0,0,0,0,0,0,1,0,0,0,1,0,0,0,40,39
1.0,0.0,12571,0,0,2,0,31,0,0,0,0,0,0,0,0,0,0,0,0,1,0,0,0,1,0,0,0,16,39
1.0,0.0,12571,0,0,0,0,40,0,0,0,0,0,0,0,0,0,0,0,0,1,0,0,0,1,0,0,0,53,39
1.0,0.0,12571,0,0,0,0,16,0,0,0,0,0,0,0,0,0,0,0,0,1,0,0,0,1,0,0,0,40,39
1.0,0.0,12571,0,0,0,0,40,0,0,0,0,0,0,0,0,0,0,0,0,1,0,0,0,1,0,0,0,53,39
1.0,0.0,12571,0,0,0,0,40,0,0,0,0,0,0,0,0,0,0,0,0,1,0,0,0,1,0,0,0,53,39
1.0,0.0,12571,0,0,0,0,22,0,0,0,0,0,0,0,0,0,0,0,0,1,0,0,0,1,0,0,0,42,39
1.0,0.0,12571,0,0,0,0,25,0,0,0,0,0,0,0,0,0,0,0,0,1,0,0,0,1,0,0,0,58,39
1.0,0.0,12571,0,0,0,0,40,0,0,0,0,0,0,0,0,0,0,0,0,1,0,0,0,1,0,0,0,53,58
1.0,0.0,12571,0,0,0,0,16,0,0,0,0,0,0,0,0,0,0,0,0,1,0,0,0,1,0,0,0,40,58
1.0,0.0,12571,0,0,0,0,42,0,0,0,0,0,0,0,0,0,0,0,0,1,0,0,0,1,0,0,0,53,58
1.0,0.0,12571,0,0,0,0,57,0,0,0,0,0,0,0,0,0,0,0,0,1,0,0,0,1,0,0,0,59,58
1.0,0.0,0,0,0,0,0,16,0,0,0,0,0,0,0,0,0,0,0,0,1,0,0,0,1,0,0,0,3,5
1.0,0.0,0,0,0,0,0,16,0,0,0,0,0,0,0,0,0,0,0,0,1,0,0,0,1,0,0,0,4,5
1.0,0.0,0,12288,0,0,0,16,0,0,0,0,0,0,0,0,0,0,0,0,1,0,0,0,1,0,0,0,5,5
1.0,0.0,-1,-1,-1,0,0,4,0,0,0,0,0,0,0,0,0,0,0,0,1,0,0,0,1,0,0,0,24,24
1.0,0.0,-1,-1,-1,0,0,4,0,0,0,0,0,0,0,0,0,0,0,0,1,0,0,0,1,0,0,0,24,24
1.0,0.0,-1,-1,-1,0,0,4,0,0,0,0,0,0,0,0,0,0,0,0,1,0,0,0,1,0,0,0,24,24
1.0,0.0,-1,-1,-1,0,0,4,0,0,0,0,0,0,0,0,0,0,0,0,1,0,0,0,1,0,0,0,24,24
1.0,0.0,-1,-1,-1,0,0,4,0,0,0,0,0,0,0,0,0,0,0,0,1,0,0,0,1,0,0,0,24,24
1.0,0.0,-1,-1,-1,0,0,4,0,0,0,0,0,0,0,0,0,0,0,0,1,0,0,0,1,0,0,0,24,24
1.0,0.0,-1,-1,-1,0,0,4,0,0,0,0,0,0,0,0,0,0,0,0,1,0,0,0,1,0,0,0,24,24
1.0,0.0,-1,-1,-1,0,0,4,0,0,0,0,0,0,0,0,0,0,0,0,1,0,0,0,1,0,0,0,24,24
1.0,0.0,-1,-1,-1,0,0,4,0,0,0,0,0,0,0,0,0,0,0,0,1,0,0,0,1,0,0,0,24,24
1.0,0.0,12571,0,0,0,0,23,0,0,0,0,0,0,0,0,0,0,0,0,1,0,0,0,1,0,0,0,38,36
1.0,0.0,-1,-1,-1,0,0,5,0,0,0,0,0,0,0,0,0,0,0,0,1,0,0,0,1,0,0,0,24,24
1.0,0.0,0,0,0,0,0,24,0,0,0,0,0,0,0,0,0,0,0,0,1,0,0,0,1,0,0,0,34,36
1.0,0.0,-1,-1,-1,0,0,5,0,0,0,0,0,0,0,0,0,0,0,0,1,0,0,0,1,0,0,0,24,24
1.0,0.0,0,0,0,0,0,16,0,0,0,0,0,0,0,0,0,0,0,0,1,0,0,0,1,0,0,0,3,5
1.0,0.0,0,0,0,0,0,16,0,0,0,0,0,0,0,0,0,0,0,0,1,0,0,0,1,0,0,0,4,5
1.0,0.0,0,12288,0,0,0,16,0,0,0,0,0,0,0,0,0,0,0,0,1,0,0,0,1,0,0,0,5,5
1.0,10.0,0,0,0,0,0,16,0,0,0,0,0,0,0,0,0,0,0,0,1,0,0,0,1,0,0,0,3,5
1.0,0.0,0,0,0,0,0,16,0,0,0,0,0,0,0,0,0,0,0,0,1,0,0,0,1,0,0,0,4,5
1.0,0.0,0,12288,0,0,0,16,0,0,0,0,0,0,0,0,0,0,0,0,1,0,0,0,1,0,0,0,5,5
1.0,0.0,0,0,0,0,0,16,0,0,0,0,0,0,0,0,0,0,0,0,1,0,0,0,1,0,0,0,3,5
1.0,0.0,0,0,0,0,0,16,0,0,0,0,0,0,0,0,0,0,0,0,1,0,0,0,1,0,0,0,4,5
1.0,0.0,0,12288,0,0,0,16,0,0,0,0,0,0,0,0,0,0,0,0,1,0,0,0,1,0,0,0,5,5
1.0,0.0,0,0,0,0,0,16,0,0,0,0,0,0,0,0,0,0,0,0,1,0,0,0,1,0,0,0,3,5
1.0,0.0,0,0,0,0,0,16,0,0,0,0,0,0,0,0,0,0,0,0,1,0,0,0,1,0,0,0,4,5
1.0,0.0,0,12288,0,0,0,16,0,0,0,0,0,0,0,0,0,0,0,0,1,0,0,0,1,0,0,0,5,5
1.0,0.0,0,0,0,0,0,16,0,0,0,0,0,0,0,0,0,0,0,0,1,0,0,0,1,0,0,0,3,5
1.0,0.0,0,0,0,0,0,16,0,0,0,0,0,0,0,0,0,0,0,0,1,0,0,0,1,0,0,0,4,5
1.0,0.0,0,12288,0,0,0,16,0,0,0,0,0,0,0,0,0,0,0,0,1,0,0,0,1,0,0,0,5,5
1.0,0.0,0,0,0,1,0,13,0,0,0,0,0,0,0,0,0,0,0,0,1,0,0,0,1,0,0,0,60,23
1.0,0.0,0,0,0,1,0,17,0,0,0,0,0,0,0,0,0,0,0,0,1,0,0,0,1,0,0,0,61,23
1.0,0.0,0,0,0,3,0,17,0,0,0,0,0,0,0,0,0,0,0,0,1,0,0,0,1,0,0,0,18,23
1.0,0.0,0,0,0,3,0,17,0,0,0,0,0,0,0,0,0,0,0,0,1,0,0,0,1,0,0,0,62,23
1.0,0.0,0,0,0,1,0,18,0,0,0,0,0,0,0,0,0,0,0,0,1,0,0,0,1,0,0,0,63,97
1.0,0.0,0,0,0,1,0,18,0,0,0,0,0,0,0,0,0,0,0,0,1,0,0,0,1,0,0,0,64,97
1.0,0.0,0,0,0,1,0,18,0,0,0,0,0,0,0,0,0,0,0,0,1,0,0,0,1,0,0,0,65,97
1.0,0.0,0,0,0,0,0,16,0,0,0,0,0,0,0,0,0,0,0,0,1,0,0,0,1,0,0,0,3,5
1.0,0.0,0,0,0,0,0,16,0,0,0,0,0,0,0,0,0,0,0,0,1,0,0,0,1,0,0,0,3,5
1.0,0.0,0,0,0,0,0,16,0,0,0,0,0,0,0,0,0,0,0,0,1,0,0,0,1,0,0,0,10,5
1.0,0.0,0,0,0,0,0,38,0,0,0,0,0,0,0,0,0,0,0,0,1,0,0,0,1,0,0,0,14,92
1.0,0.0,0,0,0,0,0,25,0,0,0,0,0,0,0,0,0,0,0,0,1,0,0,0,1,0,0,0,15,14
1.0,0.0,0,0,0,0,0,22,0,0,0,0,0,0,0,0,0,0,0,0,1,0,0,0,1,0,0,0,16,14
1.0,0.0,0,0,0,0,0,16,0,0,0,0,0,0,0,0,0,0,0,0,1,0,0,0,1,0,0,0,17,14
1.0,0.0,0,0,0,0,0,16,0,0,0,0,0,0,0,0,0,0,0,0,1,0,0,0,1,0,0,0,4,14
1.0,0.0,0,0,0,0,0,16,0,0,0,0,0,0,0,0,0,0,0,0,1,0,0,0,1,0,0,0,3,14
1.0,0.0,0,0,0,0,0,16,0,0,0,0,0,0,0,0,0,0,0,0,1,0,0,0,1,0,0,0,18,14
1.0,0.0,0,0,0,0,0,16,0,0,0,0,0,0,0,0,0,0,0,0,1,0,0,0,1,0,0,0,18,14
1.0,0.0,0,0,0,0,0,18,0,0,0,0,0,0,0,0,0,0,0,0,1,0,0,0,1,0,0,0,7,14
1.0,0.0,0,0,0,0,0,16,0,0,0,0,0,0,0,0,0,0,0,0,1,0,0,0,1,0,0,0,18,14
1.0,0.0,0,0,0,0,0,24,0,0,0,0,0,0,0,0,0,0,0,0,1,0,0,0,1,0,0,0,19,14
1.0,0.0,0,0,0,0,0,16,0,0,0,0,0,0,0,0,0,0,0,0,1,0,0,0,1,0,0,0,7,14
1.0,0.0,0,0,0,0,0,16,0,0,0,0,0,0,0,0,0,0,0,0,1,0,0,0,1,0,0,0,18,14
1.0,0.0,0,0,0,0,0,28,0,0,0,0,0,0,0,0,0,0,0,0,1,0,0,0,1,0,0,0,16,14
1.0,0.0,0,0,0,0,0,16,0,0,0,0,0,0,0,0,0,0,0,0,1,0,0,0,1,0,0,0,20,14
1.0,0.0,0,0,0,0,0,16,0,0,0,0,0,0,0,0,0,0,0,0,1,0,0,0,1,0,0,0,20,14
1.0,0.0,0,0,0,0,0,16,0,0,0,0,0,0,0,0,0,0,0,0,1,0,0,0,1,0,0,0,20,14
1.0,0.0,0,0,0,0,0,16,0,0,0,0,0,0,0,0,0,0,0,0,1,0,0,0,1,0,0,0,7,14
1.0,0.0,0,0,0,0,0,18,0,0,0,0,0,0,0,0,0,0,0,0,1,0,0,0,1,0,0,0,18,14
1.0,0.0,0,0,0,0,0,16,0,0,0,0,0,0,0,0,0,0,0,0,1,0,0,0,1,0,0,0,21,14
1.0,0.0,0,0,0,0,0,16,0,0,0,0,0,0,0,0,0,0,0,0,1,0,0,0,1,0,0,0,7,14
1.0,0.0,0,0,0,0,0,18,0,0,0,0,0,0,0,0,0,0,0,0,1,0,0,0,1,0,0,0,18,14
1.0,0.0,0,0,0,0,0,16,0,0,0,0,0,0,0,0,0,0,0,0,1,0,0,0,1,0,0,0,20,14
1.0,0.0,0,0,0,0,0,16,0,0,0,0,0,0,0,0,0,0,0,0,1,0,0,0,1,0,0,0,18,14
1.0,0.0,0,0,0,0,0,16,0,0,0,0,0,0,0,0,0,0,0,0,1,0,0,0,1,0,0,0,3,5
1.0,0.0,0,0,0,0,0,16,0,0,0,0,0,0,0,0,0,0,0,0,1,0,0,0,1,0,0,0,4,5
1.0,0.0,0,12288,0,0,0,16,0,0,0,0,0,0,0,0,0,0,0,0,1,0,0,0,1,0,0,0,5,5
1.0,0.0,994,-1,0,0,0,11,0,0,0,0,0,0,0,0,0,0,0,0,1,0,0,0,1,0,0,0,66,36
1.0,0.0,994,-1,0,0,0,11,0,0,0,0,0,0,0,0,0,0,0,0,1,0,0,0,1,0,0,0,66,36
1.0,0.0,0,0,0,0,0,19,0,0,0,0,0,0,0,0,0,0,0,0,1,0,0,0,1,0,0,0,32,32
1.0,0.0,-1,-1,-1,0,0,4,0,0,0,0,0,0,0,0,0,0,0,0,1,0,0,0,1,0,0,0,24,24
1.0,0.0,-1,-1,-1,0,0,4,0,0,0,0,0,0,0,0,0,0,0,0,1,0,0,0,1,0,0,0,24,24
1.0,0.0,-1,-1,-1,0,0,4,0,0,0,0,0,0,0,0,0,0,0,0,1,0,0,0,1,0,0,0,24,24
1.0,0.0,-1,-1,-1,0,0,4,0,0,0,0,0,0,0,0,0,0,0,0,1,0,0,0,1,0,0,0,24,24
1.0,0.0,-1,-1,-1,0,0,4,0,0,0,0,0,0,0,0,0,0,0,0,1,0,0,0,1,0,0,0,24,24
1.0,0.0,65534,0,0,0,0,19,0,0,0,0,0,0,0,0,0,0,0,0,1,0,0,0,1,0,0,0,33,32
1.0,0.0,-1,-1,-1,0,0,4,0,0,0,0,0,0,0,0,0,0,0,0,1,0,0,0,1,0,0,0,24,24
1.0,0.0,-1,-1,-1,0,0,4,0,0,0,0,0,0,0,0,0,0,0,0,1,0,0,0,1,0,0,0,24,24
1.0,0.0,-1,-1,-1,0,0,4,0,0,0,0,0,0,0,0,0,0,0,0,1,0,0,0,1,0,0,0,24,24
1.0,0.0,-1,-1,-1,0,0,4,0,0,0,0,0,0,0,0,0,0,0,0,1,0,0,0,1,0,0,0,24,24
1.0,0.0,-1,-1,-1,0,0,4,0,0,0,0,0,0,0,0,0,0,0,0,1,0,0,0,1,0,0,0,24,24
1.0,0.0,0,-1,5,0,0,10,0,0,0,0,0,0,0,0,0,0,0,0,1,0,0,0,1,0,0,0,32,32
1.0,0.0,-1,-1,-1,0,0,5,0,0,0,0,0,0,0,0,0,0,0,0,1,0,0,0,1,0,0,0,24,24
1.0,0.0,0,0,0,0,0,24,0,0,0,0,0,0,0,0,0,0,0,0,1,0,0,0,1,0,0,0,34,36
1.0,0.0,-1,-1,-1,0,0,5,0,0,0,0,0,0,0,0,0,0,0,0,1,0,0,0,1,0,0,0,24,24
1.0,0.0,0,-1,5,0,0,9,0,0,0,0,0,0,0,0,0,0,0,0,1,0,0,0,1,0,0,0,35,36
1.0,0.0,-1,-1,-1,0,0,5,0,0,0,0,0,0,0,0,0,0,0,0,1,0,0,0,1,0,0,0,24,24
1.0,0.0,12571,0,0,0,0,20,0,0,0,0,0,0,0,0,0,0,0,0,1,0,0,0,1,0,0,0,36,36
1.0,0.0,12571,0,0,0,0,28,0,0,0,0,0,0,0,0,0,0,0,0,1,0,0,0,1,0,0,0,37,95
1.0,0.0,12571,0,0,0,0,31,0,0,0,0,0,0,0,0,0,0,0,0,1,0,0,0,1,0,0,0,38,36
1.0,0.0,-1,-1,-1,0,0,5,0,0,0,0,0,0,0,0,0,0,0,0,1,0,0,0,1,0,0,0,24,24
1.0,0.0,-1,-1,-1,0,0,4,0,0,0,0,0,0,0,0,0,0,0,0,1,0,0,0,1,0,0,0,24,24
1.0,0.0,-1,-1,-1,0,0,4,0,0,0,0,0,0,0,0,0,0,0,0,1,0,0,0,1,0,0,0,24,24
1.0,0.0,-1,-1,-1,0,0,4,0,0,0,0,0,0,0,0,0,0,0,0,1,0,0,0,1,0,0,0,24,24
1.0,0.0,-1,-1,-1,0,0,4,0,0,0,0,0,0,0,0,0,0,0,0,1,0,0,0,1,0,0,0,24,24
1.0,0.0,-1,-1,-1,0,0,4,0,0,0,0,0,0,0,0,0,0,0,0,1,0,0,0,1,0,0,0,24,24
1.0,0.0,-1,-1,-1,0,0,4,0,0,0,0,0,0,0,0,0,0,0,0,1,0,0,0,1,0,0,0,24,24
1.0,0.0,-1,-1,-1,0,0,4,0,0,0,0,0,0,0,0,0,0,0,0,1,0,0,0,1,0,0,0,24,24
1.0,0.0,-1,-1,-1,0,0,4,0,0,0,0,0,0,0,0,0,0,0,0,1,0,0,0,1,0,0,0,24,24
1.0,0.0,12571,0,0,0,0,19,0,0,0,0,0,0,0,0,0,0,0,0,1,0,0,0,1,0,0,0,39,32
1.0,0.0,12571,0,0,0,0,22,0,0,0,0,0,0,0,0,0,0,0,0,1,0,0,0,1,0,0,0,42,39
1.0,0.0,12571,0,0,0,0,22,0,0,0,0,0,0,0,0,0,0,0,0,1,0,0,0,1,0,0,0,42,39
1.0,0.0,12571,0,0,0,0,31,0,0,0,0,0,0,0,0,0,0,0,0,1,0,0,0,1,0,0,0,51,39
1.0,0.0,12571,0,0,0,0,31,0,0,0,0,0,0,0,0,0,0,0,0,1,0,0,0,1,0,0,0,52,39
1.0,0.0,12571,0,0,0,0,16,0,0,0,0,0,0,0,0,0,0,0,0,1,0,0,0,1,0,0,0,40,39
1.0,0.0,12571,0,0,0,0,22,0,0,0,0,0,0,0,0,0,0,0,0,1,0,0,0,1,0,0,0,42,39
1.0,0.0,12571,0,0,0,0,28,0,0,0,0,0,0,0,0,0,0,0,0,1,0,0,0,1,0,0,0,41,39
1.0,0.0,12571,0,0,2,0,20,0,0,0,0,0,0,0,0,0,0,0,0,1,0,0,0,1,0,0,0,18,41
1.0,0.0,12571,0,0,0,0,28,0,0,0,0,0,0,0,0,0,0,0,0,1,0,0,0,1,0,0,0,41,39
1.0,0.0,12571,0,0,2,0,20,0,0,0,0,0,0,0,0,0,0,0,0,1,0,0,0,1,0,0,0,18,41
1.0,0.0,12571,0,0,0,0,28,0,0,0,0,0,0,0,0,0,0,0,0,1,0,0,0,1,0,0,0,41,39
1.0,0.0,12571,0,0,2,0,20,0,0,0,0,0,0,0,0,0,0,0,0,1,0,0,0,1,0,0,0,18,41
1.0,0.0,12571,0,0,0,0,20,0,0,0,0,0,0,0,0,0,0,0,0,1,0,0,0,1,0,0,0,16,39
1.0,0.0,12571,0,0,0,0,16,0,0,0,0,0,0,0,0,0,0,0,0,1,0,0,0,1,0,0,0,40,39
1.0,0.0,12571,0,0,2,0,31,0,0,0,0,0,0,0,0,0,0,0,0,1,0,0,0,1,0,0,0,16,39
1.0,0.0,12571,0,0,0,0,40,0,0,0,0,0,0,0,0,0,0,0,0,1,0,0,0,1,0,0,0,53,39
1.0,0.0,12571,0,0,0,0,16,0,0,0,0,0,0,0,0,0,0,0,0,1,0,0,0,1,0,0,0,40,39
1.0,0.0,12571,0,0,0,0,40,0,0,0,0,0,0,0,0,0,0,0,0,1,0,0,0,1,0,0,0,53,39
1.0,0.0,12571,0,0,0,0,40,0,0,0,0,0,0,0,0,0,0,0,0,1,0,0,0,1,0,0,0,53,39
1.0,0.0,12571,0,0,0,0,22,0,0,0,0,0,0,0,0,0,0,0,0,1,0,0,0,1,0,0,0,42,39
1.0,0.0,12571,0,0,0,0,25,0,0,0,0,0,0,0,0,0,0,0,0,1,0,0,0,1,0,0,0,58,39
1.0,0.0,12571,0,0,0,0,40,0,0,0,0,0,0,0,0,0,0,0,0,1,0,0,0,1,0,0,0,53,58
1.0,0.0,12571,0,0,0,0,16,0,0,0,0,0,0,0,0,0,0,0,0,1,0,0,0,1,0,0,0,40,58
1.0,0.0,12571,0,0,0,0,42,0,0,0,0,0,0,0,0,0,0,0,0,1,0,0,0,1,0,0,0,53,58
1.0,0.0,12571,0,0,0,0,57,0,0,0,0,0,0,0,0,0,0,0,0,1,0,0,0,1,0,0,0,59,58
1.0,0.0,0,0,0,0,0,16,0,0,0,0,0,0,0,0,0,0,0,0,1,0,0,0,1,0,0,0,3,5
1.0,0.0,0,0,0,0,0,16,0,0,0,0,0,0,0,0,0,0,0,0,1,0,0,0,1,0,0,0,3,5
1.0,0.0,0,0,0,0,0,16,0,0,0,0,0,0,0,0,0,0,0,0,1,0,0,0,1,0,0,0,10,5
1.0,0.0,-1,-1,-1,0,0,4,0,0,0,0,0,0,0,0,0,0,0,0,1,0,0,0,1,0,0,0,24,24
1.0,0.0,-1,-1,-1,0,0,4,0,0,0,0,0,0,0,0,0,0,0,0,1,0,0,0,1,0,0,0,24,24
1.0,0.0,-1,-1,-1,0,0,4,0,0,0,0,0,0,0,0,0,0,0,0,1,0,0,0,1,0,0,0,24,24
1.0,0.0,-1,-1,-1,0,0,4,0,0,0,0,0,0,0,0,0,0,0,0,1,0,0,0,1,0,0,0,24,24
1.0,0.0,-1,-1,-1,0,0,4,0,0,0,0,0,0,0,0,0,0,0,0,1,0,0,0,1,0,0,0,24,24
1.0,0.0,-1,-1,-1,0,0,4,0,0,0,0,0,0,0,0,0,0,0,0,1,0,0,0,1,0,0,0,24,24
1.0,0.0,-1,-1,-1,0,0,4,0,0,0,0,0,0,0,0,0,0,0,0,1,0,0,0,1,0,0,0,24,24
1.0,0.0,-1,-1,-1,0,0,4,0,0,0,0,0,0,0,0,0,0,0,0,1,0,0,0,1,0,0,0,24,24
1.0,0.0,-1,-1,-1,0,0,4,0,0,0,0,0,0,0,0,0,0,0,0,1,0,0,0,1,0,0,0,24,24
1.0,0.0,12571,0,0,0,0,23,0,0,0,0,0,0,0,0,0,0,0,0,1,0,0,0,1,0,0,0,38,36
1.0,0.0,-1,-1,-1,0,0,5,0,0,0,0,0,0,0,0,0,0,0,0,1,0,0,0,1,0,0,0,24,24
1.0,0.0,0,0,0,0,0,24,0,0,0,0,0,0,0,0,0,0,0,0,1,0,0,0,1,0,0,0,34,36
1.0,0.0,-1,-1,-1,0,0,5,0,0,0,0,0,0,0,0,0,0,0,0,1,0,0,0,1,0,0,0,24,24
1.0,0.0,0,0,0,0,0,21,0,0,0,0,0,0,0,0,0,0,0,0,1,0,0,0,1,0,0,0,49,96
1.0,10.0,0,0,0,1,0,32,0,0,0,0,0,0,0,0,0,0,0,0,1,0,0,0,1,0,0,0,6,25
1.0,0.0,0,0,0,1,0,33,0,0,0,0,0,0,0,0,0,0,0,0,1,0,0,0,1,0,0,0,67,25
1.0,0.0,0,0,0,1,0,27,0,0,0,0,0,0,0,0,0,0,0,0,1,0,0,0,1,0,0,0,68,67
1.0,0.0,-1,-1,-1,0,0,4,0,0,0,0,0,0,0,0,0,0,0,0,1,0,0,0,1,0,0,0,24,24
1.0,0.0,-1,-1,-1,0,0,4,0,0,0,0,0,0,0,0,0,0,0,0,1,0,0,0,1,0,0,0,24,24
1.0,0.0,12031,0,0,1,0,20,0,0,0,0,0,0,0,0,0,0,0,0,1,0,0,0,1,0,0,0,39,68
1.0,0.0,12031,0,0,1,0,26,0,0,0,0,0,0,0,0,0,0,0,0,1,0,0,0,1,0,0,0,69,68
1.0,0.0,0,0,0,4,0,41,0,0,0,0,0,0,0,0,0,0,0,0,1,0,0,0,1,0,0,0,6,25
1.0,0.0,12031,0,0,1,0,13,0,0,0,0,0,0,0,0,0,0,0,0,1,0,0,0,1,0,0,0,3,69
1.0,0.0,0,0,0,4,0,42,0,0,0,0,0,0,0,0,0,0,0,0,1,0,0,0,1,0,0,0,67,25
1.0,0.0,0,0,0,5,0,39,0,0,0,0,0,0,0,0,0,0,0,0,1,0,0,0,1,0,0,0,68,67
1.0,0.0,12031,0,0,1,0,13,0,0,0,0,0,0,0,0,0,0,0,0,1,0,0,0,1,0,0,0,70,69
1.0,0.0,12031,0,0,1,0,13,0,0,0,0,0,0,0,0,0,0,0,0,1,0,0,0,1,0,0,0,18,69
1.0,0.0,-1,-1,-1,0,0,4,0,0,0,0,0,0,0,0,0,0,0,0,1,0,0,0,1,0,0,0,24,24
1.0,0.0,-1,-1,-1,0,0,4,0,0,0,0,0,0,0,0,0,0,0,0,1,0,0,0,1,0,0,0,24,24
1.0,0.0,0,0,0,5,0,32,0,0,0,0,0,0,0,0,0,0,0,0,1,0,0,0,1,0,0,0,39,68
1.0,0.0,0,0,0,5,0,40,0,0,0,0,0,0,0,0,0,0,0,0,1,0,0,0,1,0,0,0,71,68
1.0,0.0,0,0,0,1,0,47,0,0,0,0,0,0,0,0,0,0,0,0,1,0,0,0,1,0,0,0,6,25
1.0,0.0,0,0,0,1,0,48,0,0,0,0,0,0,0,0,0,0,0,0,1,0,0,0,1,0,0,0,67,25
1.0,0.0,0,0,0,1,0,45,0,0,0,0,0,0,0,0,0,0,0,0,1,0,0,0,1,0,0,0,68,67
1.0,0.0,-1,-1,-1,0,0,4,0,0,0,0,0,0,0,0,0,0,0,0,1,0,0,0,1,0,0,0,24,24
1.0,0.0,-1,-1,-1,0,0,4,0,0,0,0,0,0,0,0,0,0,0,0,1,0,0,0,1,0,0,0,24,24
1.0,0.0,0,0,0,1,0,38,0,0,0,0,0,0,0,0,0,0,0,0,1,0,0,0,1,0,0,0,39,68
1.0,0.0,0,0,0,1,0,46,0,0,0,0,0,0,0,0,0,0,0,0,1,0,0,0,1,0,0,0,71,68
1.0,0.0,0,0,0,1,0,38,0,0,0,0,0,0,0,0,0,0,0,0,1,0,0,0,1,0,0,0,6,25
1.0,0.0,0,0,0,1,0,39,0,0,0,0,0,0,0,0,0,0,0,0,1,0,0,0,1,0,0,0,67,25
1.0,0.0,0,0,0,1,0,33,0,0,0,0,0,0,0,0,0,0,0,0,1,0,0,0,1,0,0,0,68,67
1.0,0.0,-1,-1,-1,0,0,4,0,0,0,0,0,0,0,0,0,0,0,0,1,0,0,0,1,0,0,0,24,24
1.0,0.0,-1,-1,-1,0,0,4,0,0,0,0,0,0,0,0,0,0,0,0,1,0,0,0,1,0,0,0,24,24
1.0,0.0,0,0,0,1,0,26,0,0,0,0,0,0,0,0,0,0,0,0,1,0,0,0,1,0,0,0,39,68
1.0,0.0,0,0,0,1,0,34,0,0,0,0,0,0,0,0,0,0,0,0,1,0,0,0,1,0,0,0,71,68
1.0,0.0,0,0,0,1,0,32,0,0,0,0,0,0,0,0,0,0,0,0,1,0,0,0,1,0,0,0,6,25
1.0,0.0,0,0,0,1,0,33,0,0,0,0,0,0,0,0,0,0,0,0,1,0,0,0,1,0,0,0,67,25
1.0,0.0,0,0,0,1,0,27,0,0,0,0,0,0,0,0,0,0,0,0,1,0,0,0,1,0,0,0,68,67
1.0,0.0,-1,-1,-1,0,0,4,0,0,0,0,0,0,0,0,0,0,0,0,1,0,0,0,1,0,0,0,24,24
1.0,0.0,-1,-1,-1,0,0,4,0,0,0,0,0,0,0,0,0,0,0,0,1,0,0,0,1,0,0,0,24,24
1.0,0.0,0,0,0,1,0,20,0,0,0,0,0,0,0,0,0,0,0,0,1,0,0,0,1,0,0,0,39,68
1.0,0.0,0,0,0,1,0,26,0,0,0,0,0,0,0,0,0,0,0,0,1,0,0,0,1,0,0,0,72,68
1.0,0.0,0,0,0,1,0,13,0,0,0,0,0,0,0,0,0,0,0,0,1,0,0,0,1,0,0,0,73,72
1.0,0.0,0,0,0,1,0,32,0,0,0,0,0,0,0,0,0,0,0,0,1,0,0,0,1,0,0,0,6,25
1.0,0.0,0,0,0,1,0,13,0,0,0,0,0,0,0,0,0,0,0,0,1,0,0,0,1,0,0,0,18,72
1.0,0.0,0,0,0,1,0,13,0,0,0,0,0,0,0,0,0,0,0,0,1,0,0,0,1,0,0,0,74,72
1.0,0.0,0,0,0,1,0,33,0,0,0,0,0,0,0,0,0,0,0,0,1,0,0,0,1,0,0,0,67,25
1.0,0.0,0,0,0,1,0,27,0,0,0,0,0,0,0,0,0,0,0,0,1,0,0,0,1,0,0,0,68,67
1.0,0.0,-1,-1,-1,0,0,4,0,0,0,0,0,0,0,0,0,0,0,0,1,0,0,0,1,0,0,0,24,24
1.0,0.0,-1,-1,-1,0,0,4,0,0,0,0,0,0,0,0,0,0,0,0,1,0,0,0,1,0,0,0,24,24
1.0,0.0,12031,0,0,1,0,20,0,0,0,0,0,0,0,0,0,0,0,0,1,0,0,0,1,0,0,0,39,68
1.0,0.0,12031,0,0,1,0,26,0,0,0,0,0,0,0,0,0,0,0,0,1,0,0,0,1,0,0,0,75,68
1.0,0.0,12031,0,0,1,0,13,0,0,0,0,0,0,0,0,0,0,0,0,1,0,0,0,1,0,0,0,76,75
1.0,0.0,12031,0,0,1,0,13,0,0,0,0,0,0,0,0,0,0,0,0,1,0,0,0,1,0,0,0,74,75
1.0,0.0,0,0,0,1,0,32,0,0,0,0,0,0,0,0,0,0,0,0,1,0,0,0,1,0,0,0,6,25
1.0,0.0,0,0,0,1,0,33,0,0,0,0,0,0,0,0,0,0,0,0,1,0,0,0,1,0,0,0,67,25
1.0,0.0,0,0,0,1,0,27,0,0,0,0,0,0,0,0,0,0,0,0,1,0,0,0,1,0,0,0,68,67
1.0,0.0,-1,-1,-1,0,0,4,0,0,0,0,0,0,0,0,0,0,0,0,1,0,0,0,1,0,0,0,24,24
1.0,0.0,-1,-1,-1,0,0,4,0,0,0,0,0,0,0,0,0,0,0,0,1,0,0,0,1,0,0,0,24,24
1.0,0.0,0,0,0,1,0,32,0,0,0,0,0,0,0,0,0,0,0,0,1,0,0,0,1,0,0,0,6,25
1.0,0.0,-1,-1,-1,0,0,4,0,0,0,0,0,0,0,0,0,0,0,0,1,0,0,0,1,0,0,0,24,24
1.0,0.0,0,0,0,1,0,33,0,0,0,0,0,0,0,0,0,0,0,0,1,0,0,0,1,0,0,0,67,25
1.0,0.0,0,0,0,1,0,27,0,0,0,0,0,0,0,0,0,0,0,0,1,0,0,0,1,0,0,0,68,67
1.0,0.0,-1,-1,-1,0,0,4,0,0,0,0,0,0,0,0,0,0,0,0,1,0,0,0,1,0,0,0,24,24
1.0,0.0,-1,-1,-1,0,0,4,0,0,0,0,0,0,0,0,0,0,0,0,1,0,0,0,1,0,0,0,24,24
1.0,0.0,0,0,0,1,0,20,0,0,0,0,0,0,0,0,0,0,0,0,1,0,0,0,1,0,0,0,39,68
1.0,0.0,0,0,0,1,0,26,0,0,0,0,0,0,0,0,0,0,0,0,1,0,0,0,1,0,0,0,77,68
1.0,0.0,-1,-1,-1,0,0,4,0,0,0,0,0,0,0,0,0,0,0,0,1,0,0,0,1,0,0,0,24,24
1.0,0.0,-1,-1,-1,0,0,4,0,0,0,0,0,0,0,0,0,0,0,0,1,0,0,0,1,0,0,0,24,24
1.0,0.0,-1,-1,-1,0,0,4,0,0,0,0,0,0,0,0,0,0,0,0,1,0,0,0,1,0,0,0,24,24
1.0,0.0,12031,0,0,1,0,20,0,0,0,0,0,0,0,0,0,0,0,0,1,0,0,0,1,0,0,0,39,68
1.0,0.0,0,0,0,1,0,13,0,0,0,0,0,0,0,0,0,0,0,0,1,0,0,0,1,0,0,0,38,77
1.0,0.0,12031,0,0,1,0,26,0,0,0,0,0,0,0,0,0,0,0,0,1,0,0,0,1,0,0,0,78,68
1.0,0.0,12031,0,0,1,0,19,0,0,0,0,0,0,0,0,0,0,0,0,1,0,0,0,1,0,0,0,79,78
1.0,0.0,12031,0,0,1,0,13,0,0,0,0,0,0,0,0,0,0,0,0,1,0,0,0,1,0,0,0,18,78
1.0,0.0,12031,0,0,1,0,13,0,0,0,0,0,0,0,0,0,0,0,0,1,0,0,0,1,0,0,0,19,78
1.0,0.0,12031,0,0,1,0,13,0,0,0,0,0,0,0,0,0,0,0,0,1,0,0,0,1,0,0,0,62,78
1.0,0.0,0,0,0,1,0,32,0,0,0,0,0,0,0,0,0,0,0,0,1,0,0,0,1,0,0,0,6,25
1.0,0.0,0,0,0,1,0,33,0,0,0,0,0,0,0,0,0,0,0,0,1,0,0,0,1,0,0,0,67,25
1.0,0.0,0,0,0,1,0,27,0,0,0,0,0,0,0,0,0,0,0,0,1,0,0,0,1,0,0,0,68,67
1.0,0.0,0,0,0,1,0,13,0,0,0,0,0,0,0,0,0,0,0,0,1,0,0,0,1,0,0,0,38,77
1.0,0.0,0,0,0,1,0,13,0,0,0,0,0,0,0,0,0,0,0,0,1,0,0,0,1,0,0,0,18,77
1.0,0.0,0,0,0,1,0,13,0,0,0,0,0,0,0,0,0,0,0,0,1,0,0,0,1,0,0,0,18,77
1.0,0.0,-1,-1,-1,0,0,4,0,0,0,0,0,0,0,0,0,0,0,0,1,0,0,0,1,0,0,0,24,24
1.0,0.0,0,0,0,1,0,19,0,0,0,0,0,0,0,0,0,0,0,0,1,0,0,0,1,0,0,0,80,71
1.0,0.0,-1,-1,-1,0,0,4,0,0,0,0,0,0,0,0,0,0,0,0,1,0,0,0,1,0,0,0,24,24
1.0,0.0,0,0,0,1,0,20,0,0,0,0,0,0,0,0,0,0,0,0,1,0,0,0,1,0,0,0,39,68
1.0,0.0,0,0,0,1,0,28,0,0,0,0,0,0,0,0,0,0,0,0,1,0,0,0,1,0,0,0,81,68
1.0,0.0,0,0,0,1,0,32,0,0,0,0,0,0,0,0,0,0,0,0,1,0,0,0,1,0,0,0,6,25
1.0,0.0,0,0,0,1,0,19,0,0,0,0,0,0,0,0,0,0,0,0,1,0,0,0,1,0,0,0,80,71
1.0,0.0,0,0,0,1,0,33,0,0,0,0,0,0,0,0,0,0,0,0,1,0,0,0,1,0,0,0,67,25
1.0,0.0,0,0,0,1,0,27,0,0,0,0,0,0,0,0,0,0,0,0,1,0,0,0,1,0,0,0,68,67
1.0,0.0,-1,-1,-1,0,0,4,0,0,0,0,0,0,0,0,0,0,0,0,1,0,0,0,1,0,0,0,24,24
1.0,0.0,-1,-1,-1,0,0,4,0,0,0,0,0,0,0,0,0,0,0,0,1,0,0,0,1,0,0,0,24,24
1.0,0.0,12031,0,0,1,0,20,0,0,0,0,0,0,0,0,0,0,0,0,1,0,0,0,1,0,0,0,39,68
1.0,0.0,12031,0,0,1,0,26,0,0,0,0,0,0,0,0,0,0,0,0,1,0,0,0,1,0,0,0,82,68
1.0,0.0,12031,0,0,1,0,17,0,0,0,0,0,0,0,0,0,0,0,0,1,0,0,0,1,0,0,0,57,82
1.0,0.0,12031,0,0,1,0,13,0,0,0,0,0,0,0,0,0,0,0,0,1,0,0,0,1,0,0,0,18,82
1.0,0.0,12031,0,0,1,0,13,0,0,0,0,0,0,0,0,0,0,0,0,1,0,0,0,1,0,0,0,19,82
1.0,0.0,0,0,0,1,0,32,0,0,0,0,0,0,0,0,0,0,0,0,1,0,0,0,1,0,0,0,6,25
1.0,0.0,0,0,0,1,0,19,0,0,0,0,0,0,0,0,0,0,0,0,1,0,0,0,1,0,0,0,80,71
1.0,0.0,0,0,0,1,0,33,0,0,0,0,0,0,0,0,0,0,0,0,1,0,0,0,1,0,0,0,67,25
1.0,0.0,0,0,0,1,0,27,0,0,0,0,0,0,0,0,0,0,0,0,1,0,0,0,1,0,0,0,68,67
1.0,0.0,-1,-1,-1,0,0,4,0,0,0,0,0,0,0,0,0,0,0,0,1,0,0,0,1,0,0,0,24,24
1.0,0.0,-1,-1,-1,0,0,4,0,0,0,0,0,0,0,0,0,0,0,0,1,0,0,0,1,0,0,0,24,24
1.0,0.0,12031,0,0,1,0,13,0,0,0,0,0,0,0,0,0,0,0,0,1,0,0,0,1,0,0,0,83,62
1.0,0.0,-1,-1,-1,0,0,4,0,0,0,0,0,0,0,0,0,0,0,0,1,0,0,0,1,0,0,0,24,24
1.0,0.0,-1,-1,-1,0,0,4,0,0,0,0,0,0,0,0,0,0,0,0,1,0,0,0,1,0,0,0,24,24
1.0,0.0,-1,-1,-1,0,0,4,0,0,0,0,0,0,0,0,0,0,0,0,1,0,0,0,1,0,0,0,24,24
1.0,0.0,-1,-1,-1,0,0,4,0,0,0,0,0,0,0,0,0,0,0,0,1,0,0,0,1,0,0,0,24,24
1.0,0.0,-1,-1,-1,0,0,4,0,0,0,0,0,0,0,0,0,0,0,0,1,0,0,0,1,0,0,0,24,24
1.0,0.0,-1,-1,-1,0,0,4,0,0,0,0,0,0,0,0,0,0,0,0,1,0,0,0,1,0,0,0,24,24
1.0,0.0,0,0,0,1,0,20,0,0,0,0,0,0,0,0,0,0,0,0,1,0,0,0,1,0,0,0,39,68
1.0,0.0,0,0,0,1,0,26,0,0,0,0,0,0,0,0,0,0,0,0,1,0,0,0,1,0,0,0,84,68
1.0,0.0,0,0,0,1,0,32,0,0,0,0,0,0,0,0,0,0,0,0,1,0,0,0,1,0,0,0,6,25
1.0,0.0,0,0,0,1,0,13,0,0,0,0,0,0,0,0,0,0,0,0,1,0,0,0,1,0,0,0,70,84
1.0,0.0,0,0,0,1,0,13,0,0,0,0,0,0,0,0,0,0,0,0,1,0,0,0,1,0,0,0,18,84
1.0,0.0,0,0,0,1,0,13,0,0,0,0,0,0,0,0,0,0,0,0,1,0,0,0,1,0,0,0,48,84
1.0,0.0,0,0,0,1,0,33,0,0,0,0,0,0,0,0,0,0,0,0,1,0,0,0,1,0,0,0,67,25
1.0,0.0,0,0,0,1,0,27,0,0,0,0,0,0,0,0,0,0,0,0,1,0,0,0,1,0,0,0,68,67
1.0,0.0,-1,-1,-1,0,0,4,0,0,0,0,0,0,0,0,0,0,0,0,1,0,0,0,1,0,0,0,24,24
1.0,0.0,0,0,0,1,0,18,0,0,0,0,0,0,0,0,0,0,0,0,1,0,0,0,1,0,0,0,6,81
1.0,0.0,-1,-1,-1,0,0,4,0,0,0,0,0,0,0,0,0,0,0,0,1,0,0,0,1,0,0,0,24,24
1.0,0.0,0,0,0,1,0,25,0,0,0,0,0,0,0,0,0,0,0,0,1,0,0,0,1,0,0,0,85,6
1.0,0.0,0,0,0,1,0,13,0,0,0,0,0,0,0,0,0,0,0,0,1,0,0,0,1,0,0,0,18,6
1.0,0.0,12031,0,0,1,0,20,0,0,0,0,0,0,0,0,0,0,0,0,1,0,0,0,1,0,0,0,39,68
1.0,0.0,12031,0,-8,1,0,16,0,0,0,0,0,0,0,0,0,0,0,0,1,0,0,0,1,0,0,0,39,68
1.0,0.0,0,0,0,1,0,19,0,0,0,0,0,0,0,0,0,0,0,0,1,0,0,0,1,0,0,0,16,85
1.0,0.0,12031,0,0,5,0,27,0,0,0,0,0,0,0,0,0,0,0,0,1,0,0,0,1,0,0,0,2,39
1.0,0.0,0,0,0,1,0,19,0,0,0,0,0,0,0,0,0,0,0,0,1,0,0,0,1,0,0,0,16,85
1.0,0.0,0,0,0,1,0,29,0,0,0,0,0,0,0,0,0,0,0,0,1,0,0,0,1,0,0,0,57,85
1.0,0.0,0,0,0,1,0,27,0,0,0,0,0,0,0,0,0,0,0,0,1,0,0,0,1,0,0,0,57,85
1.0,0.0,0,0,0,1,0,27,0,0,0,0,0,0,0,0,0,0,0,0,1,0,0,0,1,0,0,0,57,85
1.0,0.0,0,0,0,1,0,27,0,0,0,0,0,0,0,0,0,0,0,0,1,0,0,0,1,0,0,0,57,85
1.0,0.0,0,0,0,1,0,27,0,0,0,0,0,0,0,0,0,0,0,0,1,0,0,0,1,0,0,0,57,85
1.0,0.0,0,0,0,1,0,27,0,0,0,0,0,0,0,0,0,0,0,0,1,0,0,0,1,0,0,0,57,85
1.0,0.0,0,0,0,1,0,27,0,0,0,0,0,0,0,0,0,0,0,0,1,0,0,0,1,0,0,0,57,85
1.0,0.0,0,0,0,1,0,18,0,0,0,0,0,0,0,0,0,0,0,0,1,0,0,0,1,0,0,0,6,81
1.0,0.0,0,0,0,1,0,25,0,0,0,0,0,0,0,0,0,0,0,0,1,0,0,0,1,0,0,0,85,6
1.0,0.0,0,0,0,1,0,13,0,0,0,0,0,0,0,0,0,0,0,0,1,0,0,0,1,0,0,0,18,6
1.0,0.0,0,0,0,1,0,13,0,0,0,0,0,0,0,0,0,0,0,0,1,0,0,0,1,0,0,0,18,6
1.0,0.0,0,0,0,1,0,19,0,0,0,0,0,0,0,0,0,0,0,0,1,0,0,0,1,0,0,0,16,85
1.0,0.0,0,0,0,1,0,19,0,0,0,0,0,0,0,0,0,0,0,0,1,0,0,0,1,0,0,0,16,85
1.0,0.0,0,0,0,1,0,28,0,0,0,0,0,0,0,0,0,0,0,0,1,0,0,0,1,0,0,0,6,71
1.0,0.0,0,0,0,1,0,26,0,0,0,0,0,0,0,0,0,0,0,0,1,0,0,0,1,0,0,0,6,71
1.0,0.0,0,0,0,1,0,24,0,0,0,0,0,0,0,0,0,0,0,0,1,0,0,0,1,0,0,0,39,6
1.0,0.0,0,0,0,1,0,22,0,0,0,0,0,0,0,0,0,0,0,0,1,0,0,0,1,0,0,0,39,6
1.0,0.0,0,0,0,1,0,29,0,0,0,0,0,0,0,0,0,0,0,0,1,0,0,0,1,0,0,0,57,85
1.0,0.0,0,0,0,1,0,20,0,0,0,0,0,0,0,0,0,0,0,0,1,0,0,0,1,0,0,0,86,6
1.0,0.0,0,0,0,1,0,18,0,0,0,0,0,0,0,0,0,0,0,0,1,0,0,0,1,0,0,0,86,6
1.0,0.0,0,0,0,1,0,27,0,0,0,0,0,0,0,0,0,0,0,0,1,0,0,0,1,0,0,0,57,85
1.0,0.0,0,0,0,1,0,27,0,0,0,0,0,0,0,0,0,0,0,0,1,0,0,0,1,0,0,0,57,85
1.0,0.0,0,0,0,1,0,19,0,0,0,0,0,0,0,0,0,0,0,0,1,0,0,0,1,0,0,0,80,71
1.0,0.0,0,0,0,1,0,27,0,0,0,0,0,0,0,0,0,0,0,0,1,0,0,0,1,0,0,0,57,85
1.0,0.0,0,0,0,1,0,28,0,0,0,0,0,0,0,0,0,0,0,0,1,0,0,0,1,0,0,0,6,71
1.0,0.0,0,0,0,1,0,27,0,0,0,0,0,0,0,0,0,0,0,0,1,0,0,0,1,0,0,0,57,85
1.0,0.0,0,0,0,1,0,24,0,0,0,0,0,0,0,0,0,0,0,0,1,0,0,0,1,0,0,0,39,6
1.0,0.0,0,0,0,1,0,20,0,0,0,0,0,0,0,0,0,0,0,0,1,0,0,0,1,0,0,0,86,6
1.0,0.0,0,0,0,1,0,27,0,0,0,0,0,0,0,0,0,0,0,0,1,0,0,0,1,0,0,0,57,85
1.0,0.0,0,0,0,1,0,27,0,0,0,0,0,0,0,0,0,0,0,0,1,0,0,0,1,0,0,0,57,85
1.0,0.0,0,0,0,1,0,19,0,0,0,0,0,0,0,0,0,0,0,0,1,0,0,0,1,0,0,0,80,71
1.0,0.0,0,0,0,1,0,18,0,0,0,0,0,0,0,0,0,0,0,0,1,0,0,0,1,0,0,0,6,81
1.0,0.0,0,0,0,1,0,25,0,0,0,0,0,0,0,0,0,0,0,0,1,0,0,0,1,0,0,0,85,6
1.0,0.0,0,0,0,1,0,13,0,0,0,0,0,0,0,0,0,0,0,0,1,0,0,0,1,0,0,0,18,6
1.0,0.0,0,0,0,1,0,13,0,0,0,0,0,0,0,0,0,0,0,0,1,0,0,0,1,0,0,0,18,6
1.0,0.0,0,0,0,1,0,19,0,0,0,0,0,0,0,0,0,0,0,0,1,0,0,0,1,0,0,0,16,85
1.0,0.0,0,0,0,1,0,19,0,0,0,0,0,0,0,0,0,0,0,0,1,0,0,0,1,0,0,0,80,71
1.0,0.0,0,0,0,1,0,19,0,0,0,0,0,0,0,0,0,0,0,0,1,0,0,0,1,0,0,0,16,85
1.0,0.0,0,0,0,1,0,29,0,0,0,0,0,0,0,0,0,0,0,0,1,0,0,0,1,0,0,0,57,85
1.0,0.0,0,0,0,1,0,27,0,0,0,0,0,0,0,0,0,0,0,0,1,0,0,0,1,0,0,0,57,85
1.0,0.0,0,0,0,1,0,27,0,0,0,0,0,0,0,0,0,0,0,0,1,0,0,0,1,0,0,0,57,85
1.0,0.0,0,0,0,1,0,27,0,0,0,0,0,0,0,0,0,0,0,0,1,0,0,0,1,0,0,0,57,85
1.0,0.0,0,0,0,1,0,27,0,0,0,0,0,0,0,0,0,0,0,0,1,0,0,0,1,0,0,0,57,85
1.0,0.0,0,0,0,1,0,27,0,0,0,0,0,0,0,0,0,0,0,0,1,0,0,0,1,0,0,0,57,85
1.0,0.0,0,0,0,1,0,27,0,0,0,0,0,0,0,0,0,0,0,0,1,0,0,0,1,0,0,0,57,85
1.0,0.0,0,0,0,1,0,16,0,0,0,0,0,0,0,0,0,0,0,0,1,0,0,0,1,0,0,0,6,81
1.0,0.0,-1,-1,-1,0,0,4,0,0,0,0,0,0,0,0,0,0,0,0,1,0,0,0,1,0,0,0,24,24
1.0,0.0,-1,-1,-1,0,0,4,0,0,0,0,0,0,0,0,0,0,0,0,1,0,0,0,1,0,0,0,24,24
1.0,0.0,0,0,0,1,0,16,0,0,0,0,0,0,0,0,0,0,0,0,1,0,0,0,1,0,0,0,87,6
1.0,0.0,0,0,0,1,0,13,0,0,0,0,0,0,0,0,0,0,0,0,1,0,0,0,1,0,0,0,18,6
1.0,0.0,0,0,0,1,0,13,0,0,0,0,0,0,0,0,0,0,0,0,1,0,0,0,1,0,0,0,19,6
1.0,0.0,0,0,0,1,0,13,0,0,0,0,0,0,0,0,0,0,0,0,1,0,0,0,1,0,0,0,18,6
1.0,0.0,0,0,0,1,0,26,0,0,0,0,0,0,0,0,0,0,0,0,1,0,0,0,1,0,0,0,6,71
1.0,0.0,0,0,0,1,0,26,0,0,0,0,0,0,0,0,0,0,0,0,1,0,0,0,1,0,0,0,6,71
1.0,0.0,-1,-1,-1,0,0,4,0,0,0,0,0,0,0,0,0,0,0,0,1,0,0,0,1,0,0,0,24,24
1.0,0.0,-1,-1,-1,0,0,4,0,0,0,0,0,0,0,0,0,0,0,0,1,0,0,0,1,0,0,0,24,24
1.0,0.0,0,0,0,1,0,22,0,0,0,0,0,0,0,0,0,0,0,0,1,0,0,0,1,0,0,0,39,6
1.0,0.0,0,0,0,1,0,22,0,0,0,0,0,0,0,0,0,0,0,0,1,0,0,0,1,0,0,0,39,6
1.0,0.0,0,0,0,1,0,18,0,0,0,0,0,0,0,0,0,0,0,0,1,0,0,0,1,0,0,0,86,6
1.0,0.0,0,0,0,1,0,18,0,0,0,0,0,0,0,0,0,0,0,0,1,0,0,0,1,0,0,0,86,6
1.0,0.0,0,0,0,1,0,19,0,0,0,0,0,0,0,0,0,0,0,0,1,0,0,0,1,0,0,0,80,71
1.0,0.0,-1,-1,-1,0,0,4,0,0,0,0,0,0,0,0,0,0,0,0,1,0,0,0,1,0,0,0,24,24
1.0,0.0,-1,-1,-1,0,0,4,0,0,0,0,0,0,0,0,0,0,0,0,1,0,0,0,1,0,0,0,24,24
1.0,0.0,0,0,0,1,0,28,0,0,0,0,0,0,0,0,0,0,0,0,1,0,0,0,1,0,0,0,6,71
1.0,0.0,0,0,0,1,0,24,0,0,0,0,0,0,0,0,0,0,0,0,1,0,0,0,1,0,0,0,39,6
1.0,0.0,0,0,0,1,0,20,0,0,0,0,0,0,0,0,0,0,0,0,1,0,0,0,1,0,0,0,86,6
1.0,0.0,0,0,0,1,0,19,0,0,0,0,0,0,0,0,0,0,0,0,1,0,0,0,1,0,0,0,80,71
1.0,0.0,0,0,0,1,0,26,0,0,0,0,0,0,0,0,0,0,0,0,1,0,0,0,1,0,0,0,6,71
1.0,0.0,0,0,0,1,0,22,0,0,0,0,0,0,0,0,0,0,0,0,1,0,0,0,1,0,0,0,39,6
1.0,0.0,0,0,0,1,0,18,0,0,0,0,0,0,0,0,0,0,0,0,1,0,0,0,1,0,0,0,86,6
1.0,0.0,0,0,0,1,0,19,0,0,0,0,0,0,0,0,0,0,0,0,1,0,0,0,1,0,0,0,80,71
1.0,0.0,0,0,0,1,0,28,0,0,0,0,0,0,0,0,0,0,0,0,1,0,0,0,1,0,0,0,6,71
1.0,0.0,0,0,0,1,0,24,0,0,0,0,0,0,0,0,0,0,0,0,1,0,0,0,1,0,0,0,39,6
1.0,0.0,0,0,0,1,0,20,0,0,0,0,0,0,0,0,0,0,0,0,1,0,0,0,1,0,0,0,86,6
1.0,0.0,-1,-1,-1,0,0,4,0,0,0,0,0,0,0,0,0,0,0,0,1,0,0,0,1,0,0,0,24,24
1.0,0.0,-1,-1,-1,0,0,4,0,0,0,0,0,0,0,0,0,0,0,0,1,0,0,0,1,0,0,0,24,24
1.0,0.0,0,0,0,1,0,19,0,0,0,0,0,0,0,0,0,0,0,0,1,0,0,0,1,0,0,0,80,71
1.0,0.0,0,0,0,1,0,26,0,0,0,0,0,0,0,0,0,0,0,0,1,0,0,0,1,0,0,0,6,71
1.0,0.0,0,0,0,1,0,22,0,0,0,0,0,0,0,0,0,0,0,0,1,0,0,0,1,0,0,0,39,6
1.0,0.0,0,0,0,1,0,18,0,0,0,0,0,0,0,0,0,0,0,0,1,0,0,0,1,0,0,0,86,6
1.0,0.0,0,0,0,1,0,19,0,0,0,0,0,0,0,0,0,0,0,0,1,0,0,0,1,0,0,0,80,71
1.0,0.0,0,0,0,1,0,26,0,0,0,0,0,0,0,0,0,0,0,0,1,0,0,0,1,0,0,0,6,71
1.0,0.0,0,0,0,1,0,22,0,0,0,0,0,0,0,0,0,0,0,0,1,0,0,0,1,0,0,0,39,6
1.0,0.0,0,0,0,1,0,18,0,0,0,0,0,0,0,0,0,0,0,0,1,0,0,0,1,0,0,0,86,6
1.0,0.0,0,0,0,1,0,19,0,0,0,0,0,0,0,0,0,0,0,0,1,0,0,0,1,0,0,0,80,71
1.0,0.0,0,0,0,3,0,26,0,0,0,0,0,0,0,0,0,0,0,0,1,0,0,0,1,0,0,0,6,71
1.0,0.0,0,0,0,3,0,22,0,0,0,0,0,0,0,0,0,0,0,0,1,0,0,0,1,0,0,0,39,6
1.0,0.0,0,0,0,3,0,18,0,0,0,0,0,0,0,0,0,0,0,0,1,0,0,0,1,0,0,0,86,6
1.0,0.0,0,0,0,1,0,19,0,0,0,0,0,0,0,0,0,0,0,0,1,0,0,0,1,0,0,0,80,71
1.0,0.0,0,0,0,1,0,26,0,0,0,0,0,0,0,0,0,0,0,0,1,0,0,0,1,0,0,0,6,71
1.0,0.0,0,0,0,1,0,22,0,0,0,0,0,0,0,0,0,0,0,0,1,0,0,0,1,0,0,0,39,6
1.0,0.0,0,0,0,1,0,18,0,0,0,0,0,0,0,0,0,0,0,0,1,0,0,0,1,0,0,0,86,6
1.0,0.0,0,0,0,1,0,19,0,0,0,0,0,0,0,0,0,0,0,0,1,0,0,0,1,0,0,0,80,71
1.0,0.0,0,0,0,3,0,26,0,0,0,0,0,0,0,0,0,0,0,0,1,0,0,0,1,0,0,0,6,71
1.0,0.0,0,0,0,3,0,22,0,0,0,0,0,0,0,0,0,0,0,0,1,0,0,0,1,0,0,0,39,6
1.0,0.0,0,0,0,3,0,18,0,0,0,0,0,0,0,0,0,0,0,0,1,0,0,0,1,0,0,0,86,6
1.0,0.0,-1,-1,-1,0,0,4,0,0,0,0,0,0,0,0,0,0,0,0,1,0,0,0,1,0,0,0,24,24
1.0,0.0,-1,-1,-1,0,0,4,0,0,0,0,0,0,0,0,0,0,0,0,1,0,0,0,1,0,0,0,24,24
1.0,0.0,0,0,0,1,0,26,0,0,0,0,0,0,0,0,0,0,0,0,1,0,0,0,1,0,0,0,6,71
1.0,0.0,0,0,0,1,0,22,0,0,0,0,0,0,0,0,0,0,0,0,1,0,0,0,1,0,0,0,39,6
1.0,0.0,0,0,0,1,0,18,0,0,0,0,0,0,0,0,0,0,0,0,1,0,0,0,1,0,0,0,86,6
1.0,0.0,-1,-1,-1,0,0,4,0,0,0,0,0,0,0,0,0,0,0,0,1,0,0,0,1,0,0,0,24,24
1.0,0.0,-1,-1,-1,0,0,4,0,0,0,0,0,0,0,0,0,0,0,0,1,0,0,0,1,0,0,0,24,24
1.0,0.0,-1,-1,-1,0,0,4,0,0,0,0,0,0,0,0,0,0,0,0,1,0,0,0,1,0,0,0,24,24
1.0,0.0,-1,-1,-1,0,0,4,0,0,0,0,0,0,0,0,0,0,0,0,1,0,0,0,1,0,0,0,24,24
1.0,0.0,0,0,0,3,0,31,0,0,0,0,0,0,0,0,0,0,0,0,1,0,0,0,1,0,0,0,6,25
1.0,0.0,0,0,0,3,0,17,0,0,0,0,0,0,0,0,0,0,0,0,1,0,0,0,1,0,0,0,57,6
1.0,0.0,0,0,0,1,0,31,0,0,0,0,0,0,0,0,0,0,0,0,1,0,0,0,1,0,0,0,88,6
1.0,0.0,0,0,0,5,0,21,0,0,0,0,0,0,0,0,0,0,0,0,1,0,0,0,1,0,0,0,89,25
1.0,0.0,0,0,0,0,0,16,0,0,0,0,0,0,0,0,0,0,0,0,1,0,0,0,1,0,0,0,7,91
1.0,0.0,0,0,0,0,0,20,0,0,0,0,0,0,0,0,0,0,0,0,1,0,0,0,1,0,0,0,6,91
1.0,0.0,0,0,0,0,0,18,0,0,0,0,0,0,0,0,0,0,0,0,1,0,0,0,1,0,0,0,8,91
1.0,0.0,0,0,0,0,0,27,0,0,0,0,0,0,0,0,0,0,0,0,1,0,0,0,1,0,0,0,11,91
1.0,0.0,0,0,0,0,0,27,0,0,0,0,0,0,0,0,0,0,0,0,1,0,0,0,1,0,0,0,12,91
1.0,0.0,0,0,0,0,0,27,0,0,0,0,0,0,0,0,0,0,0,0,1,0,0,0,1,0,0,0,13,91
1.0,0.0,0,0,0,0,0,38,0,0,0,0,0,0,0,0,0,0,0,0,1,0,0,0,1,0,0,0,5,92
1.0,0.0,0,0,0,0,0,28,0,0,0,0,0,0,0,0,0,0,0,0,1,0,0,0,1,0,0,0,15,5
1.0,0.0,0,0,0,0,0,28,0,0,0,0,0,0,0,0,0,0,0,0,1,0,0,0,1,0,0,0,50,5
1.0,0.0,0,0,0,0,0,21,0,0,0,0,0,0,0,0,0,0,0,0,1,0,0,0,1,0,0,0,18,5
1.0,0.0,0,0,0,0,0,16,0,0,0,0,0,0,0,0,0,0,0,0,1,0,0,0,1,0,0,0,19,5
1.0,0.0,0,0,0,0,0,20,0,0,0,0,0,0,0,0,0,0,0,0,1,0,0,0,1,0,0,0,3,5
1.0,0.0,0,0,0,0,0,18,0,0,0,0,0,0,0,0,0,0,0,0,1,0,0,0,1,0,0,0,3,5
1.0,0.0,0,0,0,0,0,22,0,0,0,0,0,0,0,0,0,0,0,0,1,0,0,0,1,0,0,0,16,5
1.0,0.0,0,0,0,0,0,16,0,0,0,0,0,0,0,0,0,0,0,0,1,0,0,0,1,0,0,0,17,5
1.0,0.0,0,0,0,0,0,16,0,0,0,0,0,0,0,0,0,0,0,0,1,0,0,0,1,0,0,0,4,5
1.0,0.0,0,12288,0,0,0,16,0,0,0,0,0,0,0,0,0,0,0,0,1,0,0,0,1,0,0,0,5,5
1.0,0.0,0,0,0,0,0,38,0,0,0,0,0,0,0,0,0,0,0,0,1,0,0,0,1,0,0,0,14,92
1.0,0.0,0,0,0,0,0,25,0,0,0,0,0,0,0,0,0,0,0,0,1,0,0,0,1,0,0,0,15,24
1.0,0.0,0,0,0,0,0,22,0,0,0,0,0,0,0,0,0,0,0,0,1,0,0,0,1,0,0,0,16,14
1.0,0.0,0,0,0,0,0,16,0,0,0,0,0,0,0,0,0,0,0,0,1,0,0,0,1,0,0,0,17,14
1.0,0.0,0,0,0,0,0,16,0,0,0,0,0,0,0,0,0,0,0,0,1,0,0,0,1,0,0,0,4,14
1.0,0.0,0,0,0,0,0,16,0,0,0,0,0,0,0,0,0,0,0,0,1,0,0,0,1,0,0,0,3,14
1.0,0.0,0,0,0,0,0,16,0,0,0,0,0,0,0,0,0,0,0,0,1,0,0,0,1,0,0,0,18,14
1.0,0.0,0,0,0,0,0,16,0,0,0,0,0,0,0,0,0,0,0,0,1,0,0,0,1,0,0,0,18,14
1.0,0.0,0,0,0,0,0,18,0,0,0,0,0,0,0,0,0,0,0,0,1,0,0,0,1,0,0,0,7,14
1.0,0.0,0,0,0,0,0,16,0,0,0,0,0,0,0,0,0,0,0,0,1,0,0,0,1,0,0,0,18,14
1.0,0.0,0,0,0,0,0,24,0,0,0,0,0,0,0,0,0,0,0,0,1,0,0,0,1,0,0,0,19,14
1.0,0.0,0,0,0,0,0,16,0,0,0,0,0,0,0,0,0,0,0,0,1,0,0,0,1,0,0,0,7,14
1.0,0.0,0,0,0,0,0,16,0,0,0,0,0,0,0,0,0,0,0,0,1,0,0,0,1,0,0,0,18,14
1.0,0.0,0,0,0,0,0,28,0,0,0,0,0,0,0,0,0,0,0,0,1,0,0,0,1,0,0,0,16,14
1.0,0.0,0,0,0,0,0,16,0,0,0,0,0,0,0,0,0,0,0,0,1,0,0,0,1,0,0,0,20,14
1.0,0.0,0,0,0,0,0,16,0,0,0,0,0,0,0,0,0,0,0,0,1,0,0,0,1,0,0,0,20,14
1.0,0.0,0,0,0,0,0,16,0,0,0,0,0,0,0,0,0,0,0,0,1,0,0,0,1,0,0,0,20,14
1.0,0.0,0,0,0,0,0,16,0,0,0,0,0,0,0,0,0,0,0,0,1,0,0,0,1,0,0,0,7,14
1.0,0.0,0,0,0,0,0,18,0,0,0,0,0,0,0,0,0,0,0,0,1,0,0,0,1,0,0,0,18,14
1.0,0.0,0,0,0,0,0,16,0,0,0,0,0,0,0,0,0,0,0,0,1,0,0,0,1,0,0,0,21,14
1.0,0.0,0,0,0,0,0,16,0,0,0,0,0,0,0,0,0,0,0,0,1,0,0,0,1,0,0,0,7,14
1.0,0.0,0,0,0,0,0,18,0,0,0,0,0,0,0,0,0,0,0,0,1,0,0,0,1,0,0,0,18,14
1.0,0.0,0,0,0,0,0,16,0,0,0,0,0,0,0,0,0,0,0,0,1,0,0,0,1,0,0,0,20,14
1.0,0.0,0,0,0,0,0,16,0,0,0,0,0,0,0,0,0,0,0,0,1,0,0,0,1,0,0,0,18,14
1.0,0.0,0,0,0,0,0,19,0,0,0,0,0,0,0,0,0,0,0,0,1,0,0,0,1,0,0,0,32,32
1.0,0.0,-1,-1,-1,0,0,4,0,0,0,0,0,0,0,0,0,0,0,0,1,0,0,0,1,0,0,0,24,24
1.0,0.0,-1,-1,-1,0,0,4,0,0,0,0,0,0,0,0,0,0,0,0,1,0,0,0,1,0,0,0,24,24
1.0,0.0,-1,-1,-1,0,0,4,0,0,0,0,0,0,0,0,0,0,0,0,1,0,0,0,1,0,0,0,24,24
1.0,0.0,-1,-1,-1,0,0,4,0,0,0,0,0,0,0,0,0,0,0,0,1,0,0,0,1,0,0,0,24,24
1.0,0.0,-1,-1,-1,0,0,4,0,0,0,0,0,0,0,0,0,0,0,0,1,0,0,0,1,0,0,0,24,24
1.0,0.0,0,0,0,0,0,16,0,0,0,0,0,0,0,0,0,0,0,0,1,0,0,0,1,0,0,0,3,5
1.0,0.0,0,0,0,0,0,16,0,0,0,0,0,0,0,0,0,0,0,0,1,0,0,0,1,0,0,0,4,5
1.0,0.0,0,12288,0,0,0,16,0,0,0,0,0,0,0,0,0,0,0,0,1,0,0,0,1,0,0,0,5,5
1.0,0.0,-1,-1,-1,0,0,4,0,0,0,0,0,0,0,0,0,0,0,0,1,0,0,0,1,0,0,0,24,24
1.0,0.0,0,0,0,0,0,38,0,0,0,0,0,0,0,0,0,0,0,0,1,0,0,0,1,0,0,0,5,92
1.0,0.0,0,0,0,0,0,28,0,0,0,0,0,0,0,0,0,0,0,0,1,0,0,0,1,0,0,0,15,5
1.0,0.0,0,0,0,0,0,28,0,0,0,0,0,0,0,0,0,0,0,0,1,0,0,0,1,0,0,0,50,5
1.0,0.0,0,0,0,0,0,21,0,0,0,0,0,0,0,0,0,0,0,0,1,0,0,0,1,0,0,0,18,5
1.0,0.0,0,0,0,0,0,16,0,0,0,0,0,0,0,0,0,0,0,0,1,0,0,0,1,0,0,0,19,5
1.0,0.0,0,0,0,0,0,20,0,0,0,0,0,0,0,0,0,0,0,0,1,0,0,0,1,0,0,0,3,5
1.0,0.0,0,0,0,0,0,18,0,0,0,0,0,0,0,0,0,0,0,0,1,0,0,0,1,0,0,0,3,5
1.0,0.0,0,0,0,0,0,22,0,0,0,0,0,0,0,0,0,0,0,0,1,0,0,0,1,0,0,0,16,5
1.0,0.0,0,0,0,0,0,16,0,0,0,0,0,0,0,0,0,0,0,0,1,0,0,0,1,0,0,0,17,5
1.0,0.0,0,0,0,0,0,16,0,0,0,0,0,0,0,0,0,0,0,0,1,0,0,0,1,0,0,0,4,5
1.0,0.0,0,12288,0,0,0,16,0,0,0,0,0,0,0,0,0,0,0,0,1,0,0,0,1,0,0,0,5,5
1.0,0.0,0,0,0,0,0,16,0,0,0,0,0,0,0,0,0,0,0,0,1,0,0,0,1,0,0,0,3,5
1.0,0.0,0,0,0,0,0,16,0,0,0,0,0,0,0,0,0,0,0,0,1,0,0,0,1,0,0,0,4,5
1.0,0.0,0,12288,0,0,0,16,0,0,0,0,0,0,0,0,0,0,0,0,1,0,0,0,1,0,0,0,5,5
1.0,10.0,0,0,0,0,0,16,0,0,0,0,0,0,0,0,0,0,0,0,1,0,0,0,1,0,0,0,3,5
1.0,0.0,0,0,0,0,0,16,0,0,0,0,0,0,0,0,0,0,0,0,1,0,0,0,1,0,0,0,4,5
1.0,0.0,0,12288,0,0,0,16,0,0,0,0,0,0,0,0,0,0,0,0,1,0,0,0,1,0,0,0,5,5
1.0,0.0,0,0,0,0,0,16,0,0,0,0,0,0,0,0,0,0,0,0,1,0,0,0,1,0,0,0,3,5
1.0,0.0,0,0,0,0,0,16,0,0,0,0,0,0,0,0,0,0,0,0,1,0,0,0,1,0,0,0,4,5
1.0,0.0,0,12288,0,0,0,16,0,0,0,0,0,0,0,0,0,0,0,0,1,0,0,0,1,0,0,0,5,5
1.0,0.0,991,0,-2,0,0,15,0,0,0,0,0,0,0,0,0,0,0,0,1,0,0,0,1,0,0,0,45,45
1.0,0.0,991,0,-2,0,0,15,0,0,0,0,0,0,0,0,0,0,0,0,1,0,0,0,1,0,0,0,45,45
1.0,0.0,991,0,-2,0,0,14,0,0,0,0,0,0,0,0,0,0,0,0,1,0,0,0,1,0,0,0,45,45
1.0,0.0,0,0,0,0,0,19,0,0,0,0,0,0,0,0,0,0,0,0,1,0,0,0,1,0,0,0,46,45
1.0,0.0,-1,-1,-1,0,0,4,0,0,0,0,0,0,0,0,0,0,0,0,1,0,0,0,1,0,0,0,24,24
1.0,0.0,-1,-1,-1,0,0,8,0,0,0,0,0,0,0,0,0,0,0,0,1,0,0,0,1,0,0,0,24,24
1.0,0.0,-1,-1,-1,0,0,4,0,0,0,0,0,0,0,0,0,0,0,0,1,0,0,0,1,0,0,0,24,24
1.0,0.0,-1,-1,-1,0,0,5,0,0,0,0,0,0,0,0,0,0,0,0,1,0,0,0,1,0,0,0,24,24
1.0,0.0,0,0,0,0,0,24,0,0,0,0,0,0,0,0,0,0,0,0,1,0,0,0,1,0,0,0,34,36
1.0,0.0,-1,-1,-1,0,0,5,0,0,0,0,0,0,0,0,0,0,0,0,1,0,0,0,1,0,0,0,24,24
1.0,0.0,0,-1,1,0,0,9,0,0,0,0,0,0,0,0,0,0,0,0,1,0,0,0,1,0,0,0,35,36
1.0,0.0,-1,-1,-1,0,0,5,0,0,0,0,0,0,0,0,0,0,0,0,1,0,0,0,1,0,0,0,24,24
1.0,0.0,0,0,0,0,0,20,0,0,0,0,0,0,0,0,0,0,0,0,1,0,0,0,1,0,0,0,36,36
1.0,0.0,0,0,0,0,0,28,0,0,0,0,0,0,0,0,0,0,0,0,1,0,0,0,1,0,0,0,37,95
1.0,0.0,0,0,0,1,0,28,0,0,0,0,0,0,0,0,0,0,0,0,1,0,0,0,1,0,0,0,38,36
1.0,0.0,-1,-1,-1,0,0,5,0,0,0,0,0,0,0,0,0,0,0,0,1,0,0,0,1,0,0,0,24,24
1.0,0.0,-1,-1,-1,0,0,4,0,0,0,0,0,0,0,0,0,0,0,0,1,0,0,0,1,0,0,0,24,24
1.0,0.0,0,0,0,0,0,25,0,0,0,0,0,0,0,0,0,0,0,0,1,0,0,0,1,0,0,0,47,46
1.0,0.0,0,0,0,0,0,77,0,0,0,0,0,0,0,0,0,0,0,0,1,0,0,0,1,0,0,0,48,46
1.0,0.0,-1,-1,-1,0,0,4,0,0,0,0,0,0,0,0,0,0,0,0,1,0,0,0,1,0,0,0,24,24
1.0,0.0,-1,-1,-1,0,0,4,0,0,0,0,0,0,0,0,0,0,0,0,1,0,0,0,1,0,0,0,24,24
1.0,0.0,0,0,0,1,0,20,0,0,0,0,0,0,0,0,0,0,0,0,1,0,0,0,1,0,0,0,38,36
1.0,0.0,-1,-1,-1,0,0,5,0,0,0,0,0,0,0,0,0,0,0,0,1,0,0,0,1,0,0,0,24,24
1.0,0.0,0,0,0,0,0,24,0,0,0,0,0,0,0,0,0,0,0,0,1,0,0,0,1,0,0,0,34,36
1.0,0.0,-1,-1,-1,0,0,5,0,0,0,0,0,0,0,0,0,0,0,0,1,0,0,0,1,0,0,0,24,24
1.0,0.0,0,0,0,0,0,16,0,0,0,0,0,0,0,0,0,0,0,0,1,0,0,0,1,0,0,0,3,5
1.0,0.0,0,0,0,0,0,16,0,0,0,0,0,0,0,0,0,0,0,0,1,0,0,0,1,0,0,0,4,5
1.0,0.0,0,12288,0,0,0,16,0,0,0,0,0,0,0,0,0,0,0,0,1,0,0,0,1,0,0,0,5,5
1.0,0.0,-1,-1,-1,0,0,4,0,0,0,0,0,0,0,0,0,0,0,0,1,0,0,0,1,0,0,0,24,24
1.0,0.0,0,0,0,0,0,16,0,0,0,0,0,0,0,0,0,0,0,0,1,0,0,0,1,0,0,0,3,5
1.0,0.0,0,0,0,0,0,16,0,0,0,0,0,0,0,0,0,0,0,0,1,0,0,0,1,0,0,0,4,5
1.0,0.0,0,12288,0,0,0,16,0,0,0,0,0,0,0,0,0,0,0,0,1,0,0,0,1,0,0,0,5,5
1.0,0.0,0,0,0,0,0,21,0,0,0,0,0,0,0,0,0,0,0,0,1,0,0,0,1,0,0,0,49,96
1.0,0.0,0,0,0,0,0,16,0,0,0,0,0,0,0,0,0,0,0,0,1,0,0,0,1,0,0,0,3,5
1.0,0.0,0,0,0,0,0,16,0,0,0,0,0,0,0,0,0,0,0,0,1,0,0,0,1,0,0,0,4,5
1.0,0.0,0,12288,0,0,0,16,0,0,0,0,0,0,0,0,0,0,0,0,1,0,0,0,1,0,0,0,5,5
1.0,0.0,0,0,0,0,0,16,0,0,0,0,0,0,0,0,0,0,0,0,1,0,0,0,1,0,0,0,3,5
1.0,0.0,0,0,0,0,0,16,0,0,0,0,0,0,0,0,0,0,0,0,1,0,0,0,1,0,0,0,3,5
1.0,0.0,0,0,0,0,0,16,0,0,0,0,0,0,0,0,0,0,0,0,1,0,0,0,1,0,0,0,10,5
1.0,0.0,0,0,0,0,0,38,0,0,0,0,0,0,0,0,0,0,0,0,1,0,0,0,1,0,0,0,14,92
1.0,0.0,0,0,0,0,0,28,0,0,0,0,0,0,0,0,0,0,0,0,1,0,0,0,1,0,0,0,15,14
1.0,0.0,0,0,0,0,0,22,0,0,0,0,0,0,0,0,0,0,0,0,1,0,0,0,1,0,0,0,16,14
1.0,0.0,0,0,0,0,0,16,0,0,0,0,0,0,0,0,0,0,0,0,1,0,0,0,1,0,0,0,17,14
1.0,0.0,0,0,0,0,0,16,0,0,0,0,0,0,0,0,0,0,0,0,1,0,0,0,1,0,0,0,4,14
1.0,0.0,0,0,0,0,0,16,0,0,0,0,0,0,0,0,0,0,0,0,1,0,0,0,1,0,0,0,3,14
1.0,0.0,0,0,0,0,0,16,0,0,0,0,0,0,0,0,0,0,0,0,1,0,0,0,1,0,0,0,18,14
1.0,0.0,0,0,0,0,0,16,0,0,0,0,0,0,0,0,0,0,0,0,1,0,0,0,1,0,0,0,18,14
1.0,0.0,0,0,0,0,0,18,0,0,0,0,0,0,0,0,0,0,0,0,1,0,0,0,1,0,0,0,7,14
1.0,0.0,0,0,0,0,0,16,0,0,0,0,0,0,0,0,0,0,0,0,1,0,0,0,1,0,0,0,18,14
1.0,0.0,0,0,0,0,0,24,0,0,0,0,0,0,0,0,0,0,0,0,1,0,0,0,1,0,0,0,19,14
1.0,0.0,0,0,0,0,0,16,0,0,0,0,0,0,0,0,0,0,0,0,1,0,0,0,1,0,0,0,7,14
1.0,0.0,0,0,0,0,0,16,0,0,0,0,0,0,0,0,0,0,0,0,1,0,0,0,1,0,0,0,18,14
1.0,0.0,0,0,0,0,0,28,0,0,0,0,0,0,0,0,0,0,0,0,1,0,0,0,1,0,0,0,16,14
1.0,0.0,0,0,0,0,0,16,0,0,0,0,0,0,0,0,0,0,0,0,1,0,0,0,1,0,0,0,20,14
1.0,0.0,0,0,0,0,0,16,0,0,0,0,0,0,0,0,0,0,0,0,1,0,0,0,1,0,0,0,20,14
1.0,0.0,0,0,0,0,0,16,0,0,0,0,0,0,0,0,0,0,0,0,1,0,0,0,1,0,0,0,20,14
1.0,0.0,0,0,0,0,0,16,0,0,0,0,0,0,0,0,0,0,0,0,1,0,0,0,1,0,0,0,7,14
1.0,0.0,0,0,0,0,0,18,0,0,0,0,0,0,0,0,0,0,0,0,1,0,0,0,1,0,0,0,18,14
1.0,0.0,0,0,0,0,0,16,0,0,0,0,0,0,0,0,0,0,0,0,1,0,0,0,1,0,0,0,21,14
1.0,0.0,0,0,0,0,0,16,0,0,0,0,0,0,0,0,0,0,0,0,1,0,0,0,1,0,0,0,7,14
1.0,0.0,0,0,0,0,0,18,0,0,0,0,0,0,0,0,0,0,0,0,1,0,0,0,1,0,0,0,18,14
1.0,0.0,0,0,0,0,0,16,0,0,0,0,0,0,0,0,0,0,0,0,1,0,0,0,1,0,0,0,20,14
1.0,0.0,0,0,0,0,0,16,0,0,0,0,0,0,0,0,0,0,0,0,1,0,0,0,1,0,0,0,18,14
1.0,0.0,0,0,0,0,0,16,0,0,0,0,0,0,0,0,0,0,0,0,1,0,0,0,1,0,0,0,3,5
1.0,0.0,0,0,0,0,0,16,0,0,0,0,0,0,0,0,0,0,0,0,1,0,0,0,1,0,0,0,4,5
1.0,0.0,0,12288,0,0,0,16,0,0,0,0,0,0,0,0,0,0,0,0,1,0,0,0,1,0,0,0,5,5
1.0,0.0,-1,-1,-1,0,0,4,0,0,0,0,0,0,0,0,0,0,0,0,1,0,0,0,1,0,0,0,24,24
1.0,0.0,0,0,0,0,0,19,0,0,0,0,0,0,0,0,0,0,0,0,1,0,0,0,1,0,0,0,32,32
1.0,0.0,-1,-1,-1,0,0,4,0,0,0,0,0,0,0,0,0,0,0,0,1,0,0,0,1,0,0,0,24,24
1.0,0.0,-1,-1,-1,0,0,4,0,0,0,0,0,0,0,0,0,0,0,0,1,0,0,0,1,0,0,0,24,24
1.0,0.0,-1,-1,-1,0,0,4,0,0,0,0,0,0,0,0,0,0,0,0,1,0,0,0,1,0,0,0,24,24
1.0,0.0,-1,-1,-1,0,0,4,0,0,0,0,0,0,0,0,0,0,0,0,1,0,0,0,1,0,0,0,24,24
1.0,0.0,-1,-1,-1,0,0,4,0,0,0,0,0,0,0,0,0,0,0,0,1,0,0,0,1,0,0,0,24,24
1.0,0.0,65534,0,0,0,0,19,0,0,0,0,0,0,0,0,0,0,0,0,1,0,0,0,1,0,0,0,33,32
1.0,0.0,-1,-1,-1,0,0,4,0,0,0,0,0,0,0,0,0,0,0,0,1,0,0,0,1,0,0,0,24,24
1.0,0.0,-1,-1,-1,0,0,4,0,0,0,0,0,0,0,0,0,0,0,0,1,0,0,0,1,0,0,0,24,24
1.0,0.0,-1,-1,-1,0,0,4,0,0,0,0,0,0,0,0,0,0,0,0,1,0,0,0,1,0,0,0,24,24
1.0,0.0,-1,-1,-1,0,0,4,0,0,0,0,0,0,0,0,0,0,0,0,1,0,0,0,1,0,0,0,24,24
1.0,0.0,-1,-1,-1,0,0,4,0,0,0,0,0,0,0,0,0,0,0,0,1,0,0,0,1,0,0,0,24,24
1.0,0.0,0,-1,5,0,0,10,0,0,0,0,0,0,0,0,0,0,0,0,1,0,0,0,1,0,0,0,32,32
1.0,0.0,-1,-1,-1,0,0,5,0,0,0,0,0,0,0,0,0,0,0,0,1,0,0,0,1,0,0,0,24,24
1.0,0.0,0,0,0,0,0,24,0,0,0,0,0,0,0,0,0,0,0,0,1,0,0,0,1,0,0,0,34,36
1.0,0.0,-1,-1,-1,0,0,5,0,0,0,0,0,0,0,0,0,0,0,0,1,0,0,0,1,0,0,0,24,24
1.0,0.0,0,-1,5,0,0,9,0,0,0,0,0,0,0,0,0,0,0,0,1,0,0,0,1,0,0,0,35,36
1.0,0.0,-1,-1,-1,0,0,5,0,0,0,0,0,0,0,0,0,0,0,0,1,0,0,0,1,0,0,0,24,24
1.0,0.0,12571,0,0,0,0,20,0,0,0,0,0,0,0,0,0,0,0,0,1,0,0,0,1,0,0,0,36,36
1.0,0.0,12571,0,0,0,0,28,0,0,0,0,0,0,0,0,0,0,0,0,1,0,0,0,1,0,0,0,37,95
1.0,0.0,12571,0,0,0,0,31,0,0,0,0,0,0,0,0,0,0,0,0,1,0,0,0,1,0,0,0,38,36
1.0,0.0,-1,-1,-1,0,0,5,0,0,0,0,0,0,0,0,0,0,0,0,1,0,0,0,1,0,0,0,24,24
1.0,0.0,-1,-1,-1,0,0,4,0,0,0,0,0,0,0,0,0,0,0,0,1,0,0,0,1,0,0,0,24,24
1.0,0.0,-1,-1,-1,0,0,4,0,0,0,0,0,0,0,0,0,0,0,0,1,0,0,0,1,0,0,0,24,24
1.0,0.0,-1,-1,-1,0,0,4,0,0,0,0,0,0,0,0,0,0,0,0,1,0,0,0,1,0,0,0,24,24
1.0,0.0,-1,-1,-1,0,0,4,0,0,0,0,0,0,0,0,0,0,0,0,1,0,0,0,1,0,0,0,24,24
1.0,0.0,-1,-1,-1,0,0,4,0,0,0,0,0,0,0,0,0,0,0,0,1,0,0,0,1,0,0,0,24,24
1.0,0.0,-1,-1,-1,0,0,4,0,0,0,0,0,0,0,0,0,0,0,0,1,0,0,0,1,0,0,0,24,24
1.0,0.0,-1,-1,-1,0,0,4,0,0,0,0,0,0,0,0,0,0,0,0,1,0,0,0,1,0,0,0,24,24
1.0,0.0,-1,-1,-1,0,0,4,0,0,0,0,0,0,0,0,0,0,0,0,1,0,0,0,1,0,0,0,24,24
1.0,0.0,12571,0,0,0,0,19,0,0,0,0,0,0,0,0,0,0,0,0,1,0,0,0,1,0,0,0,39,32
1.0,0.0,12571,0,0,0,0,22,0,0,0,0,0,0,0,0,0,0,0,0,1,0,0,0,1,0,0,0,42,39
1.0,0.0,12571,0,0,0,0,22,0,0,0,0,0,0,0,0,0,0,0,0,1,0,0,0,1,0,0,0,42,39
1.0,0.0,12571,0,0,0,0,31,0,0,0,0,0,0,0,0,0,0,0,0,1,0,0,0,1,0,0,0,51,39
1.0,0.0,12571,0,0,0,0,31,0,0,0,0,0,0,0,0,0,0,0,0,1,0,0,0,1,0,0,0,52,39
1.0,0.0,12571,0,0,0,0,16,0,0,0,0,0,0,0,0,0,0,0,0,1,0,0,0,1,0,0,0,40,39
1.0,0.0,12571,0,0,0,0,22,0,0,0,0,0,0,0,0,0,0,0,0,1,0,0,0,1,0,0,0,42,39
1.0,0.0,12571,0,0,0,0,28,0,0,0,0,0,0,0,0,0,0,0,0,1,0,0,0,1,0,0,0,41,39
1.0,0.0,12571,0,0,2,0,20,0,0,0,0,0,0,0,0,0,0,0,0,1,0,0,0,1,0,0,0,18,41
1.0,0.0,12571,0,0,0,0,28,0,0,0,0,0,0,0,0,0,0,0,0,1,0,0,0,1,0,0,0,41,39
1.0,0.0,12571,0,0,2,0,20,0,0,0,0,0,0,0,0,0,0,0,0,1,0,0,0,1,0,0,0,18,41
1.0,0.0,12571,0,0,0,0,28,0,0,0,0,0,0,0,0,0,0,0,0,1,0,0,0,1,0,0,0,41,39
1.0,0.0,12571,0,0,2,0,20,0,0,0,0,0,0,0,0,0,0,0,0,1,0,0,0,1,0,0,0,18,41
1.0,0.0,12571,0,0,0,0,20,0,0,0,0,0,0,0,0,0,0,0,0,1,0,0,0,1,0,0,0,16,39
1.0,0.0,12571,0,0,0,0,16,0,0,0,0,0,0,0,0,0,0,0,0,1,0,0,0,1,0,0,0,40,39
1.0,0.0,12571,0,0,2,0,31,0,0,0,0,0,0,0,0,0,0,0,0,1,0,0,0,1,0,0,0,16,39
1.0,0.0,12571,0,0,0,0,40,0,0,0,0,0,0,0,0,0,0,0,0,1,0,0,0,1,0,0,0,53,39
1.0,0.0,12571,0,0,0,0,16,0,0,0,0,0,0,0,0,0,0,0,0,1,0,0,0,1,0,0,0,40,39
1.0,0.0,12571,0,0,0,0,40,0,0,0,0,0,0,0,0,0,0,0,0,1,0,0,0,1,0,0,0,53,39
1.0,0.0,12571,0,0,0,0,40,0,0,0,0,0,0,0,0,0,0,0,0,1,0,0,0,1,0,0,0,53,39
1.0,0.0,12571,0,0,0,0,22,0,0,0,0,0,0,0,0,0,0,0,0,1,0,0,0,1,0,0,0,42,39
1.0,0.0,12571,0,0,0,0,25,0,0,0,0,0,0,0,0,0,0,0,0,1,0,0,0,1,0,0,0,58,39
1.0,0.0,12571,0,0,0,0,40,0,0,0,0,0,0,0,0,0,0,0,0,1,0,0,0,1,0,0,0,53,58
1.0,0.0,12571,0,0,0,0,16,0,0,0,0,0,0,0,0,0,0,0,0,1,0,0,0,1,0,0,0,40,58
1.0,0.0,12571,0,0,0,0,42,0,0,0,0,0,0,0,0,0,0,0,0,1,0,0,0,1,0,0,0,53,58
1.0,0.0,12571,0,0,0,0,57,0,0,0,0,0,0,0,0,0,0,0,0,1,0,0,0,1,0,0,0,59,58
1.0,0.0,-1,-1,-1,0,0,4,0,0,0,0,0,0,0,0,0,0,0,0,1,0,0,0,1,0,0,0,24,24
1.0,0.0,-1,-1,-1,0,0,4,0,0,0,0,0,0,0,0,0,0,0,0,1,0,0,0,1,0,0,0,24,24
1.0,0.0,-1,-1,-1,0,0,4,0,0,0,0,0,0,0,0,0,0,0,0,1,0,0,0,1,0,0,0,24,24
1.0,0.0,-1,-1,-1,0,0,4,0,0,0,0,0,0,0,0,0,0,0,0,1,0,0,0,1,0,0,0,24,24
1.0,0.0,-1,-1,-1,0,0,4,0,0,0,0,0,0,0,0,0,0,0,0,1,0,0,0,1,0,0,0,24,24
1.0,0.0,-1,-1,-1,0,0,4,0,0,0,0,0,0,0,0,0,0,0,0,1,0,0,0,1,0,0,0,24,24
1.0,0.0,-1,-1,-1,0,0,4,0,0,0,0,0,0,0,0,0,0,0,0,1,0,0,0,1,0,0,0,24,24
1.0,0.0,-1,-1,-1,0,0,4,0,0,0,0,0,0,0,0,0,0,0,0,1,0,0,0,1,0,0,0,24,24
1.0,0.0,-1,-1,-1,0,0,4,0,0,0,0,0,0,0,0,0,0,0,0,1,0,0,0,1,0,0,0,24,24
1.0,0.0,12571,0,0,0,0,23,0,0,0,0,0,0,0,0,0,0,0,0,1,0,0,0,1,0,0,0,38,36
1.0,0.0,-1,-1,-1,0,0,5,0,0,0,0,0,0,0,0,0,0,0,0,1,0,0,0,1,0,0,0,24,24
1.0,0.0,0,0,0,0,0,24,0,0,0,0,0,0,0,0,0,0,0,0,1,0,0,0,1,0,0,0,34,36
1.0,0.0,0,0,0,0,0,16,0,0,0,0,0,0,0,0,0,0,0,0,1,0,0,0,1,0,0,0,3,5
1.0,0.0,0,0,0,0,0,16,0,0,0,0,0,0,0,0,0,0,0,0,1,0,0,0,1,0,0,0,3,5
1.0,0.0,0,0,0,0,0,16,0,0,0,0,0,0,0,0,0,0,0,0,1,0,0,0,1,0,0,0,10,5
1.0,0.0,-1,-1,-1,0,0,5,0,0,0,0,0,0,0,0,0,0,0,0,1,0,0,0,1,0,0,0,24,24
1.0,0.0,-1,-1,-1,0,0,4,0,0,0,0,0,0,0,0,0,0,0,0,1,0,0,0,1,0,0,0,24,24
1.0,0.0,-1,-1,-1,0,0,4,0,0,0,0,0,0,0,0,0,0,0,0,1,0,0,0,1,0,0,0,24,24
1.0,0.0,-1,-1,-1,0,0,4,0,0,0,0,0,0,0,0,0,0,0,0,1,0,0,0,1,0,0,0,24,24
1.0,0.0,-1,-1,-1,0,0,4,0,0,0,0,0,0,0,0,0,0,0,0,1,0,0,0,1,0,0,0,24,24
1.0,0.0,-1,-1,-1,0,0,4,0,0,0,0,0,0,0,0,0,0,0,0,1,0,0,0,1,0,0,0,24,24
1.0,0.0,-1,-1,-1,0,0,4,0,0,0,0,0,0,0,0,0,0,0,0,1,0,0,0,1,0,0,0,24,24
1.0,10.0,0,0,0,0,0,16,0,0,0,0,0,0,0,0,0,0,0,0,1,0,0,0,1,0,0,0,6,93
1.0,0.0,0,0,0,0,0,13,0,0,0,0,0,0,0,0,0,0,0,0,1,0,0,0,1,0,0,0,22,6
1.0,0.0,0,0,0,0,0,13,0,0,0,0,0,0,0,0,0,0,0,0,1,0,0,0,1,0,0,0,18,6
1.0,0.0,0,0,0,0,0,16,0,0,0,0,0,0,0,0,0,0,0,0,1,0,0,0,1,0,0,0,6,93
1.0,0.0,0,0,0,0,0,15,0,0,0,0,0,0,0,0,0,0,0,0,1,0,0,0,1,0,0,0,22,93
1.0,0.0,0,0,0,0,0,19,0,0,0,0,0,0,0,0,0,0,0,0,1,0,0,0,1,0,0,0,32,32
1.0,0.0,-1,-1,-1,0,0,4,0,0,0,0,0,0,0,0,0,0,0,0,1,0,0,0,1,0,0,0,24,24
1.0,0.0,-1,-1,-1,0,0,4,0,0,0,0,0,0,0,0,0,0,0,0,1,0,0,0,1,0,0,0,24,24
1.0,0.0,-1,-1,-1,0,0,4,0,0,0,0,0,0,0,0,0,0,0,0,1,0,0,0,1,0,0,0,24,24
1.0,0.0,-1,-1,-1,0,0,4,0,0,0,0,0,0,0,0,0,0,0,0,1,0,0,0,1,0,0,0,24,24
1.0,0.0,-1,-1,-1,0,0,4,0,0,0,0,0,0,0,0,0,0,0,0,1,0,0,0,1,0,0,0,24,24
1.0,0.0,-1,-1,-1,0,0,4,0,0,0,0,0,0,0,0,0,0,0,0,1,0,0,0,1,0,0,0,24,24
1.0,0.0,-1,-1,-1,0,0,4,0,0,0,0,0,0,0,0,0,0,0,0,1,0,0,0,1,0,0,0,24,24
1.0,0.0,-1,-1,-1,0,0,4,0,0,0,0,0,0,0,0,0,0,0,0,1,0,0,0,1,0,0,0,24,24
1.0,0.0,0,0,0,0,0,38,0,0,0,0,0,0,0,0,0,0,0,0,1,0,0,0,1,0,0,0,5,92
1.0,0.0,0,0,0,0,0,25,0,0,0,0,0,0,0,0,0,0,0,0,1,0,0,0,1,0,0,0,15,24
1.0,0.0,0,0,0,0,0,28,0,0,0,0,0,0,0,0,0,0,0,0,1,0,0,0,1,0,0,0,50,5
1.0,0.0,0,0,0,0,0,21,0,0,0,0,0,0,0,0,0,0,0,0,1,0,0,0,1,0,0,0,18,5
1.0,0.0,0,0,0,0,0,16,0,0,0,0,0,0,0,0,0,0,0,0,1,0,0,0,1,0,0,0,19,5
1.0,0.0,0,0,0,0,0,20,0,0,0,0,0,0,0,0,0,0,0,0,1,0,0,0,1,0,0,0,3,5
1.0,0.0,0,0,0,0,0,18,0,0,0,0,0,0,0,0,0,0,0,0,1,0,0,0,1,0,0,0,3,5
1.0,0.0,0,0,0,0,0,22,0,0,0,0,0,0,0,0,0,0,0,0,1,0,0,0,1,0,0,0,16,5
1.0,0.0,0,0,0,0,0,16,0,0,0,0,0,0,0,0,0,0,0,0,1,0,0,0,1,0,0,0,17,5
1.0,0.0,0,0,0,0,0,16,0,0,0,0,0,0,0,0,0,0,0,0,1,0,0,0,1,0,0,0,4,5
1.0,0.0,0,12288,0,0,0,16,0,0,0,0,0,0,0,0,0,0,0,0,1,0,0,0,1,0,0,0,5,5
1.0,0.0,0,0,0,0,0,38,0,0,0,0,0,0,0,0,0,0,0,0,1,0,0,0,1,0,0,0,14,92
1.0,0.0,0,0,0,0,0,28,0,0,0,0,0,0,0,0,0,0,0,0,1,0,0,0,1,0,0,0,15,14
1.0,0.0,0,0,0,0,0,22,0,0,0,0,0,0,0,0,0,0,0,0,1,0,0,0,1,0,0,0,16,14
1.0,0.0,0,0,0,0,0,16,0,0,0,0,0,0,0,0,0,0,0,0,1,0,0,0,1,0,0,0,17,14
1.0,0.0,0,0,0,0,0,16,0,0,0,0,0,0,0,0,0,0,0,0,1,0,0,0,1,0,0,0,4,14
1.0,0.0,0,0,0,0,0,16,0,0,0,0,0,0,0,0,0,0,0,0,1,0,0,0,1,0,0,0,3,14
1.0,0.0,0,0,0,0,0,16,0,0,0,0,0,0,0,0,0,0,0,0,1,0,0,0,1,0,0,0,18,14
1.0,0.0,0,0,0,0,0,16,0,0,0,0,0,0,0,0,0,0,0,0,1,0,0,0,1,0,0,0,18,14
1.0,0.0,0,0,0,0,0,18,0,0,0,0,0,0,0,0,0,0,0,0,1,0,0,0,1,0,0,0,7,14
1.0,0.0,0,0,0,0,0,16,0,0,0,0,0,0,0,0,0,0,0,0,1,0,0,0,1,0,0,0,18,14
1.0,0.0,0,0,0,0,0,24,0,0,0,0,0,0,0,0,0,0,0,0,1,0,0,0,1,0,0,0,19,14
1.0,0.0,0,0,0,0,0,16,0,0,0,0,0,0,0,0,0,0,0,0,1,0,0,0,1,0,0,0,7,14
1.0,0.0,0,0,0,0,0,16,0,0,0,0,0,0,0,0,0,0,0,0,1,0,0,0,1,0,0,0,18,14
1.0,0.0,0,0,0,0,0,28,0,0,0,0,0,0,0,0,0,0,0,0,1,0,0,0,1,0,0,0,16,14
1.0,0.0,0,0,0,0,0,16,0,0,0,0,0,0,0,0,0,0,0,0,1,0,0,0,1,0,0,0,20,14
1.0,0.0,0,0,0,0,0,16,0,0,0,0,0,0,0,0,0,0,0,0,1,0,0,0,1,0,0,0,20,14
1.0,0.0,0,0,0,0,0,16,0,0,0,0,0,0,0,0,0,0,0,0,1,0,0,0,1,0,0,0,20,14
1.0,0.0,0,0,0,0,0,16,0,0,0,0,0,0,0,0,0,0,0,0,1,0,0,0,1,0,0,0,7,14
1.0,0.0,0,0,0,0,0,18,0,0,0,0,0,0,0,0,0,0,0,0,1,0,0,0,1,0,0,0,18,14
1.0,0.0,0,0,0,0,0,16,0,0,0,0,0,0,0,0,0,0,0,0,1,0,0,0,1,0,0,0,21,14
1.0,0.0,0,0,0,0,0,16,0,0,0,0,0,0,0,0,0,0,0,0,1,0,0,0,1,0,0,0,7,14
1.0,0.0,0,0,0,0,0,18,0,0,0,0,0,0,0,0,0,0,0,0,1,0,0,0,1,0,0,0,18,14
1.0,0.0,0,0,0,0,0,16,0,0,0,0,0,0,0,0,0,0,0,0,1,0,0,0,1,0,0,0,20,14
1.0,0.0,0,0,0,0,0,16,0,0,0,0,0,0,0,0,0,0,0,0,1,0,0,0,1,0,0,0,18,14
1.0,0.0,0,0,0,0,0,16,0,0,0,0,0,0,0,0,0,0,0,0,1,0,0,0,1,0,0,0,3,5
1.0,0.0,0,0,0,0,0,16,0,0,0,0,0,0,0,0,0,0,0,0,1,0,0,0,1,0,0,0,4,5
1.0,0.0,0,12288,0,0,0,16,0,0,0,0,0,0,0,0,0,0,0,0,1,0,0,0,1,0,0,0,5,5
1.0,0.0,0,0,0,0,0,19,0,0,0,0,0,0,0,0,0,0,0,0,1,0,0,0,1,0,0,0,32,32
1.0,0.0,-1,-1,-1,0,0,4,0,0,0,0,0,0,0,0,0,0,0,0,1,0,0,0,1,0,0,0,24,24
1.0,0.0,-1,-1,-1,0,0,4,0,0,0,0,0,0,0,0,0,0,0,0,1,0,0,0,1,0,0,0,24,24
1.0,0.0,-1,-1,-1,0,0,4,0,0,0,0,0,0,0,0,0,0,0,0,1,0,0,0,1,0,0,0,24,24
1.0,0.0,-1,-1,-1,0,0,4,0,0,0,0,0,0,0,0,0,0,0,0,1,0,0,0,1,0,0,0,24,24
1.0,0.0,-1,-1,-1,0,0,4,0,0,0,0,0,0,0,0,0,0,0,0,1,0,0,0,1,0,0,0,24,24
