severity_scores,timedelta,suid,cap_fp,exit,n_dang,n_dang_no_cron,fp_length,col_0,col_1,col_2,col_3,col_4,col_5,col_6,col_7,col_8,col_9,col_10,col_11,col_12,col_13,col_14,col_15,col_16,col_17,col_18,col_19,enc_comm,enc_parent_comm
1.0,0.0,126858,0,0,2,0,92,0,0,0,0,0,0,0,0,0,1,0,0,0,0,0,0,1,0,0,0,1,39
1.0,0.0,0,0,0,0,0,38,0,0,0,0,0,0,0,0,0,1,0,0,0,0,0,0,1,0,0,0,2,82
1.0,0.0,0,0,0,0,0,28,0,0,0,0,0,0,0,0,0,1,0,0,0,0,0,0,1,0,0,0,3,2
1.0,0.0,0,0,0,0,0,28,0,0,0,0,0,0,0,0,0,1,0,0,0,0,0,0,1,0,0,0,4,2
1.0,0.0,0,0,0,0,0,21,0,0,0,0,0,0,0,0,0,1,0,0,0,0,0,0,1,0,0,0,5,2
1.0,0.0,0,0,0,0,0,16,0,0,0,0,0,0,0,0,0,1,0,0,0,0,0,0,1,0,0,0,6,2
1.0,0.0,0,0,0,0,0,20,0,0,0,0,0,0,0,0,0,1,0,0,0,0,0,0,1,0,0,0,7,2
1.0,0.0,0,0,0,0,0,18,0,0,0,0,0,0,0,0,0,1,0,0,0,0,0,0,1,0,0,0,7,2
1.0,0.0,0,0,0,0,0,22,0,0,0,0,0,0,0,0,0,1,0,0,0,0,0,0,1,0,0,0,8,2
1.0,0.0,0,0,0,0,0,16,0,0,0,0,0,0,0,0,0,1,0,0,0,0,0,0,1,0,0,0,9,2
1.0,0.0,0,0,0,0,0,16,0,0,0,0,0,0,0,0,0,1,0,0,0,0,0,0,1,0,0,0,10,2
1.0,0.0,0,12288,0,0,0,16,0,0,0,0,0,0,0,0,0,1,0,0,0,0,0,0,1,0,0,0,2,2
1.0,0.0,0,0,0,0,0,38,0,0,0,0,0,0,0,0,0,1,0,0,0,0,0,0,1,0,0,0,2,82
1.0,0.0,0,0,0,0,0,28,0,0,0,0,0,0,0,0,0,1,0,0,0,0,0,0,1,0,0,0,3,2
1.0,0.0,0,0,0,0,0,28,0,0,0,0,0,0,0,0,0,1,0,0,0,0,0,0,1,0,0,0,4,2
1.0,0.0,0,0,0,0,0,21,0,0,0,0,0,0,0,0,0,1,0,0,0,0,0,0,1,0,0,0,5,2
1.0,0.0,0,0,0,0,0,16,0,0,0,0,0,0,0,0,0,1,0,0,0,0,0,0,1,0,0,0,6,2
1.0,0.0,0,0,0,0,0,20,0,0,0,0,0,0,0,0,0,1,0,0,0,0,0,0,1,0,0,0,7,2
1.0,0.0,0,0,0,0,0,18,0,0,0,0,0,0,0,0,0,1,0,0,0,0,0,0,1,0,0,0,7,2
1.0,0.0,0,0,0,0,0,22,0,0,0,0,0,0,0,0,0,1,0,0,0,0,0,0,1,0,0,0,8,2
1.0,0.0,0,0,0,0,0,16,0,0,0,0,0,0,0,0,0,1,0,0,0,0,0,0,1,0,0,0,9,2
1.0,0.0,0,0,0,0,0,16,0,0,0,0,0,0,0,0,0,1,0,0,0,0,0,0,1,0,0,0,10,2
1.0,0.0,0,12288,0,0,0,16,0,0,0,0,0,0,0,0,0,1,0,0,0,0,0,0,1,0,0,0,2,2
1.0,0.0,0,0,0,0,0,16,0,0,0,0,0,0,0,0,0,1,0,0,0,0,0,0,1,0,0,0,7,2
1.0,0.0,0,0,0,0,0,16,0,0,0,0,0,0,0,0,0,1,0,0,0,0,0,0,1,0,0,0,10,2
1.0,0.0,0,12288,0,0,0,16,0,0,0,0,0,0,0,0,0,1,0,0,0,0,0,0,1,0,0,0,2,2
1.0,0.0,0,0,0,1,0,28,0,0,0,0,0,0,0,0,0,1,0,0,0,0,0,0,1,0,0,0,11,17
1.0,0.0,0,0,0,1,0,22,0,0,0,0,0,0,0,0,0,1,0,0,0,0,0,0,1,0,0,0,11,17
1.0,0.0,0,0,0,1,0,31,0,0,0,0,0,0,0,0,0,1,0,0,0,0,0,0,1,0,0,0,12,11
1.0,0.0,-1,-1,-1,0,0,5,0,0,0,0,0,0,0,0,0,1,0,0,0,0,0,0,1,0,0,0,13,13
1.0,0.0,0,0,0,1,0,25,0,0,0,0,0,0,0,0,0,1,0,0,0,0,0,0,1,0,0,0,14,17
1.0,0.0,0,0,0,1,0,19,0,0,0,0,0,0,0,0,0,1,0,0,0,0,0,0,1,0,0,0,3,14
1.0,0.0,0,0,0,1,0,17,0,0,0,0,0,0,0,0,0,1,0,0,0,0,0,0,1,0,0,0,15,14
1.0,0.0,0,0,0,1,0,21,0,0,0,0,0,0,0,0,0,1,0,0,0,0,0,0,1,0,0,0,6,14
1.0,0.0,0,0,0,1,0,17,0,0,0,0,0,0,0,0,0,1,0,0,0,0,0,0,1,0,0,0,5,14
1.0,0.0,997,0,0,4,0,38,0,0,0,0,0,0,0,0,0,1,0,0,0,0,0,0,1,0,0,0,16,22
1.0,0.0,-1,-1,-1,0,0,5,0,0,0,0,0,0,0,0,0,1,0,0,0,0,0,0,1,0,0,0,13,13
1.0,0.0,-1,-1,-1,0,0,5,0,0,0,0,0,0,0,0,0,1,0,0,0,0,0,0,1,0,0,0,13,13
1.0,0.0,-1,-1,-1,0,0,4,0,0,0,0,0,0,0,0,0,1,0,0,0,0,0,0,1,0,0,0,13,13
1.0,0.0,-1,-1,-1,0,0,4,0,0,0,0,0,0,0,0,0,1,0,0,0,0,0,0,1,0,0,0,13,13
1.0,0.0,0,-1,5,0,0,10,0,0,0,0,0,0,0,0,0,1,0,0,0,0,0,0,1,0,0,0,17,17
1.0,0.0,-1,-1,-1,0,0,5,0,0,0,0,0,0,0,0,0,1,0,0,0,0,0,0,1,0,0,0,13,13
1.0,0.0,0,0,0,0,0,24,0,0,0,0,0,0,0,0,0,1,0,0,0,0,0,0,1,0,0,0,18,22
1.0,0.0,-1,-1,-1,0,0,5,0,0,0,0,0,0,0,0,0,1,0,0,0,0,0,0,1,0,0,0,13,13
1.0,0.0,0,-1,5,0,0,9,0,0,0,0,0,0,0,0,0,1,0,0,0,0,0,0,1,0,0,0,19,22
1.0,0.0,0,0,0,0,0,26,0,0,0,0,0,0,0,0,0,1,0,0,0,0,0,0,1,0,0,0,20,22
1.0,0.0,0,0,0,0,0,13,0,0,0,0,0,0,0,0,0,1,0,0,0,0,0,0,1,0,0,0,6,20
1.0,0.0,-1,-1,-1,0,0,5,0,0,0,0,0,0,0,0,0,1,0,0,0,0,0,0,1,0,0,0,13,13
1.0,0.0,0,0,0,0,0,19,0,0,0,0,0,0,0,0,0,1,0,0,0,0,0,0,1,0,0,0,21,20
1.0,0.0,12542,0,0,0,0,20,0,0,0,0,0,0,0,0,0,1,0,0,0,0,0,0,1,0,0,0,22,22
1.0,0.0,12542,0,0,0,0,28,0,0,0,0,0,0,0,0,0,1,0,0,0,0,0,0,1,0,0,0,23,83
1.0,0.0,12542,0,0,0,0,31,0,0,0,0,0,0,0,0,0,1,0,0,0,0,0,0,1,0,0,0,24,22
1.0,0.0,-1,-1,-1,0,0,5,0,0,0,0,0,0,0,0,0,1,0,0,0,0,0,0,1,0,0,0,13,13
1.0,0.0,-1,-1,-1,0,0,4,0,0,0,0,0,0,0,0,0,1,0,0,0,0,0,0,1,0,0,0,13,13
1.0,0.0,-1,-1,-1,0,0,4,0,0,0,0,0,0,0,0,0,1,0,0,0,0,0,0,1,0,0,0,13,13
1.0,0.0,12542,0,0,0,0,39,0,0,0,0,0,0,0,0,0,1,0,0,0,0,0,0,1,0,0,0,11,17
1.0,0.0,12542,0,0,0,0,34,0,0,0,0,0,0,0,0,0,1,0,0,0,0,0,0,1,0,0,0,25,11
1.0,0.0,12542,0,0,0,0,22,0,0,0,0,0,0,0,0,0,1,0,0,0,0,0,0,1,0,0,0,26,25
1.0,0.0,12542,0,0,0,0,22,0,0,0,0,0,0,0,0,0,1,0,0,0,0,0,0,1,0,0,0,27,25
1.0,0.0,12542,0,0,0,0,22,0,0,0,0,0,0,0,0,0,1,0,0,0,0,0,0,1,0,0,0,26,25
1.0,0.0,12542,0,0,0,0,22,0,0,0,0,0,0,0,0,0,1,0,0,0,0,0,0,1,0,0,0,26,25
1.0,0.0,12542,0,0,0,0,31,0,0,0,0,0,0,0,0,0,1,0,0,0,0,0,0,1,0,0,0,28,25
1.0,0.0,12542,0,0,0,0,31,0,0,0,0,0,0,0,0,0,1,0,0,0,0,0,0,1,0,0,0,29,25
1.0,0.0,12542,0,0,0,0,16,0,0,0,0,0,0,0,0,0,1,0,0,0,0,0,0,1,0,0,0,30,25
1.0,0.0,12542,0,0,0,0,22,0,0,0,0,0,0,0,0,0,1,0,0,0,0,0,0,1,0,0,0,26,25
1.0,0.0,12542,0,0,0,0,28,0,0,0,0,0,0,0,0,0,1,0,0,0,0,0,0,1,0,0,0,31,25
1.0,0.0,12542,0,0,2,0,20,0,0,0,0,0,0,0,0,0,1,0,0,0,0,0,0,1,0,0,0,5,31
1.0,0.0,12542,0,0,0,0,28,0,0,0,0,0,0,0,0,0,1,0,0,0,0,0,0,1,0,0,0,31,25
1.0,0.0,12542,0,0,2,0,20,0,0,0,0,0,0,0,0,0,1,0,0,0,0,0,0,1,0,0,0,5,31
1.0,0.0,12542,0,0,0,0,28,0,0,0,0,0,0,0,0,0,1,0,0,0,0,0,0,1,0,0,0,31,25
1.0,0.0,12542,0,0,2,0,20,0,0,0,0,0,0,0,0,0,1,0,0,0,0,0,0,1,0,0,0,5,31
1.0,0.0,12542,0,0,0,0,20,0,0,0,0,0,0,0,0,0,1,0,0,0,0,0,0,1,0,0,0,8,25
1.0,0.0,12542,0,0,0,0,16,0,0,0,0,0,0,0,0,0,1,0,0,0,0,0,0,1,0,0,0,30,25
1.0,0.0,12542,0,0,2,0,31,0,0,0,0,0,0,0,0,0,1,0,0,0,0,0,0,1,0,0,0,8,25
1.0,0.0,12542,0,0,0,0,40,0,0,0,0,0,0,0,0,0,1,0,0,0,0,0,0,1,0,0,0,32,25
1.0,0.0,-1,-1,-1,0,0,5,0,0,0,0,0,0,0,0,0,1,0,0,0,0,0,0,1,0,0,0,13,13
1.0,0.0,12542,0,0,0,0,16,0,0,0,0,0,0,0,0,0,1,0,0,0,0,0,0,1,0,0,0,30,25
1.0,0.0,12542,0,0,0,0,40,0,0,0,0,0,0,0,0,0,1,0,0,0,0,0,0,1,0,0,0,32,25
1.0,0.0,12542,0,0,0,0,40,0,0,0,0,0,0,0,0,0,1,0,0,0,0,0,0,1,0,0,0,32,25
1.0,0.0,12542,0,0,0,0,22,0,0,0,0,0,0,0,0,0,1,0,0,0,0,0,0,1,0,0,0,26,25
1.0,0.0,12542,0,0,0,0,16,0,0,0,0,0,0,0,0,0,1,0,0,0,0,0,0,1,0,0,0,33,25
1.0,0.0,12542,0,0,0,0,16,0,0,0,0,0,0,0,0,0,1,0,0,0,0,0,0,1,0,0,0,33,25
1.0,0.0,12542,0,0,0,0,40,0,0,0,0,0,0,0,0,0,1,0,0,0,0,0,0,1,0,0,0,32,25
1.0,0.0,12542,0,0,0,0,16,0,0,0,0,0,0,0,0,0,1,0,0,0,0,0,0,1,0,0,0,30,25
1.0,0.0,12542,0,0,0,0,16,0,0,0,0,0,0,0,0,0,1,0,0,0,0,0,0,1,0,0,0,34,25
1.0,0.0,12542,0,0,0,0,16,0,0,0,0,0,0,0,0,0,1,0,0,0,0,0,0,1,0,0,0,34,25
1.0,0.0,12542,0,0,0,0,40,0,0,0,0,0,0,0,0,0,1,0,0,0,0,0,0,1,0,0,0,35,25
1.0,0.0,12542,0,0,0,0,42,0,0,0,0,0,0,0,0,0,1,0,0,0,0,0,0,1,0,0,0,36,25
1.0,0.0,0,0,0,0,0,19,0,0,0,0,0,0,0,0,0,1,0,0,0,0,0,0,1,0,0,0,37,37
1.0,0.0,-1,-1,-1,0,0,4,0,0,0,0,0,0,0,0,0,1,0,0,0,0,0,0,1,0,0,0,13,13
1.0,0.0,-1,-1,-1,0,0,4,0,0,0,0,0,0,0,0,0,1,0,0,0,0,0,0,1,0,0,0,13,13
1.0,0.0,-1,-1,-1,0,0,4,0,0,0,0,0,0,0,0,0,1,0,0,0,0,0,0,1,0,0,0,13,13
1.0,0.0,-1,-1,-1,0,0,4,0,0,0,0,0,0,0,0,0,1,0,0,0,0,0,0,1,0,0,0,13,13
1.0,0.0,-1,-1,-1,0,0,4,0,0,0,0,0,0,0,0,0,1,0,0,0,0,0,0,1,0,0,0,13,13
1.0,0.0,12542,0,0,0,0,40,0,0,0,0,0,0,0,0,0,1,0,0,0,0,0,0,1,0,0,0,35,25
1.0,0.0,12542,0,0,0,0,42,0,0,0,0,0,0,0,0,0,1,0,0,0,0,0,0,1,0,0,0,36,25
1.0,0.0,65534,0,0,0,0,19,0,0,0,0,0,0,0,0,0,1,0,0,0,0,0,0,1,0,0,0,38,37
1.0,0.0,65534,0,0,0,0,19,0,0,0,0,0,0,0,0,0,1,0,0,0,0,0,0,1,0,0,0,38,37
1.0,0.0,-1,-1,-1,0,0,4,0,0,0,0,0,0,0,0,0,1,0,0,0,0,0,0,1,0,0,0,13,13
1.0,0.0,-1,-1,-1,0,0,4,0,0,0,0,0,0,0,0,0,1,0,0,0,0,0,0,1,0,0,0,13,13
1.0,0.0,-1,-1,-1,0,0,4,0,0,0,0,0,0,0,0,0,1,0,0,0,0,0,0,1,0,0,0,13,13
1.0,0.0,-1,-1,-1,0,0,4,0,0,0,0,0,0,0,0,0,1,0,0,0,0,0,0,1,0,0,0,13,13
1.0,0.0,-1,-1,-1,0,0,4,0,0,0,0,0,0,0,0,0,1,0,0,0,0,0,0,1,0,0,0,13,13
1.0,0.0,0,-1,1,0,0,10,0,0,0,0,0,0,0,0,0,1,0,0,0,0,0,0,1,0,0,0,37,37
1.0,0.0,-1,-1,-1,0,0,4,0,0,0,0,0,0,0,0,0,1,0,0,0,0,0,0,1,0,0,0,13,13
1.0,0.0,-1,-1,-1,0,0,4,0,0,0,0,0,0,0,0,0,1,0,0,0,0,0,0,1,0,0,0,13,13
1.0,0.0,-1,-1,-1,0,0,4,0,0,0,0,0,0,0,0,0,1,0,0,0,0,0,0,1,0,0,0,13,13
1.0,0.0,-1,-1,-1,0,0,4,0,0,0,0,0,0,0,0,0,1,0,0,0,0,0,0,1,0,0,0,13,13
1.0,0.0,-1,-1,-1,0,0,4,0,0,0,0,0,0,0,0,0,1,0,0,0,0,0,0,1,0,0,0,13,13
1.0,0.0,12542,0,0,0,0,40,0,0,0,0,0,0,0,0,0,1,0,0,0,0,0,0,1,0,0,0,35,25
1.0,0.0,12542,0,0,0,0,42,0,0,0,0,0,0,0,0,0,1,0,0,0,0,0,0,1,0,0,0,36,25
1.0,0.0,-1,-1,-1,0,0,4,0,0,0,0,0,0,0,0,0,1,0,0,0,0,0,0,1,0,0,0,13,13
1.0,0.0,-1,-1,-1,0,0,4,0,0,0,0,0,0,0,0,0,1,0,0,0,0,0,0,1,0,0,0,13,13
1.0,0.0,-1,-1,-1,0,0,4,0,0,0,0,0,0,0,0,0,1,0,0,0,0,0,0,1,0,0,0,13,13
1.0,0.0,0,0,0,1,0,18,0,0,0,0,0,0,0,0,0,1,0,0,0,0,0,0,1,0,0,0,39,37
1.0,0.0,0,0,0,1,0,13,0,0,0,0,0,0,0,0,0,1,0,0,0,0,0,0,1,0,0,0,30,39
1.0,0.0,0,0,0,1,0,25,0,0,0,0,0,0,0,0,0,1,0,0,0,0,0,0,1,0,0,0,31,39
1.0,0.0,0,0,0,3,0,17,0,0,0,0,0,0,0,0,0,1,0,0,0,0,0,0,1,0,0,0,5,31
1.0,0.0,0,0,0,1,0,25,0,0,0,0,0,0,0,0,0,1,0,0,0,0,0,0,1,0,0,0,31,39
1.0,0.0,0,0,0,3,0,17,0,0,0,0,0,0,0,0,0,1,0,0,0,0,0,0,1,0,0,0,5,31
1.0,0.0,0,0,0,1,0,25,0,0,0,0,0,0,0,0,0,1,0,0,0,0,0,0,1,0,0,0,31,39
1.0,0.0,0,0,0,3,0,17,0,0,0,0,0,0,0,0,0,1,0,0,0,0,0,0,1,0,0,0,5,31
1.0,0.0,0,0,0,1,0,17,0,0,0,0,0,0,0,0,0,1,0,0,0,0,0,0,1,0,0,0,8,39
1.0,0.0,0,0,0,1,0,13,0,0,0,0,0,0,0,0,0,1,0,0,0,0,0,0,1,0,0,0,30,39
1.0,0.0,0,0,0,3,0,28,0,0,0,0,0,0,0,0,0,1,0,0,0,0,0,0,1,0,0,0,8,39
1.0,0.0,0,0,0,1,0,19,0,0,0,0,0,0,0,0,0,1,0,0,0,0,0,0,1,0,0,0,26,39
1.0,0.0,0,0,0,1,0,13,0,0,0,0,0,0,0,0,0,1,0,0,0,0,0,0,1,0,0,0,40,39
1.0,0.0,0,0,0,1,0,19,0,0,0,0,0,0,0,0,0,1,0,0,0,0,0,0,1,0,0,0,41,37
1.0,0.0,-1,-1,-1,0,0,4,0,0,0,0,0,0,0,0,0,1,0,0,0,0,0,0,1,0,0,0,13,13
1.0,0.0,-1,-1,-1,0,0,4,0,0,0,0,0,0,0,0,0,1,0,0,0,0,0,0,1,0,0,0,13,13
1.0,0.0,-1,-1,-1,0,0,4,0,0,0,0,0,0,0,0,0,1,0,0,0,0,0,0,1,0,0,0,13,13
1.0,0.0,-1,-1,-1,0,0,4,0,0,0,0,0,0,0,0,0,1,0,0,0,0,0,0,1,0,0,0,13,13
1.0,0.0,-1,-1,-1,0,0,4,0,0,0,0,0,0,0,0,0,1,0,0,0,0,0,0,1,0,0,0,13,13
1.0,0.0,-1,-1,-1,0,0,4,0,0,0,0,0,0,0,0,0,1,0,0,0,0,0,0,1,0,0,0,13,13
1.0,0.0,-1,-1,-1,0,0,4,0,0,0,0,0,0,0,0,0,1,0,0,0,0,0,0,1,0,0,0,13,13
1.0,0.0,-1,-1,-1,0,0,4,0,0,0,0,0,0,0,0,0,1,0,0,0,0,0,0,1,0,0,0,13,13
1.0,0.0,-1,-1,-1,0,0,4,0,0,0,0,0,0,0,0,0,1,0,0,0,0,0,0,1,0,0,0,13,13
1.0,0.0,-1,-1,-1,0,0,4,0,0,0,0,0,0,0,0,0,1,0,0,0,0,0,0,1,0,0,0,13,13
1.0,0.0,-1,-1,-1,0,0,4,0,0,0,0,0,0,0,0,0,1,0,0,0,0,0,0,1,0,0,0,13,13
1.0,0.0,12542,0,0,0,0,23,0,0,0,0,0,0,0,0,0,1,0,0,0,0,0,0,1,0,0,0,24,22
1.0,0.0,-1,-1,-1,0,0,5,0,0,0,0,0,0,0,0,0,1,0,0,0,0,0,0,1,0,0,0,13,13
1.0,0.0,0,0,0,0,0,24,0,0,0,0,0,0,0,0,0,1,0,0,0,0,0,0,1,0,0,0,18,22
1.0,0.0,-1,-1,-1,0,0,5,0,0,0,0,0,0,0,0,0,1,0,0,0,0,0,0,1,0,0,0,13,13
1.0,0.0,0,0,0,0,0,16,0,0,0,0,0,0,0,0,0,1,0,0,0,0,0,0,1,0,0,0,7,2
1.0,0.0,0,0,0,0,0,16,0,0,0,0,0,0,0,0,0,1,0,0,0,0,0,0,1,0,0,0,7,2
1.0,0.0,0,0,0,0,0,16,0,0,0,0,0,0,0,0,0,1,0,0,0,0,0,0,1,0,0,0,10,2
1.0,0.0,0,0,0,0,0,16,0,0,0,0,0,0,0,0,0,1,0,0,0,0,0,0,1,0,0,0,10,2
1.0,0.0,0,12288,0,0,0,16,0,0,0,0,0,0,0,0,0,1,0,0,0,0,0,0,1,0,0,0,2,2
1.0,0.0,0,12288,0,0,0,16,0,0,0,0,0,0,0,0,0,1,0,0,0,0,0,0,1,0,0,0,2,2
1.0,0.0,0,0,0,0,0,19,0,0,0,0,0,0,0,0,0,1,0,0,0,0,0,0,1,0,0,0,37,37
1.0,0.0,-1,-1,-1,0,0,4,0,0,0,0,0,0,0,0,0,1,0,0,0,0,0,0,1,0,0,0,13,13
1.0,0.0,-1,-1,-1,0,0,4,0,0,0,0,0,0,0,0,0,1,0,0,0,0,0,0,1,0,0,0,13,13
1.0,0.0,-1,-1,-1,0,0,4,0,0,0,0,0,0,0,0,0,1,0,0,0,0,0,0,1,0,0,0,13,13
1.0,0.0,-1,-1,-1,0,0,4,0,0,0,0,0,0,0,0,0,1,0,0,0,0,0,0,1,0,0,0,13,13
1.0,0.0,-1,-1,-1,0,0,4,0,0,0,0,0,0,0,0,0,1,0,0,0,0,0,0,1,0,0,0,13,13
1.0,0.0,0,0,0,0,0,21,0,0,0,0,0,0,0,0,0,1,0,0,0,0,0,0,1,0,0,0,42,84
1.0,0.0,65534,0,0,0,0,19,0,0,0,0,0,0,0,0,0,1,0,0,0,0,0,0,1,0,0,0,38,37
1.0,0.0,65534,0,0,0,0,19,0,0,0,0,0,0,0,0,0,1,0,0,0,0,0,0,1,0,0,0,38,37
1.0,0.0,-1,-1,-1,0,0,4,0,0,0,0,0,0,0,0,0,1,0,0,0,0,0,0,1,0,0,0,13,13
1.0,0.0,-1,-1,-1,0,0,4,0,0,0,0,0,0,0,0,0,1,0,0,0,0,0,0,1,0,0,0,13,13
1.0,0.0,-1,-1,-1,0,0,4,0,0,0,0,0,0,0,0,0,1,0,0,0,0,0,0,1,0,0,0,13,13
1.0,0.0,-1,-1,-1,0,0,4,0,0,0,0,0,0,0,0,0,1,0,0,0,0,0,0,1,0,0,0,13,13
1.0,0.0,-1,-1,-1,0,0,4,0,0,0,0,0,0,0,0,0,1,0,0,0,0,0,0,1,0,0,0,13,13
1.0,0.0,0,-1,5,0,0,10,0,0,0,0,0,0,0,0,0,1,0,0,0,0,0,0,1,0,0,0,37,37
1.0,0.0,-1,-1,-1,0,0,5,0,0,0,0,0,0,0,0,0,1,0,0,0,0,0,0,1,0,0,0,13,13
1.0,0.0,0,0,0,0,0,24,0,0,0,0,0,0,0,0,0,1,0,0,0,0,0,0,1,0,0,0,18,22
1.0,0.0,-1,-1,-1,0,0,5,0,0,0,0,0,0,0,0,0,1,0,0,0,0,0,0,1,0,0,0,13,13
1.0,0.0,0,-1,5,0,0,9,0,0,0,0,0,0,0,0,0,1,0,0,0,0,0,0,1,0,0,0,19,22
1.0,0.0,-1,-1,-1,0,0,5,0,0,0,0,0,0,0,0,0,1,0,0,0,0,0,0,1,0,0,0,13,13
1.0,0.0,12503,0,0,0,0,20,0,0,0,0,0,0,0,0,0,1,0,0,0,0,0,0,1,0,0,0,22,22
1.0,0.0,12503,0,0,0,0,28,0,0,0,0,0,0,0,0,0,1,0,0,0,0,0,0,1,0,0,0,23,83
1.0,0.0,12503,0,0,0,0,31,0,0,0,0,0,0,0,0,0,1,0,0,0,0,0,0,1,0,0,0,24,22
1.0,0.0,-1,-1,-1,0,0,5,0,0,0,0,0,0,0,0,0,1,0,0,0,0,0,0,1,0,0,0,13,13
1.0,0.0,-1,-1,-1,0,0,4,0,0,0,0,0,0,0,0,0,1,0,0,0,0,0,0,1,0,0,0,13,13
1.0,0.0,-1,-1,-1,0,0,4,0,0,0,0,0,0,0,0,0,1,0,0,0,0,0,0,1,0,0,0,13,13
1.0,0.0,-1,-1,-1,0,0,4,0,0,0,0,0,0,0,0,0,1,0,0,0,0,0,0,1,0,0,0,13,13
1.0,0.0,-1,-1,-1,0,0,4,0,0,0,0,0,0,0,0,0,1,0,0,0,0,0,0,1,0,0,0,13,13
1.0,0.0,-1,-1,-1,0,0,4,0,0,0,0,0,0,0,0,0,1,0,0,0,0,0,0,1,0,0,0,13,13
1.0,0.0,991,0,-2,0,0,15,0,0,0,0,0,0,0,0,0,1,0,0,0,0,0,0,1,0,0,0,43,43
1.0,0.0,991,0,-2,0,0,15,0,0,0,0,0,0,0,0,0,1,0,0,0,0,0,0,1,0,0,0,43,43
1.0,0.0,991,0,-2,0,0,14,0,0,0,0,0,0,0,0,0,1,0,0,0,0,0,0,1,0,0,0,43,43
1.0,0.0,0,0,0,0,0,19,0,0,0,0,0,0,0,0,0,1,0,0,0,0,0,0,1,0,0,0,44,43
1.0,0.0,-1,-1,-1,0,0,4,0,0,0,0,0,0,0,0,0,1,0,0,0,0,0,0,1,0,0,0,13,13
1.0,0.0,-1,-1,-1,0,0,4,0,0,0,0,0,0,0,0,0,1,0,0,0,0,0,0,1,0,0,0,13,13
1.0,0.0,-1,-1,-1,0,0,4,0,0,0,0,0,0,0,0,0,1,0,0,0,0,0,0,1,0,0,0,13,13
1.0,0.0,12503,0,0,0,0,23,0,0,0,0,0,0,0,0,0,1,0,0,0,0,0,0,1,0,0,0,39,37
1.0,0.0,12503,0,0,0,0,22,0,0,0,0,0,0,0,0,0,1,0,0,0,0,0,0,1,0,0,0,26,39
1.0,0.0,12503,0,0,0,0,22,0,0,0,0,0,0,0,0,0,1,0,0,0,0,0,0,1,0,0,0,26,39
1.0,0.0,-1,-1,-1,0,0,4,0,0,0,0,0,0,0,0,0,1,0,0,0,0,0,0,1,0,0,0,13,13
1.0,0.0,-1,-1,-1,0,0,8,0,0,0,0,0,0,0,0,0,1,0,0,0,0,0,0,1,0,0,0,13,13
1.0,0.0,-1,-1,-1,0,0,4,0,0,0,0,0,0,0,0,0,1,0,0,0,0,0,0,1,0,0,0,13,13
1.0,0.0,12503,0,0,0,0,31,0,0,0,0,0,0,0,0,0,1,0,0,0,0,0,0,1,0,0,0,28,39
1.0,0.0,-1,-1,-1,0,0,4,0,0,0,0,0,0,0,0,0,1,0,0,0,0,0,0,1,0,0,0,13,13
1.0,0.0,0,0,0,0,0,25,0,0,0,0,0,0,0,0,0,1,0,0,0,0,0,0,1,0,0,0,45,44
1.0,0.0,0,0,0,0,0,77,0,0,0,0,0,0,0,0,0,1,0,0,0,0,0,0,1,0,0,0,46,44
1.0,0.0,-1,-1,-1,0,0,4,0,0,0,0,0,0,0,0,0,1,0,0,0,0,0,0,1,0,0,0,13,13
1.0,0.0,-1,-1,-1,0,0,4,0,0,0,0,0,0,0,0,0,1,0,0,0,0,0,0,1,0,0,0,13,13
1.0,0.0,12503,0,0,0,0,31,0,0,0,0,0,0,0,0,0,1,0,0,0,0,0,0,1,0,0,0,29,39
1.0,0.0,12503,0,0,0,0,16,0,0,0,0,0,0,0,0,0,1,0,0,0,0,0,0,1,0,0,0,30,39
1.0,0.0,12503,0,0,0,0,22,0,0,0,0,0,0,0,0,0,1,0,0,0,0,0,0,1,0,0,0,26,39
1.0,0.0,12503,0,0,0,0,28,0,0,0,0,0,0,0,0,0,1,0,0,0,0,0,0,1,0,0,0,31,39
1.0,0.0,12503,0,0,2,0,20,0,0,0,0,0,0,0,0,0,1,0,0,0,0,0,0,1,0,0,0,5,31
1.0,0.0,12503,0,0,0,0,28,0,0,0,0,0,0,0,0,0,1,0,0,0,0,0,0,1,0,0,0,31,39
1.0,0.0,12503,0,0,2,0,20,0,0,0,0,0,0,0,0,0,1,0,0,0,0,0,0,1,0,0,0,5,31
1.0,0.0,12503,0,0,0,0,28,0,0,0,0,0,0,0,0,0,1,0,0,0,0,0,0,1,0,0,0,31,39
1.0,0.0,12503,0,0,2,0,20,0,0,0,0,0,0,0,0,0,1,0,0,0,0,0,0,1,0,0,0,5,31
1.0,0.0,12503,0,0,0,0,20,0,0,0,0,0,0,0,0,0,1,0,0,0,0,0,0,1,0,0,0,8,39
1.0,0.0,12503,0,0,0,0,16,0,0,0,0,0,0,0,0,0,1,0,0,0,0,0,0,1,0,0,0,30,39
1.0,0.0,12503,0,0,2,0,31,0,0,0,0,0,0,0,0,0,1,0,0,0,0,0,0,1,0,0,0,8,39
1.0,0.0,12503,0,0,0,0,40,0,0,0,0,0,0,0,0,0,1,0,0,0,0,0,0,1,0,0,0,32,39
1.0,0.0,12503,0,0,0,0,16,0,0,0,0,0,0,0,0,0,1,0,0,0,0,0,0,1,0,0,0,30,39
1.0,0.0,12503,0,0,0,0,40,0,0,0,0,0,0,0,0,0,1,0,0,0,0,0,0,1,0,0,0,32,39
1.0,0.0,12503,0,0,0,0,40,0,0,0,0,0,0,0,0,0,1,0,0,0,0,0,0,1,0,0,0,32,39
1.0,0.0,12503,0,0,0,0,22,0,0,0,0,0,0,0,0,0,1,0,0,0,0,0,0,1,0,0,0,26,39
1.0,0.0,12503,0,0,0,0,40,0,0,0,0,0,0,0,0,0,1,0,0,0,0,0,0,1,0,0,0,32,39
1.0,0.0,12503,0,0,0,0,16,0,0,0,0,0,0,0,0,0,1,0,0,0,0,0,0,1,0,0,0,30,39
1.0,0.0,12503,0,0,0,0,50,0,0,0,0,0,0,0,0,0,1,0,0,0,0,0,0,1,0,0,0,32,39
1.0,0.0,12503,0,0,0,0,50,0,0,0,0,0,0,0,0,0,1,0,0,0,0,0,0,1,0,0,0,32,39
1.0,0.0,12503,0,0,0,0,40,0,0,0,0,0,0,0,0,0,1,0,0,0,0,0,0,1,0,0,0,32,39
1.0,0.0,12503,0,0,0,0,26,0,0,0,0,0,0,0,0,0,1,0,0,0,0,0,0,1,0,0,0,47,37
1.0,10.0,0,0,0,0,0,19,0,0,0,0,0,0,0,0,0,1,0,0,0,0,0,0,1,0,0,0,37,37
1.0,0.0,-1,-1,-1,0,0,4,0,0,0,0,0,0,0,0,0,1,0,0,0,0,0,0,1,0,0,0,13,13
1.0,0.0,-1,-1,-1,0,0,4,0,0,0,0,0,0,0,0,0,1,0,0,0,0,0,0,1,0,0,0,13,13
1.0,0.0,-1,-1,-1,0,0,4,0,0,0,0,0,0,0,0,0,1,0,0,0,0,0,0,1,0,0,0,13,13
1.0,0.0,-1,-1,-1,0,0,4,0,0,0,0,0,0,0,0,0,1,0,0,0,0,0,0,1,0,0,0,13,13
1.0,0.0,-1,-1,-1,0,0,4,0,0,0,0,0,0,0,0,0,1,0,0,0,0,0,0,1,0,0,0,13,13
1.0,0.0,65534,0,0,0,0,19,0,0,0,0,0,0,0,0,0,1,0,0,0,0,0,0,1,0,0,0,38,37
1.0,0.0,-1,-1,-1,0,0,4,0,0,0,0,0,0,0,0,0,1,0,0,0,0,0,0,1,0,0,0,13,13
1.0,0.0,-1,-1,-1,0,0,4,0,0,0,0,0,0,0,0,0,1,0,0,0,0,0,0,1,0,0,0,13,13
1.0,0.0,-1,-1,-1,0,0,4,0,0,0,0,0,0,0,0,0,1,0,0,0,0,0,0,1,0,0,0,13,13
1.0,0.0,-1,-1,-1,0,0,4,0,0,0,0,0,0,0,0,0,1,0,0,0,0,0,0,1,0,0,0,13,13
1.0,0.0,-1,-1,-1,0,0,4,0,0,0,0,0,0,0,0,0,1,0,0,0,0,0,0,1,0,0,0,13,13
1.0,0.0,0,-1,5,0,0,10,0,0,0,0,0,0,0,0,0,1,0,0,0,0,0,0,1,0,0,0,37,37
1.0,0.0,-1,-1,-1,0,0,5,0,0,0,0,0,0,0,0,0,1,0,0,0,0,0,0,1,0,0,0,13,13
1.0,0.0,0,0,0,0,0,24,0,0,0,0,0,0,0,0,0,1,0,0,0,0,0,0,1,0,0,0,18,22
1.0,0.0,-1,-1,-1,0,0,5,0,0,0,0,0,0,0,0,0,1,0,0,0,0,0,0,1,0,0,0,13,13
1.0,0.0,0,-1,5,0,0,9,0,0,0,0,0,0,0,0,0,1,0,0,0,0,0,0,1,0,0,0,19,22
1.0,0.0,-1,-1,-1,0,0,5,0,0,0,0,0,0,0,0,0,1,0,0,0,0,0,0,1,0,0,0,13,13
1.0,0.0,12546,0,0,0,0,20,0,0,0,0,0,0,0,0,0,1,0,0,0,0,0,0,1,0,0,0,22,22
1.0,0.0,12546,0,0,0,0,28,0,0,0,0,0,0,0,0,0,1,0,0,0,0,0,0,1,0,0,0,23,83
1.0,0.0,12546,0,0,0,0,31,0,0,0,0,0,0,0,0,0,1,0,0,0,0,0,0,1,0,0,0,24,22
1.0,0.0,-1,-1,-1,0,0,5,0,0,0,0,0,0,0,0,0,1,0,0,0,0,0,0,1,0,0,0,13,13
1.0,0.0,-1,-1,-1,0,0,4,0,0,0,0,0,0,0,0,0,1,0,0,0,0,0,0,1,0,0,0,13,13
1.0,0.0,-1,-1,-1,0,0,4,0,0,0,0,0,0,0,0,0,1,0,0,0,0,0,0,1,0,0,0,13,13
1.0,0.0,-1,-1,-1,0,0,4,0,0,0,0,0,0,0,0,0,1,0,0,0,0,0,0,1,0,0,0,13,13
1.0,0.0,-1,-1,-1,0,0,4,0,0,0,0,0,0,0,0,0,1,0,0,0,0,0,0,1,0,0,0,13,13
1.0,0.0,-1,-1,-1,0,0,4,0,0,0,0,0,0,0,0,0,1,0,0,0,0,0,0,1,0,0,0,13,13
1.0,0.0,0,0,0,0,0,16,0,0,0,0,0,0,0,0,0,1,0,0,0,0,0,0,1,0,0,0,7,2
1.0,0.0,0,0,0,0,0,16,0,0,0,0,0,0,0,0,0,1,0,0,0,0,0,0,1,0,0,0,10,2
1.0,0.0,0,0,0,0,0,16,0,0,0,0,0,0,0,0,0,1,0,0,0,0,0,0,1,0,0,0,7,2
1.0,0.0,0,0,0,0,0,16,0,0,0,0,0,0,0,0,0,1,0,0,0,0,0,0,1,0,0,0,10,2
1.0,0.0,0,12288,0,0,0,16,0,0,0,0,0,0,0,0,0,1,0,0,0,0,0,0,1,0,0,0,2,2
1.0,0.0,0,12288,0,0,0,16,0,0,0,0,0,0,0,0,0,1,0,0,0,0,0,0,1,0,0,0,2,2
1.0,0.0,-1,-1,-1,0,0,4,0,0,0,0,0,0,0,0,0,1,0,0,0,0,0,0,1,0,0,0,13,13
1.0,0.0,-1,-1,-1,0,0,4,0,0,0,0,0,0,0,0,0,1,0,0,0,0,0,0,1,0,0,0,13,13
1.0,0.0,-1,-1,-1,0,0,4,0,0,0,0,0,0,0,0,0,1,0,0,0,0,0,0,1,0,0,0,13,13
1.0,0.0,12546,0,0,0,0,15,0,0,0,0,0,0,0,0,0,1,0,0,0,0,0,0,1,0,0,0,39,37
1.0,0.0,12546,0,0,0,0,22,0,0,0,0,0,0,0,0,0,1,0,0,0,0,0,0,1,0,0,0,26,39
1.0,0.0,12546,0,0,0,0,22,0,0,0,0,0,0,0,0,0,1,0,0,0,0,0,0,1,0,0,0,26,39
1.0,0.0,0,0,0,0,0,19,0,0,0,0,0,0,0,0,0,1,0,0,0,0,0,0,1,0,0,0,37,37
1.0,0.0,12546,0,0,0,0,31,0,0,0,0,0,0,0,0,0,1,0,0,0,0,0,0,1,0,0,0,28,39
1.0,0.0,-1,-1,-1,0,0,4,0,0,0,0,0,0,0,0,0,1,0,0,0,0,0,0,1,0,0,0,13,13
1.0,0.0,-1,-1,-1,0,0,4,0,0,0,0,0,0,0,0,0,1,0,0,0,0,0,0,1,0,0,0,13,13
1.0,0.0,-1,-1,-1,0,0,4,0,0,0,0,0,0,0,0,0,1,0,0,0,0,0,0,1,0,0,0,13,13
1.0,0.0,-1,-1,-1,0,0,4,0,0,0,0,0,0,0,0,0,1,0,0,0,0,0,0,1,0,0,0,13,13
1.0,0.0,-1,-1,-1,0,0,4,0,0,0,0,0,0,0,0,0,1,0,0,0,0,0,0,1,0,0,0,13,13
1.0,0.0,12546,0,0,0,0,31,0,0,0,0,0,0,0,0,0,1,0,0,0,0,0,0,1,0,0,0,29,39
1.0,0.0,12546,0,0,0,0,16,0,0,0,0,0,0,0,0,0,1,0,0,0,0,0,0,1,0,0,0,30,39
1.0,0.0,12546,0,0,0,0,22,0,0,0,0,0,0,0,0,0,1,0,0,0,0,0,0,1,0,0,0,26,39
1.0,0.0,12546,0,0,0,0,28,0,0,0,0,0,0,0,0,0,1,0,0,0,0,0,0,1,0,0,0,31,39
1.0,0.0,12546,0,0,2,0,20,0,0,0,0,0,0,0,0,0,1,0,0,0,0,0,0,1,0,0,0,5,31
1.0,0.0,12546,0,0,0,0,28,0,0,0,0,0,0,0,0,0,1,0,0,0,0,0,0,1,0,0,0,31,39
1.0,0.0,12546,0,0,2,0,20,0,0,0,0,0,0,0,0,0,1,0,0,0,0,0,0,1,0,0,0,5,31
1.0,0.0,12546,0,0,0,0,28,0,0,0,0,0,0,0,0,0,1,0,0,0,0,0,0,1,0,0,0,31,39
1.0,0.0,12546,0,0,2,0,20,0,0,0,0,0,0,0,0,0,1,0,0,0,0,0,0,1,0,0,0,5,31
1.0,0.0,12546,0,0,0,0,20,0,0,0,0,0,0,0,0,0,1,0,0,0,0,0,0,1,0,0,0,8,39
1.0,0.0,12546,0,0,0,0,16,0,0,0,0,0,0,0,0,0,1,0,0,0,0,0,0,1,0,0,0,30,39
1.0,0.0,12546,0,0,2,0,31,0,0,0,0,0,0,0,0,0,1,0,0,0,0,0,0,1,0,0,0,8,39
1.0,0.0,12546,0,0,0,0,40,0,0,0,0,0,0,0,0,0,1,0,0,0,0,0,0,1,0,0,0,32,39
1.0,0.0,12546,0,0,0,0,16,0,0,0,0,0,0,0,0,0,1,0,0,0,0,0,0,1,0,0,0,30,39
1.0,0.0,12546,0,0,0,0,40,0,0,0,0,0,0,0,0,0,1,0,0,0,0,0,0,1,0,0,0,32,39
1.0,0.0,65534,0,0,0,0,19,0,0,0,0,0,0,0,0,0,1,0,0,0,0,0,0,1,0,0,0,38,37
1.0,0.0,-1,-1,-1,0,0,4,0,0,0,0,0,0,0,0,0,1,0,0,0,0,0,0,1,0,0,0,13,13
1.0,0.0,-1,-1,-1,0,0,4,0,0,0,0,0,0,0,0,0,1,0,0,0,0,0,0,1,0,0,0,13,13
1.0,0.0,-1,-1,-1,0,0,4,0,0,0,0,0,0,0,0,0,1,0,0,0,0,0,0,1,0,0,0,13,13
1.0,0.0,-1,-1,-1,0,0,4,0,0,0,0,0,0,0,0,0,1,0,0,0,0,0,0,1,0,0,0,13,13
1.0,0.0,12546,0,0,0,0,40,0,0,0,0,0,0,0,0,0,1,0,0,0,0,0,0,1,0,0,0,32,39
1.0,0.0,-1,-1,-1,0,0,4,0,0,0,0,0,0,0,0,0,1,0,0,0,0,0,0,1,0,0,0,13,13
1.0,0.0,0,-1,5,0,0,10,0,0,0,0,0,0,0,0,0,1,0,0,0,0,0,0,1,0,0,0,37,37
1.0,0.0,-1,-1,-1,0,0,4,0,0,0,0,0,0,0,0,0,1,0,0,0,0,0,0,1,0,0,0,13,13
1.0,0.0,-1,-1,-1,0,0,4,0,0,0,0,0,0,0,0,0,1,0,0,0,0,0,0,1,0,0,0,13,13
1.0,0.0,-1,-1,-1,0,0,4,0,0,0,0,0,0,0,0,0,1,0,0,0,0,0,0,1,0,0,0,13,13
1.0,0.0,-1,-1,-1,0,0,4,0,0,0,0,0,0,0,0,0,1,0,0,0,0,0,0,1,0,0,0,13,13
1.0,0.0,-1,-1,-1,0,0,4,0,0,0,0,0,0,0,0,0,1,0,0,0,0,0,0,1,0,0,0,13,13
1.0,0.0,12546,0,0,0,0,22,0,0,0,0,0,0,0,0,0,1,0,0,0,0,0,0,1,0,0,0,26,39
1.0,0.0,12546,0,0,2,0,20,0,0,0,0,0,0,0,0,0,1,0,0,0,0,0,0,1,0,0,0,48,37
1.0,0.0,-1,-1,-1,0,0,4,0,0,0,0,0,0,0,0,0,1,0,0,0,0,0,0,1,0,0,0,13,13
1.0,0.0,-1,-1,-1,0,0,4,0,0,0,0,0,0,0,0,0,1,0,0,0,0,0,0,1,0,0,0,13,13
1.0,0.0,-1,-1,-1,0,0,4,0,0,0,0,0,0,0,0,0,1,0,0,0,0,0,0,1,0,0,0,13,13
1.0,0.0,-1,-1,-1,0,0,4,0,0,0,0,0,0,0,0,0,1,0,0,0,0,0,0,1,0,0,0,13,13
1.0,0.0,-1,-1,-1,0,0,4,0,0,0,0,0,0,0,0,0,1,0,0,0,0,0,0,1,0,0,0,13,13
1.0,0.0,-1,-1,-1,0,0,4,0,0,0,0,0,0,0,0,0,1,0,0,0,0,0,0,1,0,0,0,13,13
1.0,0.0,-1,-1,-1,0,0,4,0,0,0,0,0,0,0,0,0,1,0,0,0,0,0,0,1,0,0,0,13,13
1.0,0.0,-1,-1,-1,0,0,4,0,0,0,0,0,0,0,0,0,1,0,0,0,0,0,0,1,0,0,0,13,13
1.0,0.0,-1,-1,-1,0,0,4,0,0,0,0,0,0,0,0,0,1,0,0,0,0,0,0,1,0,0,0,13,13
1.0,0.0,-1,-1,-1,0,0,4,0,0,0,0,0,0,0,0,0,1,0,0,0,0,0,0,1,0,0,0,13,13
1.0,0.0,-1,-1,-1,0,0,4,0,0,0,0,0,0,0,0,0,1,0,0,0,0,0,0,1,0,0,0,13,13
1.0,0.0,-1,-1,-1,0,0,4,0,0,0,0,0,0,0,0,0,1,0,0,0,0,0,0,1,0,0,0,13,13
1.0,0.0,12546,0,0,0,0,15,0,0,0,0,0,0,0,0,0,1,0,0,0,0,0,0,1,0,0,0,39,37
1.0,0.0,12546,0,0,0,0,22,0,0,0,0,0,0,0,0,0,1,0,0,0,0,0,0,1,0,0,0,26,39
1.0,0.0,12546,0,0,0,0,22,0,0,0,0,0,0,0,0,0,1,0,0,0,0,0,0,1,0,0,0,26,39
1.0,0.0,12546,0,0,0,0,31,0,0,0,0,0,0,0,0,0,1,0,0,0,0,0,0,1,0,0,0,28,39
1.0,0.0,12546,0,0,0,0,31,0,0,0,0,0,0,0,0,0,1,0,0,0,0,0,0,1,0,0,0,29,39
1.0,0.0,12546,0,0,0,0,16,0,0,0,0,0,0,0,0,0,1,0,0,0,0,0,0,1,0,0,0,30,39
1.0,0.0,12546,0,0,0,0,22,0,0,0,0,0,0,0,0,0,1,0,0,0,0,0,0,1,0,0,0,26,39
1.0,0.0,12546,0,0,0,0,28,0,0,0,0,0,0,0,0,0,1,0,0,0,0,0,0,1,0,0,0,31,39
1.0,0.0,12546,0,0,2,0,20,0,0,0,0,0,0,0,0,0,1,0,0,0,0,0,0,1,0,0,0,5,31
1.0,0.0,12546,0,0,0,0,28,0,0,0,0,0,0,0,0,0,1,0,0,0,0,0,0,1,0,0,0,31,39
1.0,0.0,12546,0,0,2,0,20,0,0,0,0,0,0,0,0,0,1,0,0,0,0,0,0,1,0,0,0,5,31
1.0,0.0,12546,0,0,0,0,28,0,0,0,0,0,0,0,0,0,1,0,0,0,0,0,0,1,0,0,0,31,39
1.0,0.0,12546,0,0,2,0,20,0,0,0,0,0,0,0,0,0,1,0,0,0,0,0,0,1,0,0,0,5,31
1.0,0.0,12546,0,0,0,0,20,0,0,0,0,0,0,0,0,0,1,0,0,0,0,0,0,1,0,0,0,8,39
1.0,0.0,12546,0,0,0,0,16,0,0,0,0,0,0,0,0,0,1,0,0,0,0,0,0,1,0,0,0,30,39
1.0,0.0,12546,0,0,2,0,31,0,0,0,0,0,0,0,0,0,1,0,0,0,0,0,0,1,0,0,0,8,39
1.0,0.0,12546,0,0,0,0,40,0,0,0,0,0,0,0,0,0,1,0,0,0,0,0,0,1,0,0,0,32,39
1.0,0.0,12546,0,0,0,0,16,0,0,0,0,0,0,0,0,0,1,0,0,0,0,0,0,1,0,0,0,30,39
1.0,0.0,12546,0,0,0,0,40,0,0,0,0,0,0,0,0,0,1,0,0,0,0,0,0,1,0,0,0,32,39
1.0,0.0,12546,0,0,0,0,40,0,0,0,0,0,0,0,0,0,1,0,0,0,0,0,0,1,0,0,0,32,39
1.0,0.0,12546,0,0,0,0,22,0,0,0,0,0,0,0,0,0,1,0,0,0,0,0,0,1,0,0,0,26,39
1.0,0.0,12546,0,0,2,0,20,0,0,0,0,0,0,0,0,0,1,0,0,0,0,0,0,1,0,0,0,1,39
1.0,0.0,12546,0,0,0,0,16,0,0,0,0,0,0,0,0,0,1,0,0,0,0,0,0,1,0,0,0,49,39
1.0,0.0,12546,0,0,2,0,20,0,0,0,0,0,0,0,0,0,1,0,0,0,0,0,0,1,0,0,0,1,39
1.0,0.0,12546,0,0,0,0,16,0,0,0,0,0,0,0,0,0,1,0,0,0,0,0,0,1,0,0,0,5,39
1.0,0.0,12546,0,0,0,0,16,0,0,0,0,0,0,0,0,0,1,0,0,0,0,0,0,1,0,0,0,49,39
1.0,0.0,-1,-1,-1,0,0,4,0,0,0,0,0,0,0,0,0,1,0,0,0,0,0,0,1,0,0,0,13,13
1.0,0.0,-1,-1,-1,0,0,4,0,0,0,0,0,0,0,0,0,1,0,0,0,0,0,0,1,0,0,0,13,13
1.0,0.0,-1,-1,-1,0,0,4,0,0,0,0,0,0,0,0,0,1,0,0,0,0,0,0,1,0,0,0,13,13
1.0,0.0,-1,-1,-1,0,0,4,0,0,0,0,0,0,0,0,0,1,0,0,0,0,0,0,1,0,0,0,13,13
1.0,0.0,-1,-1,-1,0,0,4,0,0,0,0,0,0,0,0,0,1,0,0,0,0,0,0,1,0,0,0,13,13
1.0,0.0,-1,-1,-1,0,0,4,0,0,0,0,0,0,0,0,0,1,0,0,0,0,0,0,1,0,0,0,13,13
1.0,0.0,-1,-1,-1,0,0,4,0,0,0,0,0,0,0,0,0,1,0,0,0,0,0,0,1,0,0,0,13,13
1.0,0.0,-1,-1,-1,0,0,4,0,0,0,0,0,0,0,0,0,1,0,0,0,0,0,0,1,0,0,0,13,13
1.0,0.0,-1,-1,-1,0,0,4,0,0,0,0,0,0,0,0,0,1,0,0,0,0,0,0,1,0,0,0,13,13
1.0,0.0,12546,0,0,0,0,23,0,0,0,0,0,0,0,0,0,1,0,0,0,0,0,0,1,0,0,0,24,22
1.0,0.0,-1,-1,-1,0,0,5,0,0,0,0,0,0,0,0,0,1,0,0,0,0,0,0,1,0,0,0,13,13
1.0,0.0,0,0,0,0,0,24,0,0,0,0,0,0,0,0,0,1,0,0,0,0,0,0,1,0,0,0,18,22
1.0,0.0,-1,-1,-1,0,0,5,0,0,0,0,0,0,0,0,0,1,0,0,0,0,0,0,1,0,0,0,13,13
1.0,0.0,-1,-1,-1,0,0,4,0,0,0,0,0,0,0,0,0,1,0,0,0,0,0,0,1,0,0,0,13,13
1.0,0.0,-1,-1,-1,0,0,4,0,0,0,0,0,0,0,0,0,1,0,0,0,0,0,0,1,0,0,0,13,13
1.0,0.0,-1,-1,-1,0,0,4,0,0,0,0,0,0,0,0,0,1,0,0,0,0,0,0,1,0,0,0,13,13
1.0,0.0,-1,-1,-1,0,0,4,0,0,0,0,0,0,0,0,0,1,0,0,0,0,0,0,1,0,0,0,13,13
1.0,0.0,-1,-1,-1,0,0,4,0,0,0,0,0,0,0,0,0,1,0,0,0,0,0,0,1,0,0,0,13,13
1.0,0.0,-1,-1,-1,0,0,4,0,0,0,0,0,0,0,0,0,1,0,0,0,0,0,0,1,0,0,0,13,13
1.0,0.0,-1,-1,-1,0,0,4,0,0,0,0,0,0,0,0,0,1,0,0,0,0,0,0,1,0,0,0,13,13
1.0,0.0,-1,-1,-1,0,0,4,0,0,0,0,0,0,0,0,0,1,0,0,0,0,0,0,1,0,0,0,13,13
1.0,0.0,-1,-1,-1,0,0,4,0,0,0,0,0,0,0,0,0,1,0,0,0,0,0,0,1,0,0,0,13,13
1.0,0.0,12503,0,0,0,0,23,0,0,0,0,0,0,0,0,0,1,0,0,0,0,0,0,1,0,0,0,24,22
1.0,0.0,-1,-1,-1,0,0,5,0,0,0,0,0,0,0,0,0,1,0,0,0,0,0,0,1,0,0,0,13,13
1.0,0.0,0,0,0,0,0,24,0,0,0,0,0,0,0,0,0,1,0,0,0,0,0,0,1,0,0,0,18,22
1.0,0.0,-1,-1,-1,0,0,5,0,0,0,0,0,0,0,0,0,1,0,0,0,0,0,0,1,0,0,0,13,13
1.0,0.0,0,0,0,0,0,19,0,0,0,0,0,0,0,0,0,1,0,0,0,0,0,0,1,0,0,0,37,37
1.0,0.0,-1,-1,-1,0,0,4,0,0,0,0,0,0,0,0,0,1,0,0,0,0,0,0,1,0,0,0,13,13
1.0,0.0,-1,-1,-1,0,0,4,0,0,0,0,0,0,0,0,0,1,0,0,0,0,0,0,1,0,0,0,13,13
1.0,0.0,-1,-1,-1,0,0,4,0,0,0,0,0,0,0,0,0,1,0,0,0,0,0,0,1,0,0,0,13,13
1.0,0.0,-1,-1,-1,0,0,4,0,0,0,0,0,0,0,0,0,1,0,0,0,0,0,0,1,0,0,0,13,13
1.0,0.0,-1,-1,-1,0,0,4,0,0,0,0,0,0,0,0,0,1,0,0,0,0,0,0,1,0,0,0,13,13
1.0,0.0,0,0,0,0,0,16,0,0,0,0,0,0,0,0,0,1,0,0,0,0,0,0,1,0,0,0,7,2
1.0,0.0,0,0,0,0,0,16,0,0,0,0,0,0,0,0,0,1,0,0,0,0,0,0,1,0,0,0,7,2
1.0,0.0,0,0,0,0,0,16,0,0,0,0,0,0,0,0,0,1,0,0,0,0,0,0,1,0,0,0,10,2
1.0,0.0,0,0,0,0,0,16,0,0,0,0,0,0,0,0,0,1,0,0,0,0,0,0,1,0,0,0,10,2
1.0,0.0,0,12288,0,0,0,16,0,0,0,0,0,0,0,0,0,1,0,0,0,0,0,0,1,0,0,0,2,2
1.0,0.0,0,12288,0,0,0,16,0,0,0,0,0,0,0,0,0,1,0,0,0,0,0,0,1,0,0,0,2,2
1.0,0.0,65534,0,0,0,0,19,0,0,0,0,0,0,0,0,0,1,0,0,0,0,0,0,1,0,0,0,38,37
1.0,0.0,-1,-1,-1,0,0,4,0,0,0,0,0,0,0,0,0,1,0,0,0,0,0,0,1,0,0,0,13,13
1.0,0.0,-1,-1,-1,0,0,4,0,0,0,0,0,0,0,0,0,1,0,0,0,0,0,0,1,0,0,0,13,13
1.0,0.0,-1,-1,-1,0,0,4,0,0,0,0,0,0,0,0,0,1,0,0,0,0,0,0,1,0,0,0,13,13
1.0,0.0,-1,-1,-1,0,0,4,0,0,0,0,0,0,0,0,0,1,0,0,0,0,0,0,1,0,0,0,13,13
1.0,0.0,-1,-1,-1,0,0,4,0,0,0,0,0,0,0,0,0,1,0,0,0,0,0,0,1,0,0,0,13,13
1.0,0.0,0,-1,5,0,0,10,0,0,0,0,0,0,0,0,0,1,0,0,0,0,0,0,1,0,0,0,37,37
1.0,0.0,-1,-1,-1,0,0,5,0,0,0,0,0,0,0,0,0,1,0,0,0,0,0,0,1,0,0,0,13,13
1.0,0.0,0,0,0,0,0,24,0,0,0,0,0,0,0,0,0,1,0,0,0,0,0,0,1,0,0,0,18,22
1.0,0.0,-1,-1,-1,0,0,5,0,0,0,0,0,0,0,0,0,1,0,0,0,0,0,0,1,0,0,0,13,13
1.0,0.0,0,-1,5,0,0,9,0,0,0,0,0,0,0,0,0,1,0,0,0,0,0,0,1,0,0,0,19,22
1.0,0.0,-1,-1,-1,0,0,5,0,0,0,0,0,0,0,0,0,1,0,0,0,0,0,0,1,0,0,0,13,13
1.0,0.0,12546,0,0,0,0,20,0,0,0,0,0,0,0,0,0,1,0,0,0,0,0,0,1,0,0,0,22,22
1.0,0.0,12546,0,0,0,0,28,0,0,0,0,0,0,0,0,0,1,0,0,0,0,0,0,1,0,0,0,23,83
1.0,0.0,12546,0,0,0,0,31,0,0,0,0,0,0,0,0,0,1,0,0,0,0,0,0,1,0,0,0,24,22
1.0,0.0,-1,-1,-1,0,0,5,0,0,0,0,0,0,0,0,0,1,0,0,0,0,0,0,1,0,0,0,13,13
1.0,0.0,-1,-1,-1,0,0,4,0,0,0,0,0,0,0,0,0,1,0,0,0,0,0,0,1,0,0,0,13,13
1.0,0.0,-1,-1,-1,0,0,4,0,0,0,0,0,0,0,0,0,1,0,0,0,0,0,0,1,0,0,0,13,13
1.0,0.0,-1,-1,-1,0,0,4,0,0,0,0,0,0,0,0,0,1,0,0,0,0,0,0,1,0,0,0,13,13
1.0,0.0,-1,-1,-1,0,0,4,0,0,0,0,0,0,0,0,0,1,0,0,0,0,0,0,1,0,0,0,13,13
1.0,0.0,-1,-1,-1,0,0,4,0,0,0,0,0,0,0,0,0,1,0,0,0,0,0,0,1,0,0,0,13,13
1.0,0.0,-1,-1,-1,0,0,4,0,0,0,0,0,0,0,0,0,1,0,0,0,0,0,0,1,0,0,0,13,13
1.0,0.0,-1,-1,-1,0,0,4,0,0,0,0,0,0,0,0,0,1,0,0,0,0,0,0,1,0,0,0,13,13
1.0,0.0,-1,-1,-1,0,0,4,0,0,0,0,0,0,0,0,0,1,0,0,0,0,0,0,1,0,0,0,13,13
1.0,0.0,12546,0,0,0,0,15,0,0,0,0,0,0,0,0,0,1,0,0,0,0,0,0,1,0,0,0,39,37
1.0,0.0,12546,0,0,0,0,22,0,0,0,0,0,0,0,0,0,1,0,0,0,0,0,0,1,0,0,0,26,39
1.0,0.0,12546,0,0,0,0,22,0,0,0,0,0,0,0,0,0,1,0,0,0,0,0,0,1,0,0,0,26,39
1.0,0.0,12546,0,0,0,0,31,0,0,0,0,0,0,0,0,0,1,0,0,0,0,0,0,1,0,0,0,28,39
1.0,0.0,12546,0,0,0,0,31,0,0,0,0,0,0,0,0,0,1,0,0,0,0,0,0,1,0,0,0,29,39
1.0,0.0,12546,0,0,0,0,16,0,0,0,0,0,0,0,0,0,1,0,0,0,0,0,0,1,0,0,0,30,39
1.0,0.0,12546,0,0,0,0,22,0,0,0,0,0,0,0,0,0,1,0,0,0,0,0,0,1,0,0,0,26,39
1.0,0.0,12546,0,0,0,0,28,0,0,0,0,0,0,0,0,0,1,0,0,0,0,0,0,1,0,0,0,31,39
1.0,0.0,12546,0,0,2,0,20,0,0,0,0,0,0,0,0,0,1,0,0,0,0,0,0,1,0,0,0,5,31
1.0,0.0,12546,0,0,0,0,28,0,0,0,0,0,0,0,0,0,1,0,0,0,0,0,0,1,0,0,0,31,39
1.0,0.0,12546,0,0,2,0,20,0,0,0,0,0,0,0,0,0,1,0,0,0,0,0,0,1,0,0,0,5,31
1.0,0.0,12546,0,0,0,0,28,0,0,0,0,0,0,0,0,0,1,0,0,0,0,0,0,1,0,0,0,31,39
1.0,0.0,12546,0,0,2,0,20,0,0,0,0,0,0,0,0,0,1,0,0,0,0,0,0,1,0,0,0,5,31
1.0,0.0,12546,0,0,0,0,20,0,0,0,0,0,0,0,0,0,1,0,0,0,0,0,0,1,0,0,0,8,39
1.0,0.0,12546,0,0,0,0,16,0,0,0,0,0,0,0,0,0,1,0,0,0,0,0,0,1,0,0,0,30,39
1.0,0.0,12546,0,0,2,0,31,0,0,0,0,0,0,0,0,0,1,0,0,0,0,0,0,1,0,0,0,8,39
1.0,0.0,12546,0,0,0,0,40,0,0,0,0,0,0,0,0,0,1,0,0,0,0,0,0,1,0,0,0,32,39
1.0,0.0,12546,0,0,0,0,16,0,0,0,0,0,0,0,0,0,1,0,0,0,0,0,0,1,0,0,0,30,39
1.0,0.0,12546,0,0,0,0,40,0,0,0,0,0,0,0,0,0,1,0,0,0,0,0,0,1,0,0,0,32,39
1.0,0.0,12546,0,0,0,0,40,0,0,0,0,0,0,0,0,0,1,0,0,0,0,0,0,1,0,0,0,32,39
1.0,0.0,12546,0,0,0,0,22,0,0,0,0,0,0,0,0,0,1,0,0,0,0,0,0,1,0,0,0,26,39
1.0,0.0,12546,0,0,0,0,16,0,0,0,0,0,0,0,0,0,1,0,0,0,0,0,0,1,0,0,0,50,39
1.0,0.0,12546,0,0,0,0,16,0,0,0,0,0,0,0,0,0,1,0,0,0,0,0,0,1,0,0,0,6,39
1.0,0.0,12546,0,0,0,0,16,0,0,0,0,0,0,0,0,0,1,0,0,0,0,0,0,1,0,0,0,51,39
1.0,0.0,12546,0,0,0,0,16,0,0,0,0,0,0,0,0,0,1,0,0,0,0,0,0,1,0,0,0,52,39
1.0,0.0,12546,0,0,0,0,16,0,0,0,0,0,0,0,0,0,1,0,0,0,0,0,0,1,0,0,0,53,39
1.0,0.0,-1,-1,-1,0,0,4,0,0,0,0,0,0,0,0,0,1,0,0,0,0,0,0,1,0,0,0,13,13
1.0,0.0,-1,-1,-1,0,0,4,0,0,0,0,0,0,0,0,0,1,0,0,0,0,0,0,1,0,0,0,13,13
1.0,0.0,-1,-1,-1,0,0,4,0,0,0,0,0,0,0,0,0,1,0,0,0,0,0,0,1,0,0,0,13,13
1.0,0.0,-1,-1,-1,0,0,4,0,0,0,0,0,0,0,0,0,1,0,0,0,0,0,0,1,0,0,0,13,13
1.0,0.0,-1,-1,-1,0,0,4,0,0,0,0,0,0,0,0,0,1,0,0,0,0,0,0,1,0,0,0,13,13
1.0,0.0,-1,-1,-1,0,0,4,0,0,0,0,0,0,0,0,0,1,0,0,0,0,0,0,1,0,0,0,13,13
1.0,0.0,-1,-1,-1,0,0,4,0,0,0,0,0,0,0,0,0,1,0,0,0,0,0,0,1,0,0,0,13,13
1.0,0.0,-1,-1,-1,0,0,4,0,0,0,0,0,0,0,0,0,1,0,0,0,0,0,0,1,0,0,0,13,13
1.0,0.0,-1,-1,-1,0,0,4,0,0,0,0,0,0,0,0,0,1,0,0,0,0,0,0,1,0,0,0,13,13
1.0,0.0,12546,0,0,0,0,23,0,0,0,0,0,0,0,0,0,1,0,0,0,0,0,0,1,0,0,0,24,22
1.0,0.0,-1,-1,-1,0,0,5,0,0,0,0,0,0,0,0,0,1,0,0,0,0,0,0,1,0,0,0,13,13
1.0,0.0,0,0,0,0,0,24,0,0,0,0,0,0,0,0,0,1,0,0,0,0,0,0,1,0,0,0,18,22
1.0,0.0,-1,-1,-1,0,0,5,0,0,0,0,0,0,0,0,0,1,0,0,0,0,0,0,1,0,0,0,13,13
1.0,0.0,0,0,0,0,0,19,0,0,0,0,0,0,0,0,0,1,0,0,0,0,0,0,1,0,0,0,37,37
1.0,0.0,-1,-1,-1,0,0,4,0,0,0,0,0,0,0,0,0,1,0,0,0,0,0,0,1,0,0,0,13,13
1.0,0.0,-1,-1,-1,0,0,4,0,0,0,0,0,0,0,0,0,1,0,0,0,0,0,0,1,0,0,0,13,13
1.0,0.0,-1,-1,-1,0,0,4,0,0,0,0,0,0,0,0,0,1,0,0,0,0,0,0,1,0,0,0,13,13
1.0,0.0,-1,-1,-1,0,0,4,0,0,0,0,0,0,0,0,0,1,0,0,0,0,0,0,1,0,0,0,13,13
1.0,0.0,-1,-1,-1,0,0,4,0,0,0,0,0,0,0,0,0,1,0,0,0,0,0,0,1,0,0,0,13,13
1.0,0.0,65534,0,0,0,0,19,0,0,0,0,0,0,0,0,0,1,0,0,0,0,0,0,1,0,0,0,38,37
1.0,0.0,65534,0,0,0,0,19,0,0,0,0,0,0,0,0,0,1,0,0,0,0,0,0,1,0,0,0,38,37
1.0,0.0,-1,-1,-1,0,0,4,0,0,0,0,0,0,0,0,0,1,0,0,0,0,0,0,1,0,0,0,13,13
1.0,0.0,-1,-1,-1,0,0,4,0,0,0,0,0,0,0,0,0,1,0,0,0,0,0,0,1,0,0,0,13,13
1.0,0.0,-1,-1,-1,0,0,4,0,0,0,0,0,0,0,0,0,1,0,0,0,0,0,0,1,0,0,0,13,13
1.0,0.0,-1,-1,-1,0,0,4,0,0,0,0,0,0,0,0,0,1,0,0,0,0,0,0,1,0,0,0,13,13
1.0,0.0,-1,-1,-1,0,0,4,0,0,0,0,0,0,0,0,0,1,0,0,0,0,0,0,1,0,0,0,13,13
1.0,0.0,0,-1,5,0,0,10,0,0,0,0,0,0,0,0,0,1,0,0,0,0,0,0,1,0,0,0,37,37
1.0,0.0,-1,-1,-1,0,0,5,0,0,0,0,0,0,0,0,0,1,0,0,0,0,0,0,1,0,0,0,13,13
1.0,0.0,0,0,0,0,0,24,0,0,0,0,0,0,0,0,0,1,0,0,0,0,0,0,1,0,0,0,18,22
1.0,0.0,-1,-1,-1,0,0,5,0,0,0,0,0,0,0,0,0,1,0,0,0,0,0,0,1,0,0,0,13,13
1.0,0.0,0,-1,5,0,0,9,0,0,0,0,0,0,0,0,0,1,0,0,0,0,0,0,1,0,0,0,19,22
1.0,0.0,-1,-1,-1,0,0,5,0,0,0,0,0,0,0,0,0,1,0,0,0,0,0,0,1,0,0,0,13,13
1.0,0.0,12503,0,0,0,0,20,0,0,0,0,0,0,0,0,0,1,0,0,0,0,0,0,1,0,0,0,22,22
1.0,0.0,12503,0,0,0,0,28,0,0,0,0,0,0,0,0,0,1,0,0,0,0,0,0,1,0,0,0,23,83
1.0,0.0,12503,0,0,0,0,31,0,0,0,0,0,0,0,0,0,1,0,0,0,0,0,0,1,0,0,0,24,22
1.0,0.0,-1,-1,-1,0,0,5,0,0,0,0,0,0,0,0,0,1,0,0,0,0,0,0,1,0,0,0,13,13
1.0,0.0,-1,-1,-1,0,0,4,0,0,0,0,0,0,0,0,0,1,0,0,0,0,0,0,1,0,0,0,13,13
1.0,0.0,-1,-1,-1,0,0,4,0,0,0,0,0,0,0,0,0,1,0,0,0,0,0,0,1,0,0,0,13,13
1.0,0.0,-1,-1,-1,0,0,4,0,0,0,0,0,0,0,0,0,1,0,0,0,0,0,0,1,0,0,0,13,13
1.0,0.0,-1,-1,-1,0,0,4,0,0,0,0,0,0,0,0,0,1,0,0,0,0,0,0,1,0,0,0,13,13
1.0,0.0,-1,-1,-1,0,0,4,0,0,0,0,0,0,0,0,0,1,0,0,0,0,0,0,1,0,0,0,13,13
1.0,0.0,126858,0,0,2,0,92,0,0,0,0,0,0,0,0,0,1,0,0,0,0,0,0,1,0,0,0,1,39
1.0,0.0,-1,-1,-1,0,0,4,0,0,0,0,0,0,0,0,0,1,0,0,0,0,0,0,1,0,0,0,13,13
1.0,0.0,-1,-1,-1,0,0,4,0,0,0,0,0,0,0,0,0,1,0,0,0,0,0,0,1,0,0,0,13,13
1.0,0.0,-1,-1,-1,0,0,4,0,0,0,0,0,0,0,0,0,1,0,0,0,0,0,0,1,0,0,0,13,13
1.0,0.0,12503,0,0,0,0,23,0,0,0,0,0,0,0,0,0,1,0,0,0,0,0,0,1,0,0,0,39,37
1.0,0.0,12503,0,0,0,0,22,0,0,0,0,0,0,0,0,0,1,0,0,0,0,0,0,1,0,0,0,26,39
1.0,0.0,12503,0,0,0,0,22,0,0,0,0,0,0,0,0,0,1,0,0,0,0,0,0,1,0,0,0,26,39
1.0,0.0,12503,0,0,0,0,31,0,0,0,0,0,0,0,0,0,1,0,0,0,0,0,0,1,0,0,0,28,39
1.0,0.0,12503,0,0,0,0,31,0,0,0,0,0,0,0,0,0,1,0,0,0,0,0,0,1,0,0,0,29,39
1.0,0.0,12503,0,0,0,0,16,0,0,0,0,0,0,0,0,0,1,0,0,0,0,0,0,1,0,0,0,30,39
1.0,0.0,12503,0,0,0,0,22,0,0,0,0,0,0,0,0,0,1,0,0,0,0,0,0,1,0,0,0,26,39
1.0,0.0,12503,0,0,0,0,28,0,0,0,0,0,0,0,0,0,1,0,0,0,0,0,0,1,0,0,0,31,39
1.0,0.0,12503,0,0,2,0,20,0,0,0,0,0,0,0,0,0,1,0,0,0,0,0,0,1,0,0,0,5,31
1.0,0.0,12503,0,0,0,0,28,0,0,0,0,0,0,0,0,0,1,0,0,0,0,0,0,1,0,0,0,31,39
1.0,0.0,12503,0,0,2,0,20,0,0,0,0,0,0,0,0,0,1,0,0,0,0,0,0,1,0,0,0,5,31
1.0,0.0,12503,0,0,0,0,28,0,0,0,0,0,0,0,0,0,1,0,0,0,0,0,0,1,0,0,0,31,39
1.0,0.0,12503,0,0,2,0,20,0,0,0,0,0,0,0,0,0,1,0,0,0,0,0,0,1,0,0,0,5,31
1.0,0.0,12503,0,0,0,0,20,0,0,0,0,0,0,0,0,0,1,0,0,0,0,0,0,1,0,0,0,8,39
1.0,0.0,12503,0,0,0,0,16,0,0,0,0,0,0,0,0,0,1,0,0,0,0,0,0,1,0,0,0,30,39
1.0,0.0,12503,0,0,2,0,31,0,0,0,0,0,0,0,0,0,1,0,0,0,0,0,0,1,0,0,0,8,39
1.0,0.0,12503,0,0,0,0,40,0,0,0,0,0,0,0,0,0,1,0,0,0,0,0,0,1,0,0,0,32,39
1.0,0.0,12503,0,0,0,0,16,0,0,0,0,0,0,0,0,0,1,0,0,0,0,0,0,1,0,0,0,30,39
1.0,0.0,12503,0,0,0,0,40,0,0,0,0,0,0,0,0,0,1,0,0,0,0,0,0,1,0,0,0,32,39
1.0,0.0,12503,0,0,0,0,40,0,0,0,0,0,0,0,0,0,1,0,0,0,0,0,0,1,0,0,0,32,39
1.0,0.0,12503,0,0,0,0,22,0,0,0,0,0,0,0,0,0,1,0,0,0,0,0,0,1,0,0,0,26,39
1.0,0.0,12503,0,0,0,0,40,0,0,0,0,0,0,0,0,0,1,0,0,0,0,0,0,1,0,0,0,32,39
1.0,0.0,12503,0,0,0,0,16,0,0,0,0,0,0,0,0,0,1,0,0,0,0,0,0,1,0,0,0,30,39
1.0,0.0,12503,0,0,0,0,50,0,0,0,0,0,0,0,0,0,1,0,0,0,0,0,0,1,0,0,0,32,39
1.0,0.0,12503,0,0,0,0,50,0,0,0,0,0,0,0,0,0,1,0,0,0,0,0,0,1,0,0,0,32,39
1.0,0.0,12503,0,0,0,0,40,0,0,0,0,0,0,0,0,0,1,0,0,0,0,0,0,1,0,0,0,32,39
1.0,0.0,12503,0,0,0,0,26,0,0,0,0,0,0,0,0,0,1,0,0,0,0,0,0,1,0,0,0,47,37
1.0,0.0,-1,-1,-1,0,0,4,0,0,0,0,0,0,0,0,0,1,0,0,0,0,0,0,1,0,0,0,13,13
1.0,0.0,-1,-1,-1,0,0,4,0,0,0,0,0,0,0,0,0,1,0,0,0,0,0,0,1,0,0,0,13,13
1.0,0.0,-1,-1,-1,0,0,4,0,0,0,0,0,0,0,0,0,1,0,0,0,0,0,0,1,0,0,0,13,13
1.0,0.0,-1,-1,-1,0,0,4,0,0,0,0,0,0,0,0,0,1,0,0,0,0,0,0,1,0,0,0,13,13
1.0,0.0,-1,-1,-1,0,0,4,0,0,0,0,0,0,0,0,0,1,0,0,0,0,0,0,1,0,0,0,13,13
1.0,0.0,-1,-1,-1,0,0,4,0,0,0,0,0,0,0,0,0,1,0,0,0,0,0,0,1,0,0,0,13,13
1.0,0.0,-1,-1,-1,0,0,4,0,0,0,0,0,0,0,0,0,1,0,0,0,0,0,0,1,0,0,0,13,13
1.0,0.0,-1,-1,-1,0,0,4,0,0,0,0,0,0,0,0,0,1,0,0,0,0,0,0,1,0,0,0,13,13
1.0,0.0,-1,-1,-1,0,0,4,0,0,0,0,0,0,0,0,0,1,0,0,0,0,0,0,1,0,0,0,13,13
1.0,0.0,12503,0,0,0,0,23,0,0,0,0,0,0,0,0,0,1,0,0,0,0,0,0,1,0,0,0,24,22
1.0,0.0,0,0,0,0,0,19,0,0,0,0,0,0,0,0,0,1,0,0,0,0,0,0,1,0,0,0,37,37
1.0,0.0,-1,-1,-1,0,0,5,0,0,0,0,0,0,0,0,0,1,0,0,0,0,0,0,1,0,0,0,13,13
1.0,0.0,0,0,0,0,0,24,0,0,0,0,0,0,0,0,0,1,0,0,0,0,0,0,1,0,0,0,18,22
1.0,0.0,-1,-1,-1,0,0,4,0,0,0,0,0,0,0,0,0,1,0,0,0,0,0,0,1,0,0,0,13,13
1.0,0.0,-1,-1,-1,0,0,4,0,0,0,0,0,0,0,0,0,1,0,0,0,0,0,0,1,0,0,0,13,13
1.0,0.0,-1,-1,-1,0,0,4,0,0,0,0,0,0,0,0,0,1,0,0,0,0,0,0,1,0,0,0,13,13
1.0,0.0,-1,-1,-1,0,0,4,0,0,0,0,0,0,0,0,0,1,0,0,0,0,0,0,1,0,0,0,13,13
1.0,0.0,-1,-1,-1,0,0,4,0,0,0,0,0,0,0,0,0,1,0,0,0,0,0,0,1,0,0,0,13,13
1.0,0.0,-1,-1,-1,0,0,5,0,0,0,0,0,0,0,0,0,1,0,0,0,0,0,0,1,0,0,0,13,13
1.0,0.0,65534,0,0,0,0,19,0,0,0,0,0,0,0,0,0,1,0,0,0,0,0,0,1,0,0,0,38,37
1.0,0.0,65534,0,0,0,0,19,0,0,0,0,0,0,0,0,0,1,0,0,0,0,0,0,1,0,0,0,38,37
1.0,0.0,-1,-1,-1,0,0,4,0,0,0,0,0,0,0,0,0,1,0,0,0,0,0,0,1,0,0,0,13,13
1.0,0.0,-1,-1,-1,0,0,4,0,0,0,0,0,0,0,0,0,1,0,0,0,0,0,0,1,0,0,0,13,13
1.0,0.0,-1,-1,-1,0,0,4,0,0,0,0,0,0,0,0,0,1,0,0,0,0,0,0,1,0,0,0,13,13
1.0,0.0,-1,-1,-1,0,0,4,0,0,0,0,0,0,0,0,0,1,0,0,0,0,0,0,1,0,0,0,13,13
1.0,0.0,-1,-1,-1,0,0,4,0,0,0,0,0,0,0,0,0,1,0,0,0,0,0,0,1,0,0,0,13,13
1.0,0.0,0,-1,5,0,0,10,0,0,0,0,0,0,0,0,0,1,0,0,0,0,0,0,1,0,0,0,37,37
1.0,0.0,-1,-1,-1,0,0,5,0,0,0,0,0,0,0,0,0,1,0,0,0,0,0,0,1,0,0,0,13,13
1.0,0.0,0,0,0,0,0,24,0,0,0,0,0,0,0,0,0,1,0,0,0,0,0,0,1,0,0,0,18,22
1.0,0.0,-1,-1,-1,0,0,5,0,0,0,0,0,0,0,0,0,1,0,0,0,0,0,0,1,0,0,0,13,13
1.0,0.0,0,-1,5,0,0,9,0,0,0,0,0,0,0,0,0,1,0,0,0,0,0,0,1,0,0,0,19,22
1.0,0.0,-1,-1,-1,0,0,5,0,0,0,0,0,0,0,0,0,1,0,0,0,0,0,0,1,0,0,0,13,13
1.0,0.0,12503,0,0,0,0,20,0,0,0,0,0,0,0,0,0,1,0,0,0,0,0,0,1,0,0,0,22,22
1.0,0.0,12503,0,0,0,0,28,0,0,0,0,0,0,0,0,0,1,0,0,0,0,0,0,1,0,0,0,23,83
1.0,0.0,12503,0,0,0,0,31,0,0,0,0,0,0,0,0,0,1,0,0,0,0,0,0,1,0,0,0,24,22
1.0,0.0,-1,-1,-1,0,0,5,0,0,0,0,0,0,0,0,0,1,0,0,0,0,0,0,1,0,0,0,13,13
1.0,0.0,-1,-1,-1,0,0,4,0,0,0,0,0,0,0,0,0,1,0,0,0,0,0,0,1,0,0,0,13,13
1.0,0.0,-1,-1,-1,0,0,4,0,0,0,0,0,0,0,0,0,1,0,0,0,0,0,0,1,0,0,0,13,13
1.0,0.0,-1,-1,-1,0,0,4,0,0,0,0,0,0,0,0,0,1,0,0,0,0,0,0,1,0,0,0,13,13
1.0,0.0,-1,-1,-1,0,0,4,0,0,0,0,0,0,0,0,0,1,0,0,0,0,0,0,1,0,0,0,13,13
1.0,0.0,-1,-1,-1,0,0,4,0,0,0,0,0,0,0,0,0,1,0,0,0,0,0,0,1,0,0,0,13,13
1.0,0.0,-1,-1,-1,0,0,4,0,0,0,0,0,0,0,0,0,1,0,0,0,0,0,0,1,0,0,0,13,13
1.0,0.0,-1,-1,-1,0,0,4,0,0,0,0,0,0,0,0,0,1,0,0,0,0,0,0,1,0,0,0,13,13
1.0,0.0,-1,-1,-1,0,0,4,0,0,0,0,0,0,0,0,0,1,0,0,0,0,0,0,1,0,0,0,13,13
1.0,0.0,12503,0,0,0,0,23,0,0,0,0,0,0,0,0,0,1,0,0,0,0,0,0,1,0,0,0,39,37
1.0,0.0,12503,0,0,0,0,22,0,0,0,0,0,0,0,0,0,1,0,0,0,0,0,0,1,0,0,0,26,39
1.0,0.0,12503,0,0,0,0,22,0,0,0,0,0,0,0,0,0,1,0,0,0,0,0,0,1,0,0,0,26,39
1.0,0.0,12503,0,0,0,0,31,0,0,0,0,0,0,0,0,0,1,0,0,0,0,0,0,1,0,0,0,28,39
1.0,0.0,12503,0,0,0,0,31,0,0,0,0,0,0,0,0,0,1,0,0,0,0,0,0,1,0,0,0,29,39
1.0,0.0,12503,0,0,0,0,16,0,0,0,0,0,0,0,0,0,1,0,0,0,0,0,0,1,0,0,0,30,39
1.0,0.0,12503,0,0,0,0,22,0,0,0,0,0,0,0,0,0,1,0,0,0,0,0,0,1,0,0,0,26,39
1.0,0.0,12503,0,0,0,0,28,0,0,0,0,0,0,0,0,0,1,0,0,0,0,0,0,1,0,0,0,31,39
1.0,0.0,12503,0,0,2,0,20,0,0,0,0,0,0,0,0,0,1,0,0,0,0,0,0,1,0,0,0,5,31
1.0,0.0,12503,0,0,0,0,28,0,0,0,0,0,0,0,0,0,1,0,0,0,0,0,0,1,0,0,0,31,39
1.0,0.0,12503,0,0,2,0,20,0,0,0,0,0,0,0,0,0,1,0,0,0,0,0,0,1,0,0,0,5,31
1.0,0.0,12503,0,0,0,0,28,0,0,0,0,0,0,0,0,0,1,0,0,0,0,0,0,1,0,0,0,31,39
1.0,0.0,12503,0,0,2,0,20,0,0,0,0,0,0,0,0,0,1,0,0,0,0,0,0,1,0,0,0,5,31
1.0,0.0,12503,0,0,0,0,20,0,0,0,0,0,0,0,0,0,1,0,0,0,0,0,0,1,0,0,0,8,39
1.0,0.0,12503,0,0,0,0,16,0,0,0,0,0,0,0,0,0,1,0,0,0,0,0,0,1,0,0,0,30,39
1.0,0.0,12503,0,0,2,0,31,0,0,0,0,0,0,0,0,0,1,0,0,0,0,0,0,1,0,0,0,8,39
1.0,0.0,12503,0,0,0,0,40,0,0,0,0,0,0,0,0,0,1,0,0,0,0,0,0,1,0,0,0,32,39
1.0,0.0,12503,0,0,0,0,16,0,0,0,0,0,0,0,0,0,1,0,0,0,0,0,0,1,0,0,0,30,39
1.0,0.0,12503,0,0,0,0,40,0,0,0,0,0,0,0,0,0,1,0,0,0,0,0,0,1,0,0,0,32,39
1.0,0.0,12503,0,0,0,0,40,0,0,0,0,0,0,0,0,0,1,0,0,0,0,0,0,1,0,0,0,32,39
1.0,0.0,12503,0,0,0,0,19,0,0,0,0,0,0,0,0,0,1,0,0,0,0,0,0,1,0,0,0,26,13
1.0,0.0,12503,0,0,0,0,40,0,0,0,0,0,0,0,0,0,1,0,0,0,0,0,0,1,0,0,0,32,39
1.0,0.0,12503,0,0,0,0,16,0,0,0,0,0,0,0,0,0,1,0,0,0,0,0,0,1,0,0,0,30,39
1.0,0.0,12503,0,0,0,0,50,0,0,0,0,0,0,0,0,0,1,0,0,0,0,0,0,1,0,0,0,32,39
1.0,0.0,12503,0,0,0,0,50,0,0,0,0,0,0,0,0,0,1,0,0,0,0,0,0,1,0,0,0,32,39
1.0,0.0,12503,0,0,0,0,40,0,0,0,0,0,0,0,0,0,1,0,0,0,0,0,0,1,0,0,0,32,39
1.0,0.0,12503,0,0,0,0,26,0,0,0,0,0,0,0,0,0,1,0,0,0,0,0,0,1,0,0,0,47,37
1.0,0.0,-1,-1,-1,0,0,4,0,0,0,0,0,0,0,0,0,1,0,0,0,0,0,0,1,0,0,0,13,13
1.0,0.0,-1,-1,-1,0,0,4,0,0,0,0,0,0,0,0,0,1,0,0,0,0,0,0,1,0,0,0,13,13
1.0,0.0,-1,-1,-1,0,0,4,0,0,0,0,0,0,0,0,0,1,0,0,0,0,0,0,1,0,0,0,13,13
1.0,0.0,-1,-1,-1,0,0,4,0,0,0,0,0,0,0,0,0,1,0,0,0,0,0,0,1,0,0,0,13,13
1.0,0.0,-1,-1,-1,0,0,4,0,0,0,0,0,0,0,0,0,1,0,0,0,0,0,0,1,0,0,0,13,13
1.0,0.0,-1,-1,-1,0,0,4,0,0,0,0,0,0,0,0,0,1,0,0,0,0,0,0,1,0,0,0,13,13
1.0,0.0,-1,-1,-1,0,0,4,0,0,0,0,0,0,0,0,0,1,0,0,0,0,0,0,1,0,0,0,13,13
1.0,0.0,-1,-1,-1,0,0,4,0,0,0,0,0,0,0,0,0,1,0,0,0,0,0,0,1,0,0,0,13,13
1.0,0.0,-1,-1,-1,0,0,4,0,0,0,0,0,0,0,0,0,1,0,0,0,0,0,0,1,0,0,0,13,13
1.0,0.0,12503,0,0,0,0,23,0,0,0,0,0,0,0,0,0,1,0,0,0,0,0,0,1,0,0,0,24,22
1.0,0.0,0,0,0,0,0,19,0,0,0,0,0,0,0,0,0,1,0,0,0,0,0,0,1,0,0,0,37,37
1.0,0.0,-1,-1,-1,0,0,5,0,0,0,0,0,0,0,0,0,1,0,0,0,0,0,0,1,0,0,0,13,13
1.0,0.0,0,0,0,0,0,24,0,0,0,0,0,0,0,0,0,1,0,0,0,0,0,0,1,0,0,0,18,22
1.0,0.0,-1,-1,-1,0,0,4,0,0,0,0,0,0,0,0,0,1,0,0,0,0,0,0,1,0,0,0,13,13
1.0,0.0,-1,-1,-1,0,0,4,0,0,0,0,0,0,0,0,0,1,0,0,0,0,0,0,1,0,0,0,13,13
1.0,0.0,-1,-1,-1,0,0,4,0,0,0,0,0,0,0,0,0,1,0,0,0,0,0,0,1,0,0,0,13,13
1.0,0.0,-1,-1,-1,0,0,4,0,0,0,0,0,0,0,0,0,1,0,0,0,0,0,0,1,0,0,0,13,13
1.0,0.0,-1,-1,-1,0,0,4,0,0,0,0,0,0,0,0,0,1,0,0,0,0,0,0,1,0,0,0,13,13
1.0,0.0,65534,0,0,0,0,19,0,0,0,0,0,0,0,0,0,1,0,0,0,0,0,0,1,0,0,0,38,37
1.0,0.0,-1,-1,-1,0,0,5,0,0,0,0,0,0,0,0,0,1,0,0,0,0,0,0,1,0,0,0,13,13
1.0,0.0,65534,0,0,0,0,19,0,0,0,0,0,0,0,0,0,1,0,0,0,0,0,0,1,0,0,0,38,37
1.0,0.0,-1,-1,-1,0,0,4,0,0,0,0,0,0,0,0,0,1,0,0,0,0,0,0,1,0,0,0,13,13
1.0,0.0,-1,-1,-1,0,0,4,0,0,0,0,0,0,0,0,0,1,0,0,0,0,0,0,1,0,0,0,13,13
1.0,0.0,-1,-1,-1,0,0,4,0,0,0,0,0,0,0,0,0,1,0,0,0,0,0,0,1,0,0,0,13,13
1.0,0.0,-1,-1,-1,0,0,4,0,0,0,0,0,0,0,0,0,1,0,0,0,0,0,0,1,0,0,0,13,13
1.0,0.0,-1,-1,-1,0,0,4,0,0,0,0,0,0,0,0,0,1,0,0,0,0,0,0,1,0,0,0,13,13
1.0,0.0,0,-1,5,0,0,10,0,0,0,0,0,0,0,0,0,1,0,0,0,0,0,0,1,0,0,0,37,37
1.0,0.0,-1,-1,-1,0,0,5,0,0,0,0,0,0,0,0,0,1,0,0,0,0,0,0,1,0,0,0,13,13
1.0,0.0,0,0,0,0,0,24,0,0,0,0,0,0,0,0,0,1,0,0,0,0,0,0,1,0,0,0,18,22
1.0,0.0,-1,-1,-1,0,0,5,0,0,0,0,0,0,0,0,0,1,0,0,0,0,0,0,1,0,0,0,13,13
1.0,0.0,0,-1,5,0,0,9,0,0,0,0,0,0,0,0,0,1,0,0,0,0,0,0,1,0,0,0,19,22
1.0,0.0,-1,-1,-1,0,0,5,0,0,0,0,0,0,0,0,0,1,0,0,0,0,0,0,1,0,0,0,13,13
1.0,0.0,12503,0,0,0,0,20,0,0,0,0,0,0,0,0,0,1,0,0,0,0,0,0,1,0,0,0,22,22
1.0,0.0,12503,0,0,0,0,28,0,0,0,0,0,0,0,0,0,1,0,0,0,0,0,0,1,0,0,0,23,83
1.0,0.0,12503,0,0,0,0,31,0,0,0,0,0,0,0,0,0,1,0,0,0,0,0,0,1,0,0,0,24,22
1.0,0.0,-1,-1,-1,0,0,5,0,0,0,0,0,0,0,0,0,1,0,0,0,0,0,0,1,0,0,0,13,13
1.0,0.0,-1,-1,-1,0,0,4,0,0,0,0,0,0,0,0,0,1,0,0,0,0,0,0,1,0,0,0,13,13
1.0,0.0,-1,-1,-1,0,0,4,0,0,0,0,0,0,0,0,0,1,0,0,0,0,0,0,1,0,0,0,13,13
1.0,0.0,-1,-1,-1,0,0,4,0,0,0,0,0,0,0,0,0,1,0,0,0,0,0,0,1,0,0,0,13,13
1.0,0.0,-1,-1,-1,0,0,4,0,0,0,0,0,0,0,0,0,1,0,0,0,0,0,0,1,0,0,0,13,13
1.0,0.0,-1,-1,-1,0,0,4,0,0,0,0,0,0,0,0,0,1,0,0,0,0,0,0,1,0,0,0,13,13
1.0,0.0,-1,-1,-1,0,0,4,0,0,0,0,0,0,0,0,0,1,0,0,0,0,0,0,1,0,0,0,13,13
1.0,0.0,-1,-1,-1,0,0,4,0,0,0,0,0,0,0,0,0,1,0,0,0,0,0,0,1,0,0,0,13,13
1.0,0.0,-1,-1,-1,0,0,4,0,0,0,0,0,0,0,0,0,1,0,0,0,0,0,0,1,0,0,0,13,13
1.0,0.0,12503,0,0,0,0,23,0,0,0,0,0,0,0,0,0,1,0,0,0,0,0,0,1,0,0,0,39,37
1.0,0.0,12503,0,0,0,0,22,0,0,0,0,0,0,0,0,0,1,0,0,0,0,0,0,1,0,0,0,26,39
1.0,0.0,12503,0,0,0,0,22,0,0,0,0,0,0,0,0,0,1,0,0,0,0,0,0,1,0,0,0,26,39
1.0,0.0,12503,0,0,0,0,31,0,0,0,0,0,0,0,0,0,1,0,0,0,0,0,0,1,0,0,0,28,39
1.0,0.0,12503,0,0,0,0,31,0,0,0,0,0,0,0,0,0,1,0,0,0,0,0,0,1,0,0,0,29,39
1.0,0.0,12503,0,0,0,0,16,0,0,0,0,0,0,0,0,0,1,0,0,0,0,0,0,1,0,0,0,30,39
1.0,0.0,12503,0,0,0,0,22,0,0,0,0,0,0,0,0,0,1,0,0,0,0,0,0,1,0,0,0,26,39
1.0,0.0,12503,0,0,0,0,28,0,0,0,0,0,0,0,0,0,1,0,0,0,0,0,0,1,0,0,0,31,39
1.0,0.0,12503,0,0,2,0,20,0,0,0,0,0,0,0,0,0,1,0,0,0,0,0,0,1,0,0,0,5,31
1.0,0.0,12503,0,0,0,0,28,0,0,0,0,0,0,0,0,0,1,0,0,0,0,0,0,1,0,0,0,31,39
1.0,0.0,12503,0,0,2,0,20,0,0,0,0,0,0,0,0,0,1,0,0,0,0,0,0,1,0,0,0,5,31
1.0,0.0,12503,0,0,0,0,28,0,0,0,0,0,0,0,0,0,1,0,0,0,0,0,0,1,0,0,0,31,39
1.0,0.0,12503,0,0,2,0,20,0,0,0,0,0,0,0,0,0,1,0,0,0,0,0,0,1,0,0,0,5,31
1.0,0.0,12503,0,0,0,0,20,0,0,0,0,0,0,0,0,0,1,0,0,0,0,0,0,1,0,0,0,8,39
1.0,0.0,12503,0,0,0,0,16,0,0,0,0,0,0,0,0,0,1,0,0,0,0,0,0,1,0,0,0,30,39
1.0,0.0,12503,0,0,2,0,31,0,0,0,0,0,0,0,0,0,1,0,0,0,0,0,0,1,0,0,0,8,39
1.0,0.0,12503,0,0,0,0,40,0,0,0,0,0,0,0,0,0,1,0,0,0,0,0,0,1,0,0,0,32,39
1.0,0.0,12503,0,0,0,0,16,0,0,0,0,0,0,0,0,0,1,0,0,0,0,0,0,1,0,0,0,30,39
1.0,0.0,12503,0,0,0,0,40,0,0,0,0,0,0,0,0,0,1,0,0,0,0,0,0,1,0,0,0,32,39
1.0,0.0,0,0,0,0,0,16,0,0,0,0,0,0,0,0,0,1,0,0,0,0,0,0,1,0,0,0,7,2
1.0,0.0,0,0,0,0,0,16,0,0,0,0,0,0,0,0,0,1,0,0,0,0,0,0,1,0,0,0,10,2
1.0,0.0,0,12288,0,0,0,16,0,0,0,0,0,0,0,0,0,1,0,0,0,0,0,0,1,0,0,0,2,2
1.0,0.0,12503,0,0,0,0,40,0,0,0,0,0,0,0,0,0,1,0,0,0,0,0,0,1,0,0,0,32,39
1.0,0.0,0,0,0,0,0,16,0,0,0,0,0,0,0,0,0,1,0,0,0,0,0,0,1,0,0,0,7,2
1.0,0.0,0,0,0,0,0,16,0,0,0,0,0,0,0,0,0,1,0,0,0,0,0,0,1,0,0,0,7,2
1.0,0.0,0,0,0,0,0,16,0,0,0,0,0,0,0,0,0,1,0,0,0,0,0,0,1,0,0,0,54,2
1.0,0.0,12503,0,0,0,0,22,0,0,0,0,0,0,0,0,0,1,0,0,0,0,0,0,1,0,0,0,26,39
1.0,0.0,12503,0,0,0,0,40,0,0,0,0,0,0,0,0,0,1,0,0,0,0,0,0,1,0,0,0,32,39
1.0,0.0,12503,0,0,0,0,16,0,0,0,0,0,0,0,0,0,1,0,0,0,0,0,0,1,0,0,0,30,39
1.0,0.0,12503,0,0,0,0,50,0,0,0,0,0,0,0,0,0,1,0,0,0,0,0,0,1,0,0,0,32,39
1.0,0.0,12503,0,0,0,0,50,0,0,0,0,0,0,0,0,0,1,0,0,0,0,0,0,1,0,0,0,32,39
1.0,0.0,12503,0,0,0,0,40,0,0,0,0,0,0,0,0,0,1,0,0,0,0,0,0,1,0,0,0,32,39
1.0,0.0,12503,0,0,0,0,26,0,0,0,0,0,0,0,0,0,1,0,0,0,0,0,0,1,0,0,0,47,37
1.0,0.0,-1,-1,-1,0,0,4,0,0,0,0,0,0,0,0,0,1,0,0,0,0,0,0,1,0,0,0,13,13
1.0,0.0,-1,-1,-1,0,0,4,0,0,0,0,0,0,0,0,0,1,0,0,0,0,0,0,1,0,0,0,13,13
1.0,0.0,-1,-1,-1,0,0,4,0,0,0,0,0,0,0,0,0,1,0,0,0,0,0,0,1,0,0,0,13,13
1.0,0.0,-1,-1,-1,0,0,4,0,0,0,0,0,0,0,0,0,1,0,0,0,0,0,0,1,0,0,0,13,13
1.0,0.0,-1,-1,-1,0,0,4,0,0,0,0,0,0,0,0,0,1,0,0,0,0,0,0,1,0,0,0,13,13
1.0,0.0,-1,-1,-1,0,0,4,0,0,0,0,0,0,0,0,0,1,0,0,0,0,0,0,1,0,0,0,13,13
1.0,0.0,-1,-1,-1,0,0,4,0,0,0,0,0,0,0,0,0,1,0,0,0,0,0,0,1,0,0,0,13,13
1.0,0.0,-1,-1,-1,0,0,4,0,0,0,0,0,0,0,0,0,1,0,0,0,0,0,0,1,0,0,0,13,13
1.0,0.0,-1,-1,-1,0,0,4,0,0,0,0,0,0,0,0,0,1,0,0,0,0,0,0,1,0,0,0,13,13
1.0,0.0,12503,0,0,0,0,23,0,0,0,0,0,0,0,0,0,1,0,0,0,0,0,0,1,0,0,0,24,22
1.0,0.0,-1,-1,-1,0,0,5,0,0,0,0,0,0,0,0,0,1,0,0,0,0,0,0,1,0,0,0,13,13
1.0,0.0,0,0,0,0,0,24,0,0,0,0,0,0,0,0,0,1,0,0,0,0,0,0,1,0,0,0,18,22
1.0,0.0,-1,-1,-1,0,0,5,0,0,0,0,0,0,0,0,0,1,0,0,0,0,0,0,1,0,0,0,13,13
1.0,0.0,0,0,0,0,0,19,0,0,0,0,0,0,0,0,0,1,0,0,0,0,0,0,1,0,0,0,37,37
1.0,0.0,-1,-1,-1,0,0,4,0,0,0,0,0,0,0,0,0,1,0,0,0,0,0,0,1,0,0,0,13,13
1.0,0.0,-1,-1,-1,0,0,4,0,0,0,0,0,0,0,0,0,1,0,0,0,0,0,0,1,0,0,0,13,13
1.0,0.0,-1,-1,-1,0,0,4,0,0,0,0,0,0,0,0,0,1,0,0,0,0,0,0,1,0,0,0,13,13
1.0,0.0,-1,-1,-1,0,0,4,0,0,0,0,0,0,0,0,0,1,0,0,0,0,0,0,1,0,0,0,13,13
1.0,0.0,-1,-1,-1,0,0,4,0,0,0,0,0,0,0,0,0,1,0,0,0,0,0,0,1,0,0,0,13,13
1.0,0.0,65534,0,0,0,0,19,0,0,0,0,0,0,0,0,0,1,0,0,0,0,0,0,1,0,0,0,38,37
1.0,0.0,-1,-1,-1,0,0,4,0,0,0,0,0,0,0,0,0,1,0,0,0,0,0,0,1,0,0,0,13,13
1.0,0.0,-1,-1,-1,0,0,4,0,0,0,0,0,0,0,0,0,1,0,0,0,0,0,0,1,0,0,0,13,13
1.0,0.0,-1,-1,-1,0,0,4,0,0,0,0,0,0,0,0,0,1,0,0,0,0,0,0,1,0,0,0,13,13
1.0,0.0,-1,-1,-1,0,0,4,0,0,0,0,0,0,0,0,0,1,0,0,0,0,0,0,1,0,0,0,13,13
1.0,0.0,-1,-1,-1,0,0,4,0,0,0,0,0,0,0,0,0,1,0,0,0,0,0,0,1,0,0,0,13,13
1.0,0.0,0,-1,5,0,0,10,0,0,0,0,0,0,0,0,0,1,0,0,0,0,0,0,1,0,0,0,37,37
1.0,0.0,-1,-1,-1,0,0,5,0,0,0,0,0,0,0,0,0,1,0,0,0,0,0,0,1,0,0,0,13,13
1.0,0.0,0,0,0,0,0,24,0,0,0,0,0,0,0,0,0,1,0,0,0,0,0,0,1,0,0,0,18,22
1.0,0.0,-1,-1,-1,0,0,5,0,0,0,0,0,0,0,0,0,1,0,0,0,0,0,0,1,0,0,0,13,13
1.0,0.0,0,-1,5,0,0,9,0,0,0,0,0,0,0,0,0,1,0,0,0,0,0,0,1,0,0,0,19,22
1.0,0.0,-1,-1,-1,0,0,5,0,0,0,0,0,0,0,0,0,1,0,0,0,0,0,0,1,0,0,0,13,13
1.0,0.0,12571,0,0,0,0,20,0,0,0,0,0,0,0,0,0,1,0,0,0,0,0,0,1,0,0,0,22,22
1.0,0.0,12571,0,0,0,0,28,0,0,0,0,0,0,0,0,0,1,0,0,0,0,0,0,1,0,0,0,23,83
1.0,0.0,12571,0,0,0,0,31,0,0,0,0,0,0,0,0,0,1,0,0,0,0,0,0,1,0,0,0,24,22
1.0,0.0,-1,-1,-1,0,0,5,0,0,0,0,0,0,0,0,0,1,0,0,0,0,0,0,1,0,0,0,13,13
1.0,0.0,-1,-1,-1,0,0,4,0,0,0,0,0,0,0,0,0,1,0,0,0,0,0,0,1,0,0,0,13,13
1.0,0.0,-1,-1,-1,0,0,4,0,0,0,0,0,0,0,0,0,1,0,0,0,0,0,0,1,0,0,0,13,13
1.0,0.0,-1,-1,-1,0,0,4,0,0,0,0,0,0,0,0,0,1,0,0,0,0,0,0,1,0,0,0,13,13
1.0,0.0,-1,-1,-1,0,0,4,0,0,0,0,0,0,0,0,0,1,0,0,0,0,0,0,1,0,0,0,13,13
1.0,0.0,-1,-1,-1,0,0,4,0,0,0,0,0,0,0,0,0,1,0,0,0,0,0,0,1,0,0,0,13,13
1.0,0.0,-1,-1,-1,0,0,4,0,0,0,0,0,0,0,0,0,1,0,0,0,0,0,0,1,0,0,0,13,13
1.0,0.0,-1,-1,-1,0,0,4,0,0,0,0,0,0,0,0,0,1,0,0,0,0,0,0,1,0,0,0,13,13
1.0,0.0,-1,-1,-1,0,0,4,0,0,0,0,0,0,0,0,0,1,0,0,0,0,0,0,1,0,0,0,13,13
1.0,0.0,12571,0,0,0,0,19,0,0,0,0,0,0,0,0,0,1,0,0,0,0,0,0,1,0,0,0,39,37
1.0,0.0,12571,0,0,0,0,22,0,0,0,0,0,0,0,0,0,1,0,0,0,0,0,0,1,0,0,0,26,39
1.0,0.0,12571,0,0,0,0,22,0,0,0,0,0,0,0,0,0,1,0,0,0,0,0,0,1,0,0,0,26,39
1.0,0.0,12571,0,0,0,0,31,0,0,0,0,0,0,0,0,0,1,0,0,0,0,0,0,1,0,0,0,28,39
1.0,0.0,12571,0,0,0,0,31,0,0,0,0,0,0,0,0,0,1,0,0,0,0,0,0,1,0,0,0,29,39
1.0,0.0,12571,0,0,0,0,16,0,0,0,0,0,0,0,0,0,1,0,0,0,0,0,0,1,0,0,0,30,39
1.0,0.0,12571,0,0,0,0,22,0,0,0,0,0,0,0,0,0,1,0,0,0,0,0,0,1,0,0,0,26,39
1.0,0.0,12571,0,0,0,0,28,0,0,0,0,0,0,0,0,0,1,0,0,0,0,0,0,1,0,0,0,31,39
1.0,0.0,12571,0,0,2,0,20,0,0,0,0,0,0,0,0,0,1,0,0,0,0,0,0,1,0,0,0,5,31
1.0,0.0,12571,0,0,0,0,28,0,0,0,0,0,0,0,0,0,1,0,0,0,0,0,0,1,0,0,0,31,39
1.0,0.0,12571,0,0,2,0,20,0,0,0,0,0,0,0,0,0,1,0,0,0,0,0,0,1,0,0,0,5,31
1.0,0.0,12571,0,0,0,0,28,0,0,0,0,0,0,0,0,0,1,0,0,0,0,0,0,1,0,0,0,31,39
1.0,0.0,12571,0,0,2,0,20,0,0,0,0,0,0,0,0,0,1,0,0,0,0,0,0,1,0,0,0,5,31
1.0,0.0,12571,0,0,0,0,20,0,0,0,0,0,0,0,0,0,1,0,0,0,0,0,0,1,0,0,0,8,39
1.0,0.0,12571,0,0,0,0,16,0,0,0,0,0,0,0,0,0,1,0,0,0,0,0,0,1,0,0,0,30,39
1.0,0.0,12571,0,0,2,0,31,0,0,0,0,0,0,0,0,0,1,0,0,0,0,0,0,1,0,0,0,8,39
1.0,0.0,12571,0,0,0,0,40,0,0,0,0,0,0,0,0,0,1,0,0,0,0,0,0,1,0,0,0,32,39
1.0,0.0,12571,0,0,0,0,16,0,0,0,0,0,0,0,0,0,1,0,0,0,0,0,0,1,0,0,0,30,39
1.0,0.0,12571,0,0,0,0,40,0,0,0,0,0,0,0,0,0,1,0,0,0,0,0,0,1,0,0,0,32,39
1.0,0.0,12571,0,0,0,0,40,0,0,0,0,0,0,0,0,0,1,0,0,0,0,0,0,1,0,0,0,32,39
1.0,0.0,12571,0,0,0,0,22,0,0,0,0,0,0,0,0,0,1,0,0,0,0,0,0,1,0,0,0,26,39
1.0,0.0,12571,0,0,0,0,25,0,0,0,0,0,0,0,0,0,1,0,0,0,0,0,0,1,0,0,0,55,39
1.0,0.0,12571,0,0,0,0,40,0,0,0,0,0,0,0,0,0,1,0,0,0,0,0,0,1,0,0,0,32,55
1.0,0.0,0,0,0,0,0,16,0,0,0,0,0,0,0,0,0,1,0,0,0,0,0,0,1,0,0,0,7,2
1.0,0.0,12571,0,0,0,0,16,0,0,0,0,0,0,0,0,0,1,0,0,0,0,0,0,1,0,0,0,30,55
1.0,0.0,0,0,0,0,0,16,0,0,0,0,0,0,0,0,0,1,0,0,0,0,0,0,1,0,0,0,7,2
1.0,0.0,0,0,0,0,0,16,0,0,0,0,0,0,0,0,0,1,0,0,0,0,0,0,1,0,0,0,54,2
1.0,0.0,12571,0,0,0,0,42,0,0,0,0,0,0,0,0,0,1,0,0,0,0,0,0,1,0,0,0,32,55
1.0,0.0,12571,0,0,0,0,57,0,0,0,0,0,0,0,0,0,1,0,0,0,0,0,0,1,0,0,0,56,55
1.0,0.0,-1,-1,-1,0,0,4,0,0,0,0,0,0,0,0,0,1,0,0,0,0,0,0,1,0,0,0,13,13
1.0,0.0,-1,-1,-1,0,0,4,0,0,0,0,0,0,0,0,0,1,0,0,0,0,0,0,1,0,0,0,13,13
1.0,0.0,-1,-1,-1,0,0,4,0,0,0,0,0,0,0,0,0,1,0,0,0,0,0,0,1,0,0,0,13,13
1.0,0.0,-1,-1,-1,0,0,4,0,0,0,0,0,0,0,0,0,1,0,0,0,0,0,0,1,0,0,0,13,13
1.0,0.0,-1,-1,-1,0,0,4,0,0,0,0,0,0,0,0,0,1,0,0,0,0,0,0,1,0,0,0,13,13
1.0,0.0,-1,-1,-1,0,0,4,0,0,0,0,0,0,0,0,0,1,0,0,0,0,0,0,1,0,0,0,13,13
1.0,0.0,-1,-1,-1,0,0,4,0,0,0,0,0,0,0,0,0,1,0,0,0,0,0,0,1,0,0,0,13,13
1.0,0.0,-1,-1,-1,0,0,4,0,0,0,0,0,0,0,0,0,1,0,0,0,0,0,0,1,0,0,0,13,13
1.0,0.0,-1,-1,-1,0,0,4,0,0,0,0,0,0,0,0,0,1,0,0,0,0,0,0,1,0,0,0,13,13
1.0,0.0,12571,0,0,0,0,23,0,0,0,0,0,0,0,0,0,1,0,0,0,0,0,0,1,0,0,0,24,22
1.0,0.0,-1,-1,-1,0,0,5,0,0,0,0,0,0,0,0,0,1,0,0,0,0,0,0,1,0,0,0,13,13
1.0,0.0,0,0,0,0,0,24,0,0,0,0,0,0,0,0,0,1,0,0,0,0,0,0,1,0,0,0,18,22
1.0,0.0,-1,-1,-1,0,0,5,0,0,0,0,0,0,0,0,0,1,0,0,0,0,0,0,1,0,0,0,13,13
1.0,10.0,0,0,0,0,0,21,0,0,0,0,0,0,0,0,0,1,0,0,0,0,0,0,1,0,0,0,42,84
1.0,0.0,0,0,0,0,0,16,0,0,0,0,0,0,0,0,0,1,0,0,0,0,0,0,1,0,0,0,57,85
1.0,0.0,0,0,0,0,0,20,0,0,0,0,0,0,0,0,0,1,0,0,0,0,0,0,1,0,0,0,11,85
1.0,0.0,0,0,0,0,0,18,0,0,0,0,0,0,0,0,0,1,0,0,0,0,0,0,1,0,0,0,58,85
1.0,0.0,-1,-1,-1,0,0,4,0,0,0,0,0,0,0,0,0,1,0,0,0,0,0,0,1,0,0,0,13,13
1.0,0.0,-1,-1,-1,0,0,4,0,0,0,0,0,0,0,0,0,1,0,0,0,0,0,0,1,0,0,0,13,13
1.0,0.0,-1,-1,-1,0,0,4,0,0,0,0,0,0,0,0,0,1,0,0,0,0,0,0,1,0,0,0,13,13
1.0,0.0,-1,-1,-1,0,0,4,0,0,0,0,0,0,0,0,0,1,0,0,0,0,0,0,1,0,0,0,13,13
1.0,0.0,-1,-1,-1,0,0,7,0,0,0,0,0,0,0,0,0,1,0,0,0,0,0,0,1,0,0,0,13,13
1.0,0.0,-1,-1,-1,0,0,7,0,0,0,0,0,0,0,0,0,1,0,0,0,0,0,0,1,0,0,0,13,13
1.0,0.0,-1,-1,-1,0,0,4,0,0,0,0,0,0,0,0,0,1,0,0,0,0,0,0,1,0,0,0,13,13
1.0,0.0,-1,-1,-1,0,0,4,0,0,0,0,0,0,0,0,0,1,0,0,0,0,0,0,1,0,0,0,13,13
1.0,0.0,-1,-1,-1,0,0,4,0,0,0,0,0,0,0,0,0,1,0,0,0,0,0,0,1,0,0,0,13,13
1.0,0.0,126858,0,0,0,0,23,0,0,0,0,0,0,0,0,0,1,0,0,0,0,0,0,1,0,0,0,24,22
1.0,0.0,-1,-1,-1,0,0,5,0,0,0,0,0,0,0,0,0,1,0,0,0,0,0,0,1,0,0,0,13,13
1.0,0.0,0,0,0,0,0,24,0,0,0,0,0,0,0,0,0,1,0,0,0,0,0,0,1,0,0,0,18,22
1.0,0.0,-1,-1,-1,0,0,5,0,0,0,0,0,0,0,0,0,1,0,0,0,0,0,0,1,0,0,0,13,13
1.0,0.0,0,0,0,0,0,27,0,0,0,0,0,0,0,0,0,1,0,0,0,0,0,0,1,0,0,0,59,85
1.0,0.0,0,0,0,0,0,27,0,0,0,0,0,0,0,0,0,1,0,0,0,0,0,0,1,0,0,0,60,85
1.0,0.0,0,0,0,0,0,27,0,0,0,0,0,0,0,0,0,1,0,0,0,0,0,0,1,0,0,0,61,85
1.0,0.0,0,0,0,0,0,38,0,0,0,0,0,0,0,0,0,1,0,0,0,0,0,0,1,0,0,0,2,82
1.0,0.0,0,0,0,0,0,28,0,0,0,0,0,0,0,0,0,1,0,0,0,0,0,0,1,0,0,0,3,2
1.0,0.0,0,0,0,0,0,28,0,0,0,0,0,0,0,0,0,1,0,0,0,0,0,0,1,0,0,0,4,2
1.0,0.0,0,0,0,0,0,21,0,0,0,0,0,0,0,0,0,1,0,0,0,0,0,0,1,0,0,0,5,2
1.0,0.0,0,0,0,0,0,16,0,0,0,0,0,0,0,0,0,1,0,0,0,0,0,0,1,0,0,0,6,2
1.0,0.0,0,0,0,0,0,20,0,0,0,0,0,0,0,0,0,1,0,0,0,0,0,0,1,0,0,0,7,2
1.0,0.0,0,0,0,0,0,18,0,0,0,0,0,0,0,0,0,1,0,0,0,0,0,0,1,0,0,0,7,2
1.0,0.0,0,0,0,0,0,22,0,0,0,0,0,0,0,0,0,1,0,0,0,0,0,0,1,0,0,0,8,2
1.0,0.0,0,0,0,0,0,16,0,0,0,0,0,0,0,0,0,1,0,0,0,0,0,0,1,0,0,0,9,2
1.0,0.0,0,0,0,0,0,16,0,0,0,0,0,0,0,0,0,1,0,0,0,0,0,0,1,0,0,0,10,2
1.0,0.0,0,12288,0,0,0,16,0,0,0,0,0,0,0,0,0,1,0,0,0,0,0,0,1,0,0,0,2,2
1.0,0.0,0,0,0,0,0,19,0,0,0,0,0,0,0,0,0,1,0,0,0,0,0,0,1,0,0,0,37,37
1.0,0.0,0,0,0,0,0,19,0,0,0,0,0,0,0,0,0,1,0,0,0,0,0,0,1,0,0,0,37,37
1.0,0.0,-1,-1,-1,0,0,4,0,0,0,0,0,0,0,0,0,1,0,0,0,0,0,0,1,0,0,0,13,13
1.0,0.0,-1,-1,-1,0,0,4,0,0,0,0,0,0,0,0,0,1,0,0,0,0,0,0,1,0,0,0,13,13
1.0,0.0,-1,-1,-1,0,0,4,0,0,0,0,0,0,0,0,0,1,0,0,0,0,0,0,1,0,0,0,13,13
1.0,0.0,-1,-1,-1,0,0,4,0,0,0,0,0,0,0,0,0,1,0,0,0,0,0,0,1,0,0,0,13,13
1.0,0.0,-1,-1,-1,0,0,4,0,0,0,0,0,0,0,0,0,1,0,0,0,0,0,0,1,0,0,0,13,13
1.0,0.0,65534,0,0,0,0,19,0,0,0,0,0,0,0,0,0,1,0,0,0,0,0,0,1,0,0,0,38,37
1.0,0.0,-1,-1,-1,0,0,4,0,0,0,0,0,0,0,0,0,1,0,0,0,0,0,0,1,0,0,0,13,13
1.0,0.0,-1,-1,-1,0,0,4,0,0,0,0,0,0,0,0,0,1,0,0,0,0,0,0,1,0,0,0,13,13
1.0,0.0,-1,-1,-1,0,0,4,0,0,0,0,0,0,0,0,0,1,0,0,0,0,0,0,1,0,0,0,13,13
1.0,0.0,-1,-1,-1,0,0,4,0,0,0,0,0,0,0,0,0,1,0,0,0,0,0,0,1,0,0,0,13,13
1.0,0.0,-1,-1,-1,0,0,4,0,0,0,0,0,0,0,0,0,1,0,0,0,0,0,0,1,0,0,0,13,13
1.0,0.0,0,-1,5,0,0,10,0,0,0,0,0,0,0,0,0,1,0,0,0,0,0,0,1,0,0,0,37,37
1.0,0.0,-1,-1,-1,0,0,5,0,0,0,0,0,0,0,0,0,1,0,0,0,0,0,0,1,0,0,0,13,13
1.0,0.0,0,0,0,0,0,24,0,0,0,0,0,0,0,0,0,1,0,0,0,0,0,0,1,0,0,0,18,22
1.0,0.0,-1,-1,-1,0,0,5,0,0,0,0,0,0,0,0,0,1,0,0,0,0,0,0,1,0,0,0,13,13
1.0,0.0,0,-1,5,0,0,9,0,0,0,0,0,0,0,0,0,1,0,0,0,0,0,0,1,0,0,0,19,22
1.0,0.0,-1,-1,-1,0,0,5,0,0,0,0,0,0,0,0,0,1,0,0,0,0,0,0,1,0,0,0,13,13
1.0,0.0,12571,0,0,0,0,20,0,0,0,0,0,0,0,0,0,1,0,0,0,0,0,0,1,0,0,0,22,22
1.0,0.0,12571,0,0,0,0,28,0,0,0,0,0,0,0,0,0,1,0,0,0,0,0,0,1,0,0,0,23,83
1.0,0.0,12571,0,0,0,0,31,0,0,0,0,0,0,0,0,0,1,0,0,0,0,0,0,1,0,0,0,24,22
1.0,0.0,-1,-1,-1,0,0,5,0,0,0,0,0,0,0,0,0,1,0,0,0,0,0,0,1,0,0,0,13,13
1.0,0.0,-1,-1,-1,0,0,4,0,0,0,0,0,0,0,0,0,1,0,0,0,0,0,0,1,0,0,0,13,13
1.0,0.0,-1,-1,-1,0,0,4,0,0,0,0,0,0,0,0,0,1,0,0,0,0,0,0,1,0,0,0,13,13
1.0,0.0,-1,-1,-1,0,0,4,0,0,0,0,0,0,0,0,0,1,0,0,0,0,0,0,1,0,0,0,13,13
1.0,0.0,-1,-1,-1,0,0,4,0,0,0,0,0,0,0,0,0,1,0,0,0,0,0,0,1,0,0,0,13,13
1.0,0.0,-1,-1,-1,0,0,4,0,0,0,0,0,0,0,0,0,1,0,0,0,0,0,0,1,0,0,0,13,13
1.0,0.0,-1,-1,-1,0,0,4,0,0,0,0,0,0,0,0,0,1,0,0,0,0,0,0,1,0,0,0,13,13
1.0,0.0,-1,-1,-1,0,0,4,0,0,0,0,0,0,0,0,0,1,0,0,0,0,0,0,1,0,0,0,13,13
1.0,0.0,-1,-1,-1,0,0,4,0,0,0,0,0,0,0,0,0,1,0,0,0,0,0,0,1,0,0,0,13,13
1.0,0.0,12571,0,0,0,0,19,0,0,0,0,0,0,0,0,0,1,0,0,0,0,0,0,1,0,0,0,39,37
1.0,0.0,12571,0,0,0,0,22,0,0,0,0,0,0,0,0,0,1,0,0,0,0,0,0,1,0,0,0,26,39
1.0,0.0,12571,0,0,0,0,22,0,0,0,0,0,0,0,0,0,1,0,0,0,0,0,0,1,0,0,0,26,39
1.0,0.0,12571,0,0,0,0,31,0,0,0,0,0,0,0,0,0,1,0,0,0,0,0,0,1,0,0,0,28,39
1.0,0.0,12571,0,0,0,0,31,0,0,0,0,0,0,0,0,0,1,0,0,0,0,0,0,1,0,0,0,29,39
1.0,0.0,12571,0,0,0,0,16,0,0,0,0,0,0,0,0,0,1,0,0,0,0,0,0,1,0,0,0,30,39
1.0,0.0,12571,0,0,0,0,22,0,0,0,0,0,0,0,0,0,1,0,0,0,0,0,0,1,0,0,0,26,39
1.0,0.0,12571,0,0,0,0,28,0,0,0,0,0,0,0,0,0,1,0,0,0,0,0,0,1,0,0,0,31,39
1.0,0.0,12571,0,0,2,0,20,0,0,0,0,0,0,0,0,0,1,0,0,0,0,0,0,1,0,0,0,5,31
1.0,0.0,12571,0,0,0,0,28,0,0,0,0,0,0,0,0,0,1,0,0,0,0,0,0,1,0,0,0,31,39
1.0,0.0,12571,0,0,2,0,20,0,0,0,0,0,0,0,0,0,1,0,0,0,0,0,0,1,0,0,0,5,31
1.0,0.0,12571,0,0,0,0,28,0,0,0,0,0,0,0,0,0,1,0,0,0,0,0,0,1,0,0,0,31,39
1.0,0.0,12571,0,0,2,0,20,0,0,0,0,0,0,0,0,0,1,0,0,0,0,0,0,1,0,0,0,5,31
1.0,0.0,12571,0,0,0,0,20,0,0,0,0,0,0,0,0,0,1,0,0,0,0,0,0,1,0,0,0,8,39
1.0,0.0,12571,0,0,0,0,16,0,0,0,0,0,0,0,0,0,1,0,0,0,0,0,0,1,0,0,0,30,39
1.0,0.0,12571,0,0,2,0,31,0,0,0,0,0,0,0,0,0,1,0,0,0,0,0,0,1,0,0,0,8,39
1.0,0.0,12571,0,0,0,0,40,0,0,0,0,0,0,0,0,0,1,0,0,0,0,0,0,1,0,0,0,32,39
1.0,0.0,12571,0,0,0,0,16,0,0,0,0,0,0,0,0,0,1,0,0,0,0,0,0,1,0,0,0,30,39
1.0,0.0,12571,0,0,0,0,40,0,0,0,0,0,0,0,0,0,1,0,0,0,0,0,0,1,0,0,0,32,39
1.0,0.0,0,0,0,0,0,38,0,0,0,0,0,0,0,0,0,1,0,0,0,0,0,0,1,0,0,0,2,82
1.0,0.0,0,0,0,0,0,28,0,0,0,0,0,0,0,0,0,1,0,0,0,0,0,0,1,0,0,0,3,2
1.0,0.0,0,0,0,0,0,28,0,0,0,0,0,0,0,0,0,1,0,0,0,0,0,0,1,0,0,0,4,2
1.0,0.0,0,0,0,0,0,21,0,0,0,0,0,0,0,0,0,1,0,0,0,0,0,0,1,0,0,0,5,2
1.0,0.0,12571,0,0,0,0,40,0,0,0,0,0,0,0,0,0,1,0,0,0,0,0,0,1,0,0,0,32,39
1.0,0.0,0,0,0,0,0,16,0,0,0,0,0,0,0,0,0,1,0,0,0,0,0,0,1,0,0,0,6,2
1.0,0.0,0,0,0,0,0,20,0,0,0,0,0,0,0,0,0,1,0,0,0,0,0,0,1,0,0,0,7,2
1.0,0.0,0,0,0,0,0,18,0,0,0,0,0,0,0,0,0,1,0,0,0,0,0,0,1,0,0,0,7,2
1.0,0.0,0,0,0,0,0,22,0,0,0,0,0,0,0,0,0,1,0,0,0,0,0,0,1,0,0,0,8,2
1.0,0.0,0,0,0,0,0,16,0,0,0,0,0,0,0,0,0,1,0,0,0,0,0,0,1,0,0,0,9,2
1.0,0.0,0,0,0,0,0,16,0,0,0,0,0,0,0,0,0,1,0,0,0,0,0,0,1,0,0,0,10,2
1.0,0.0,0,12288,0,0,0,16,0,0,0,0,0,0,0,0,0,1,0,0,0,0,0,0,1,0,0,0,2,2
1.0,0.0,12571,0,0,0,0,22,0,0,0,0,0,0,0,0,0,1,0,0,0,0,0,0,1,0,0,0,26,39
1.0,0.0,12571,0,0,0,0,25,0,0,0,0,0,0,0,0,0,1,0,0,0,0,0,0,1,0,0,0,55,39
1.0,0.0,12571,0,0,0,0,40,0,0,0,0,0,0,0,0,0,1,0,0,0,0,0,0,1,0,0,0,32,55
1.0,0.0,12571,0,0,0,0,16,0,0,0,0,0,0,0,0,0,1,0,0,0,0,0,0,1,0,0,0,30,55
1.0,0.0,12571,0,0,0,0,42,0,0,0,0,0,0,0,0,0,1,0,0,0,0,0,0,1,0,0,0,32,55
1.0,0.0,0,0,0,0,0,16,0,0,0,0,0,0,0,0,0,1,0,0,0,0,0,0,1,0,0,0,7,2
1.0,0.0,0,0,0,0,0,16,0,0,0,0,0,0,0,0,0,1,0,0,0,0,0,0,1,0,0,0,10,2
1.0,0.0,0,12288,0,0,0,16,0,0,0,0,0,0,0,0,0,1,0,0,0,0,0,0,1,0,0,0,2,2
1.0,0.0,12571,0,0,0,0,57,0,0,0,0,0,0,0,0,0,1,0,0,0,0,0,0,1,0,0,0,56,55
1.0,0.0,-1,-1,-1,0,0,4,0,0,0,0,0,0,0,0,0,1,0,0,0,0,0,0,1,0,0,0,13,13
1.0,0.0,-1,-1,-1,0,0,4,0,0,0,0,0,0,0,0,0,1,0,0,0,0,0,0,1,0,0,0,13,13
1.0,0.0,-1,-1,-1,0,0,4,0,0,0,0,0,0,0,0,0,1,0,0,0,0,0,0,1,0,0,0,13,13
1.0,0.0,-1,-1,-1,0,0,4,0,0,0,0,0,0,0,0,0,1,0,0,0,0,0,0,1,0,0,0,13,13
1.0,0.0,-1,-1,-1,0,0,4,0,0,0,0,0,0,0,0,0,1,0,0,0,0,0,0,1,0,0,0,13,13
1.0,0.0,-1,-1,-1,0,0,4,0,0,0,0,0,0,0,0,0,1,0,0,0,0,0,0,1,0,0,0,13,13
1.0,0.0,-1,-1,-1,0,0,4,0,0,0,0,0,0,0,0,0,1,0,0,0,0,0,0,1,0,0,0,13,13
1.0,0.0,-1,-1,-1,0,0,4,0,0,0,0,0,0,0,0,0,1,0,0,0,0,0,0,1,0,0,0,13,13
1.0,0.0,-1,-1,-1,0,0,4,0,0,0,0,0,0,0,0,0,1,0,0,0,0,0,0,1,0,0,0,13,13
1.0,0.0,12571,0,0,0,0,23,0,0,0,0,0,0,0,0,0,1,0,0,0,0,0,0,1,0,0,0,24,22
1.0,0.0,-1,-1,-1,0,0,5,0,0,0,0,0,0,0,0,0,1,0,0,0,0,0,0,1,0,0,0,13,13
1.0,0.0,0,0,0,0,0,24,0,0,0,0,0,0,0,0,0,1,0,0,0,0,0,0,1,0,0,0,18,22
1.0,0.0,-1,-1,-1,0,0,5,0,0,0,0,0,0,0,0,0,1,0,0,0,0,0,0,1,0,0,0,13,13
1.0,0.0,0,0,0,1,0,32,0,0,0,0,0,0,0,0,0,1,0,0,0,0,0,0,1,0,0,0,11,12
1.0,0.0,0,0,0,1,0,33,0,0,0,0,0,0,0,0,0,1,0,0,0,0,0,0,1,0,0,0,62,12
1.0,0.0,0,0,0,1,0,27,0,0,0,0,0,0,0,0,0,1,0,0,0,0,0,0,1,0,0,0,63,62
1.0,0.0,-1,-1,-1,0,0,4,0,0,0,0,0,0,0,0,0,1,0,0,0,0,0,0,1,0,0,0,13,13
1.0,0.0,-1,-1,-1,0,0,4,0,0,0,0,0,0,0,0,0,1,0,0,0,0,0,0,1,0,0,0,13,13
1.0,0.0,12031,0,0,1,0,20,0,0,0,0,0,0,0,0,0,1,0,0,0,0,0,0,1,0,0,0,39,63
1.0,0.0,12031,0,0,1,0,26,0,0,0,0,0,0,0,0,0,1,0,0,0,0,0,0,1,0,0,0,64,63
1.0,0.0,0,0,0,4,0,41,0,0,0,0,0,0,0,0,0,1,0,0,0,0,0,0,1,0,0,0,11,12
1.0,0.0,0,0,0,4,0,42,0,0,0,0,0,0,0,0,0,1,0,0,0,0,0,0,1,0,0,0,62,12
1.0,0.0,12031,0,0,1,0,13,0,0,0,0,0,0,0,0,0,1,0,0,0,0,0,0,1,0,0,0,7,64
1.0,0.0,0,0,0,5,0,39,0,0,0,0,0,0,0,0,0,1,0,0,0,0,0,0,1,0,0,0,63,62
1.0,0.0,12031,0,0,1,0,13,0,0,0,0,0,0,0,0,0,1,0,0,0,0,0,0,1,0,0,0,65,64
1.0,0.0,12031,0,0,1,0,13,0,0,0,0,0,0,0,0,0,1,0,0,0,0,0,0,1,0,0,0,5,64
1.0,0.0,-1,-1,-1,0,0,4,0,0,0,0,0,0,0,0,0,1,0,0,0,0,0,0,1,0,0,0,13,13
1.0,0.0,-1,-1,-1,0,0,4,0,0,0,0,0,0,0,0,0,1,0,0,0,0,0,0,1,0,0,0,13,13
1.0,0.0,0,0,0,5,0,32,0,0,0,0,0,0,0,0,0,1,0,0,0,0,0,0,1,0,0,0,39,63
1.0,0.0,0,0,0,5,0,40,0,0,0,0,0,0,0,0,0,1,0,0,0,0,0,0,1,0,0,0,66,63
1.0,0.0,0,0,0,1,0,47,0,0,0,0,0,0,0,0,0,1,0,0,0,0,0,0,1,0,0,0,11,12
1.0,0.0,0,0,0,1,0,48,0,0,0,0,0,0,0,0,0,1,0,0,0,0,0,0,1,0,0,0,62,12
1.0,0.0,0,0,0,1,0,45,0,0,0,0,0,0,0,0,0,1,0,0,0,0,0,0,1,0,0,0,63,62
1.0,0.0,-1,-1,-1,0,0,4,0,0,0,0,0,0,0,0,0,1,0,0,0,0,0,0,1,0,0,0,13,13
1.0,0.0,-1,-1,-1,0,0,4,0,0,0,0,0,0,0,0,0,1,0,0,0,0,0,0,1,0,0,0,13,13
1.0,0.0,0,0,0,1,0,38,0,0,0,0,0,0,0,0,0,1,0,0,0,0,0,0,1,0,0,0,39,63
1.0,0.0,0,0,0,1,0,46,0,0,0,0,0,0,0,0,0,1,0,0,0,0,0,0,1,0,0,0,66,63
1.0,0.0,0,0,0,1,0,38,0,0,0,0,0,0,0,0,0,1,0,0,0,0,0,0,1,0,0,0,11,12
1.0,0.0,0,0,0,1,0,39,0,0,0,0,0,0,0,0,0,1,0,0,0,0,0,0,1,0,0,0,62,12
1.0,0.0,0,0,0,1,0,33,0,0,0,0,0,0,0,0,0,1,0,0,0,0,0,0,1,0,0,0,63,62
1.0,0.0,-1,-1,-1,0,0,4,0,0,0,0,0,0,0,0,0,1,0,0,0,0,0,0,1,0,0,0,13,13
1.0,0.0,-1,-1,-1,0,0,4,0,0,0,0,0,0,0,0,0,1,0,0,0,0,0,0,1,0,0,0,13,13
1.0,0.0,0,0,0,1,0,26,0,0,0,0,0,0,0,0,0,1,0,0,0,0,0,0,1,0,0,0,39,63
1.0,0.0,0,0,0,1,0,34,0,0,0,0,0,0,0,0,0,1,0,0,0,0,0,0,1,0,0,0,66,63
1.0,0.0,0,0,0,1,0,32,0,0,0,0,0,0,0,0,0,1,0,0,0,0,0,0,1,0,0,0,11,12
1.0,0.0,0,0,0,1,0,33,0,0,0,0,0,0,0,0,0,1,0,0,0,0,0,0,1,0,0,0,62,12
1.0,0.0,-1,-1,-1,0,0,4,0,0,0,0,0,0,0,0,0,1,0,0,0,0,0,0,1,0,0,0,13,13
1.0,0.0,-1,-1,-1,0,0,4,0,0,0,0,0,0,0,0,0,1,0,0,0,0,0,0,1,0,0,0,13,13
1.0,0.0,0,0,0,1,0,27,0,0,0,0,0,0,0,0,0,1,0,0,0,0,0,0,1,0,0,0,63,62
1.0,0.0,-1,-1,-1,0,0,4,0,0,0,0,0,0,0,0,0,1,0,0,0,0,0,0,1,0,0,0,13,13
1.0,0.0,-1,-1,-1,0,0,4,0,0,0,0,0,0,0,0,0,1,0,0,0,0,0,0,1,0,0,0,13,13
1.0,0.0,0,0,0,1,0,20,0,0,0,0,0,0,0,0,0,1,0,0,0,0,0,0,1,0,0,0,39,63
1.0,0.0,0,0,0,1,0,26,0,0,0,0,0,0,0,0,0,1,0,0,0,0,0,0,1,0,0,0,67,63
1.0,0.0,0,0,0,1,0,13,0,0,0,0,0,0,0,0,0,1,0,0,0,0,0,0,1,0,0,0,68,67
1.0,0.0,0,0,0,1,0,13,0,0,0,0,0,0,0,0,0,1,0,0,0,0,0,0,1,0,0,0,5,67
1.0,0.0,0,0,0,1,0,13,0,0,0,0,0,0,0,0,0,1,0,0,0,0,0,0,1,0,0,0,49,67
1.0,0.0,0,0,0,1,0,32,0,0,0,0,0,0,0,0,0,1,0,0,0,0,0,0,1,0,0,0,11,12
1.0,0.0,0,0,0,1,0,33,0,0,0,0,0,0,0,0,0,1,0,0,0,0,0,0,1,0,0,0,62,12
1.0,0.0,0,0,0,1,0,27,0,0,0,0,0,0,0,0,0,1,0,0,0,0,0,0,1,0,0,0,63,62
1.0,0.0,-1,-1,-1,0,0,4,0,0,0,0,0,0,0,0,0,1,0,0,0,0,0,0,1,0,0,0,13,13
1.0,0.0,-1,-1,-1,0,0,4,0,0,0,0,0,0,0,0,0,1,0,0,0,0,0,0,1,0,0,0,13,13
1.0,0.0,12031,0,0,1,0,20,0,0,0,0,0,0,0,0,0,1,0,0,0,0,0,0,1,0,0,0,39,63
1.0,0.0,12031,0,0,1,0,26,0,0,0,0,0,0,0,0,0,1,0,0,0,0,0,0,1,0,0,0,69,63
1.0,0.0,12031,0,0,1,0,13,0,0,0,0,0,0,0,0,0,1,0,0,0,0,0,0,1,0,0,0,70,69
1.0,0.0,12031,0,0,1,0,13,0,0,0,0,0,0,0,0,0,1,0,0,0,0,0,0,1,0,0,0,49,69
1.0,0.0,0,0,0,1,0,32,0,0,0,0,0,0,0,0,0,1,0,0,0,0,0,0,1,0,0,0,11,12
1.0,0.0,0,0,0,1,0,33,0,0,0,0,0,0,0,0,0,1,0,0,0,0,0,0,1,0,0,0,62,12
1.0,0.0,0,0,0,1,0,27,0,0,0,0,0,0,0,0,0,1,0,0,0,0,0,0,1,0,0,0,63,62
1.0,0.0,0,0,0,1,0,32,0,0,0,0,0,0,0,0,0,1,0,0,0,0,0,0,1,0,0,0,11,12
1.0,0.0,0,0,0,1,0,33,0,0,0,0,0,0,0,0,0,1,0,0,0,0,0,0,1,0,0,0,62,12
1.0,0.0,-1,-1,-1,0,0,4,0,0,0,0,0,0,0,0,0,1,0,0,0,0,0,0,1,0,0,0,13,13
1.0,0.0,0,0,0,1,0,27,0,0,0,0,0,0,0,0,0,1,0,0,0,0,0,0,1,0,0,0,63,62
1.0,0.0,-1,-1,-1,0,0,4,0,0,0,0,0,0,0,0,0,1,0,0,0,0,0,0,1,0,0,0,13,13
1.0,0.0,-1,-1,-1,0,0,4,0,0,0,0,0,0,0,0,0,1,0,0,0,0,0,0,1,0,0,0,13,13
1.0,0.0,-1,-1,-1,0,0,4,0,0,0,0,0,0,0,0,0,1,0,0,0,0,0,0,1,0,0,0,13,13
1.0,0.0,0,0,0,1,0,20,0,0,0,0,0,0,0,0,0,1,0,0,0,0,0,0,1,0,0,0,39,63
1.0,0.0,12031,0,0,1,0,20,0,0,0,0,0,0,0,0,0,1,0,0,0,0,0,0,1,0,0,0,39,63
1.0,0.0,-1,-1,-1,0,0,4,0,0,0,0,0,0,0,0,0,1,0,0,0,0,0,0,1,0,0,0,13,13
1.0,0.0,-1,-1,-1,0,0,4,0,0,0,0,0,0,0,0,0,1,0,0,0,0,0,0,1,0,0,0,13,13
1.0,0.0,0,0,0,1,0,26,0,0,0,0,0,0,0,0,0,1,0,0,0,0,0,0,1,0,0,0,71,63
1.0,0.0,12031,0,0,1,0,26,0,0,0,0,0,0,0,0,0,1,0,0,0,0,0,0,1,0,0,0,72,63
1.0,0.0,0,0,0,1,0,13,0,0,0,0,0,0,0,0,0,1,0,0,0,0,0,0,1,0,0,0,24,71
1.0,0.0,0,0,0,1,0,19,0,0,0,0,0,0,0,0,0,1,0,0,0,0,0,0,1,0,0,0,73,66
1.0,0.0,12031,0,0,1,0,19,0,0,0,0,0,0,0,0,0,1,0,0,0,0,0,0,1,0,0,0,74,72
1.0,0.0,12031,0,0,1,0,13,0,0,0,0,0,0,0,0,0,1,0,0,0,0,0,0,1,0,0,0,5,72
1.0,0.0,12031,0,0,1,0,13,0,0,0,0,0,0,0,0,0,1,0,0,0,0,0,0,1,0,0,0,6,72
1.0,0.0,12031,0,0,1,0,13,0,0,0,0,0,0,0,0,0,1,0,0,0,0,0,0,1,0,0,0,75,72
1.0,0.0,0,0,0,1,0,32,0,0,0,0,0,0,0,0,0,1,0,0,0,0,0,0,1,0,0,0,11,12
1.0,0.0,0,0,0,1,0,33,0,0,0,0,0,0,0,0,0,1,0,0,0,0,0,0,1,0,0,0,62,12
1.0,0.0,0,0,0,1,0,27,0,0,0,0,0,0,0,0,0,1,0,0,0,0,0,0,1,0,0,0,63,62
1.0,0.0,0,0,0,1,0,13,0,0,0,0,0,0,0,0,0,1,0,0,0,0,0,0,1,0,0,0,24,71
1.0,0.0,0,0,0,1,0,13,0,0,0,0,0,0,0,0,0,1,0,0,0,0,0,0,1,0,0,0,5,71
1.0,0.0,0,0,0,1,0,13,0,0,0,0,0,0,0,0,0,1,0,0,0,0,0,0,1,0,0,0,5,71
1.0,0.0,-1,-1,-1,0,0,4,0,0,0,0,0,0,0,0,0,1,0,0,0,0,0,0,1,0,0,0,13,13
1.0,0.0,-1,-1,-1,0,0,4,0,0,0,0,0,0,0,0,0,1,0,0,0,0,0,0,1,0,0,0,13,13
1.0,0.0,0,0,0,1,0,19,0,0,0,0,0,0,0,0,0,1,0,0,0,0,0,0,1,0,0,0,73,66
1.0,0.0,0,0,0,1,0,20,0,0,0,0,0,0,0,0,0,1,0,0,0,0,0,0,1,0,0,0,39,63
1.0,0.0,0,0,0,1,0,28,0,0,0,0,0,0,0,0,0,1,0,0,0,0,0,0,1,0,0,0,76,63
1.0,0.0,0,0,0,1,0,32,0,0,0,0,0,0,0,0,0,1,0,0,0,0,0,0,1,0,0,0,11,12
1.0,0.0,0,0,0,1,0,33,0,0,0,0,0,0,0,0,0,1,0,0,0,0,0,0,1,0,0,0,62,12
1.0,0.0,0,0,0,1,0,27,0,0,0,0,0,0,0,0,0,1,0,0,0,0,0,0,1,0,0,0,63,62
1.0,0.0,-1,-1,-1,0,0,4,0,0,0,0,0,0,0,0,0,1,0,0,0,0,0,0,1,0,0,0,13,13
1.0,0.0,0,0,0,1,0,19,0,0,0,0,0,0,0,0,0,1,0,0,0,0,0,0,1,0,0,0,73,66
1.0,0.0,-1,-1,-1,0,0,4,0,0,0,0,0,0,0,0,0,1,0,0,0,0,0,0,1,0,0,0,13,13
1.0,0.0,12031,0,0,1,0,20,0,0,0,0,0,0,0,0,0,1,0,0,0,0,0,0,1,0,0,0,39,63
1.0,0.0,12031,0,0,1,0,26,0,0,0,0,0,0,0,0,0,1,0,0,0,0,0,0,1,0,0,0,77,63
1.0,0.0,12031,0,0,1,0,17,0,0,0,0,0,0,0,0,0,1,0,0,0,0,0,0,1,0,0,0,53,77
1.0,0.0,12031,0,0,1,0,13,0,0,0,0,0,0,0,0,0,1,0,0,0,0,0,0,1,0,0,0,5,77
1.0,0.0,12031,0,0,1,0,13,0,0,0,0,0,0,0,0,0,1,0,0,0,0,0,0,1,0,0,0,6,77
1.0,0.0,-1,-1,-1,0,0,4,0,0,0,0,0,0,0,0,0,1,0,0,0,0,0,0,1,0,0,0,13,13
1.0,0.0,-1,-1,-1,0,0,4,0,0,0,0,0,0,0,0,0,1,0,0,0,0,0,0,1,0,0,0,13,13
1.0,0.0,0,0,0,1,0,32,0,0,0,0,0,0,0,0,0,1,0,0,0,0,0,0,1,0,0,0,11,12
1.0,0.0,0,0,0,1,0,33,0,0,0,0,0,0,0,0,0,1,0,0,0,0,0,0,1,0,0,0,62,12
1.0,0.0,12031,0,0,1,0,13,0,0,0,0,0,0,0,0,0,1,0,0,0,0,0,0,1,0,0,0,78,75
1.0,0.0,0,0,0,1,0,27,0,0,0,0,0,0,0,0,0,1,0,0,0,0,0,0,1,0,0,0,63,62
1.0,0.0,-1,-1,-1,0,0,4,0,0,0,0,0,0,0,0,0,1,0,0,0,0,0,0,1,0,0,0,13,13
1.0,0.0,-1,-1,-1,0,0,4,0,0,0,0,0,0,0,0,0,1,0,0,0,0,0,0,1,0,0,0,13,13
1.0,0.0,-1,-1,-1,0,0,4,0,0,0,0,0,0,0,0,0,1,0,0,0,0,0,0,1,0,0,0,13,13
1.0,0.0,-1,-1,-1,0,0,4,0,0,0,0,0,0,0,0,0,1,0,0,0,0,0,0,1,0,0,0,13,13
1.0,0.0,0,0,0,1,0,20,0,0,0,0,0,0,0,0,0,1,0,0,0,0,0,0,1,0,0,0,39,63
1.0,0.0,0,0,0,1,0,18,0,0,0,0,0,0,0,0,0,1,0,0,0,0,0,0,1,0,0,0,11,76
1.0,0.0,0,0,0,1,0,26,0,0,0,0,0,0,0,0,0,1,0,0,0,0,0,0,1,0,0,0,79,63
1.0,0.0,0,0,0,1,0,25,0,0,0,0,0,0,0,0,0,1,0,0,0,0,0,0,1,0,0,0,80,11
1.0,0.0,0,0,0,1,0,13,0,0,0,0,0,0,0,0,0,1,0,0,0,0,0,0,1,0,0,0,5,11
1.0,0.0,0,0,0,1,0,13,0,0,0,0,0,0,0,0,0,1,0,0,0,0,0,0,1,0,0,0,65,79
1.0,0.0,0,0,0,1,0,13,0,0,0,0,0,0,0,0,0,1,0,0,0,0,0,0,1,0,0,0,5,79
1.0,0.0,0,0,0,1,0,13,0,0,0,0,0,0,0,0,0,1,0,0,0,0,0,0,1,0,0,0,46,79
1.0,0.0,0,0,0,1,0,19,0,0,0,0,0,0,0,0,0,1,0,0,0,0,0,0,1,0,0,0,8,80
1.0,0.0,0,0,0,1,0,32,0,0,0,0,0,0,0,0,0,1,0,0,0,0,0,0,1,0,0,0,11,12
1.0,0.0,0,0,0,1,0,33,0,0,0,0,0,0,0,0,0,1,0,0,0,0,0,0,1,0,0,0,62,12
1.0,0.0,0,0,0,1,0,19,0,0,0,0,0,0,0,0,0,1,0,0,0,0,0,0,1,0,0,0,8,80
1.0,0.0,0,0,0,1,0,27,0,0,0,0,0,0,0,0,0,1,0,0,0,0,0,0,1,0,0,0,63,62
1.0,0.0,0,0,0,1,0,29,0,0,0,0,0,0,0,0,0,1,0,0,0,0,0,0,1,0,0,0,53,80
1.0,0.0,0,0,0,3,0,26,0,0,0,0,0,0,0,0,0,1,0,0,0,0,0,0,1,0,0,0,11,66
1.0,0.0,0,0,0,1,0,27,0,0,0,0,0,0,0,0,0,1,0,0,0,0,0,0,1,0,0,0,53,80
1.0,0.0,-1,-1,-1,0,0,4,0,0,0,0,0,0,0,0,0,1,0,0,0,0,0,0,1,0,0,0,13,13
1.0,0.0,0,0,0,3,0,22,0,0,0,0,0,0,0,0,0,1,0,0,0,0,0,0,1,0,0,0,39,11
1.0,0.0,-1,-1,-1,0,0,4,0,0,0,0,0,0,0,0,0,1,0,0,0,0,0,0,1,0,0,0,13,13
1.0,0.0,0,0,0,3,0,18,0,0,0,0,0,0,0,0,0,1,0,0,0,0,0,0,1,0,0,0,81,11
1.0,0.0,0,0,0,1,0,27,0,0,0,0,0,0,0,0,0,1,0,0,0,0,0,0,1,0,0,0,53,80
1.0,0.0,12031,0,0,1,0,20,0,0,0,0,0,0,0,0,0,1,0,0,0,0,0,0,1,0,0,0,39,63
1.0,0.0,12031,0,-8,1,0,16,0,0,0,0,0,0,0,0,0,1,0,0,0,0,0,0,1,0,0,0,39,63
1.0,0.0,0,0,0,1,0,19,0,0,0,0,0,0,0,0,0,1,0,0,0,0,0,0,1,0,0,0,73,66
1.0,0.0,12031,0,0,5,0,27,0,0,0,0,0,0,0,0,0,1,0,0,0,0,0,0,1,0,0,0,1,39
1.0,0.0,0,0,0,1,0,27,0,0,0,0,0,0,0,0,0,1,0,0,0,0,0,0,1,0,0,0,53,80
1.0,0.0,0,0,0,1,0,27,0,0,0,0,0,0,0,0,0,1,0,0,0,0,0,0,1,0,0,0,53,80
1.0,0.0,0,0,0,1,0,28,0,0,0,0,0,0,0,0,0,1,0,0,0,0,0,0,1,0,0,0,11,66
1.0,0.0,0,0,0,1,0,27,0,0,0,0,0,0,0,0,0,1,0,0,0,0,0,0,1,0,0,0,53,80
1.0,0.0,0,0,0,1,0,24,0,0,0,0,0,0,0,0,0,1,0,0,0,0,0,0,1,0,0,0,39,11
1.0,0.0,0,0,0,1,0,27,0,0,0,0,0,0,0,0,0,1,0,0,0,0,0,0,1,0,0,0,53,80
1.0,0.0,0,0,0,1,0,20,0,0,0,0,0,0,0,0,0,1,0,0,0,0,0,0,1,0,0,0,81,11
1.0,0.0,0,0,0,1,0,18,0,0,0,0,0,0,0,0,0,1,0,0,0,0,0,0,1,0,0,0,11,76
1.0,0.0,0,0,0,1,0,25,0,0,0,0,0,0,0,0,0,1,0,0,0,0,0,0,1,0,0,0,80,11
1.0,0.0,0,0,0,1,0,13,0,0,0,0,0,0,0,0,0,1,0,0,0,0,0,0,1,0,0,0,5,11
1.0,0.0,0,0,0,1,0,13,0,0,0,0,0,0,0,0,0,1,0,0,0,0,0,0,1,0,0,0,5,11
1.0,0.0,0,0,0,1,0,19,0,0,0,0,0,0,0,0,0,1,0,0,0,0,0,0,1,0,0,0,8,80
1.0,0.0,-1,-1,-1,0,0,4,0,0,0,0,0,0,0,0,0,1,0,0,0,0,0,0,1,0,0,0,13,13
1.0,0.0,-1,-1,-1,0,0,4,0,0,0,0,0,0,0,0,0,1,0,0,0,0,0,0,1,0,0,0,13,13
1.0,0.0,0,0,0,1,0,19,0,0,0,0,0,0,0,0,0,1,0,0,0,0,0,0,1,0,0,0,8,80
1.0,0.0,0,0,0,1,0,26,0,0,0,0,0,0,0,0,0,1,0,0,0,0,0,0,1,0,0,0,11,66
1.0,0.0,0,0,0,1,0,22,0,0,0,0,0,0,0,0,0,1,0,0,0,0,0,0,1,0,0,0,39,11
1.0,0.0,0,0,0,1,0,29,0,0,0,0,0,0,0,0,0,1,0,0,0,0,0,0,1,0,0,0,53,80
1.0,0.0,0,0,0,1,0,18,0,0,0,0,0,0,0,0,0,1,0,0,0,0,0,0,1,0,0,0,81,11
1.0,0.0,0,0,0,1,0,27,0,0,0,0,0,0,0,0,0,1,0,0,0,0,0,0,1,0,0,0,53,80
1.0,0.0,0,0,0,1,0,19,0,0,0,0,0,0,0,0,0,1,0,0,0,0,0,0,1,0,0,0,73,66
1.0,0.0,0,0,0,1,0,27,0,0,0,0,0,0,0,0,0,1,0,0,0,0,0,0,1,0,0,0,53,80
1.0,0.0,0,0,0,1,0,27,0,0,0,0,0,0,0,0,0,1,0,0,0,0,0,0,1,0,0,0,53,80
1.0,0.0,0,0,0,1,0,19,0,0,0,0,0,0,0,0,0,1,0,0,0,0,0,0,1,0,0,0,73,66
1.0,0.0,0,0,0,1,0,27,0,0,0,0,0,0,0,0,0,1,0,0,0,0,0,0,1,0,0,0,53,80
1.0,0.0,-1,-1,-1,0,0,4,0,0,0,0,0,0,0,0,0,1,0,0,0,0,0,0,1,0,0,0,13,13
1.0,0.0,-1,-1,-1,0,0,4,0,0,0,0,0,0,0,0,0,1,0,0,0,0,0,0,1,0,0,0,13,13
