severity_scores,timedelta,suid,cap_fp,exit,n_dang,n_dang_no_cron,fp_length,col_0,col_1,col_2,col_3,col_4,col_5,col_6,col_7,col_8,col_9,col_10,col_11,col_12,col_13,col_14,col_15,col_16,col_17,col_18,col_19,enc_comm,enc_parent_comm
1.0,0.0,126100,0,0,0,0,29,0,0,0,0,0,0,1,0,0,0,0,0,0,0,0,0,1,0,0,0,1,23
1.0,0.0,0,0,0,0,0,16,0,0,0,0,0,0,1,0,0,0,0,0,0,0,0,0,1,0,0,0,2,4
1.0,0.0,0,0,0,0,0,16,0,0,0,0,0,0,1,0,0,0,0,0,0,0,0,0,1,0,0,0,2,4
1.0,0.0,0,0,0,0,0,16,0,0,0,0,0,0,1,0,0,0,0,0,0,0,0,0,1,0,0,0,3,4
1.0,0.0,0,0,0,0,0,16,0,0,0,0,0,0,1,0,0,0,0,0,0,0,0,0,1,0,0,0,3,4
1.0,0.0,0,12288,0,0,0,16,0,0,0,0,0,0,1,0,0,0,0,0,0,0,0,0,1,0,0,0,4,4
1.0,0.0,0,12288,0,0,0,16,0,0,0,0,0,0,1,0,0,0,0,0,0,0,0,0,1,0,0,0,4,4
1.0,0.0,0,0,0,0,0,19,0,0,0,0,0,0,1,0,0,0,0,0,0,0,0,0,1,0,0,0,5,5
1.0,0.0,-1,-1,-1,0,0,4,0,0,0,0,0,0,1,0,0,0,0,0,0,0,0,0,1,0,0,0,6,6
1.0,0.0,-1,-1,-1,0,0,4,0,0,0,0,0,0,1,0,0,0,0,0,0,0,0,0,1,0,0,0,6,6
1.0,0.0,-1,-1,-1,0,0,4,0,0,0,0,0,0,1,0,0,0,0,0,0,0,0,0,1,0,0,0,6,6
1.0,0.0,-1,-1,-1,0,0,4,0,0,0,0,0,0,1,0,0,0,0,0,0,0,0,0,1,0,0,0,6,6
1.0,0.0,-1,-1,-1,0,0,4,0,0,0,0,0,0,1,0,0,0,0,0,0,0,0,0,1,0,0,0,6,6
1.0,0.0,-1,-1,-1,0,0,4,0,0,0,0,0,0,1,0,0,0,0,0,0,0,0,0,1,0,0,0,6,6
1.0,0.0,991,0,-2,0,0,15,0,0,0,0,0,0,1,0,0,0,0,0,0,0,0,0,1,0,0,0,7,7
1.0,0.0,991,0,-2,0,0,15,0,0,0,0,0,0,1,0,0,0,0,0,0,0,0,0,1,0,0,0,7,7
1.0,0.0,991,0,-2,0,0,14,0,0,0,0,0,0,1,0,0,0,0,0,0,0,0,0,1,0,0,0,7,7
1.0,0.0,0,0,0,0,0,19,0,0,0,0,0,0,1,0,0,0,0,0,0,0,0,0,1,0,0,0,8,7
1.0,0.0,-1,-1,-1,0,0,4,0,0,0,0,0,0,1,0,0,0,0,0,0,0,0,0,1,0,0,0,6,6
1.0,0.0,-1,-1,-1,0,0,8,0,0,0,0,0,0,1,0,0,0,0,0,0,0,0,0,1,0,0,0,6,6
1.0,0.0,-1,-1,-1,0,0,4,0,0,0,0,0,0,1,0,0,0,0,0,0,0,0,0,1,0,0,0,6,6
1.0,0.0,-1,-1,-1,0,0,4,0,0,0,0,0,0,1,0,0,0,0,0,0,0,0,0,1,0,0,0,6,6
1.0,0.0,0,0,0,0,0,25,0,0,0,0,0,0,1,0,0,0,0,0,0,0,0,0,1,0,0,0,9,8
1.0,0.0,0,0,0,0,0,77,0,0,0,0,0,0,1,0,0,0,0,0,0,0,0,0,1,0,0,0,1,8
1.0,0.0,-1,-1,-1,0,0,4,0,0,0,0,0,0,1,0,0,0,0,0,0,0,0,0,1,0,0,0,6,6
1.0,0.0,-1,-1,-1,0,0,4,0,0,0,0,0,0,1,0,0,0,0,0,0,0,0,0,1,0,0,0,6,6
1.0,0.0,0,0,0,0,0,16,0,0,0,0,0,0,1,0,0,0,0,0,0,0,0,0,1,0,0,0,2,4
1.0,0.0,0,0,0,0,0,16,0,0,0,0,0,0,1,0,0,0,0,0,0,0,0,0,1,0,0,0,2,4
1.0,0.0,0,0,0,0,0,16,0,0,0,0,0,0,1,0,0,0,0,0,0,0,0,0,1,0,0,0,3,4
1.0,0.0,0,0,0,0,0,16,0,0,0,0,0,0,1,0,0,0,0,0,0,0,0,0,1,0,0,0,3,4
1.0,0.0,0,12288,0,0,0,16,0,0,0,0,0,0,1,0,0,0,0,0,0,0,0,0,1,0,0,0,4,4
1.0,0.0,0,12288,0,0,0,16,0,0,0,0,0,0,1,0,0,0,0,0,0,0,0,0,1,0,0,0,4,4
1.0,0.0,-1,-1,-1,0,0,4,0,0,0,0,0,0,1,0,0,0,0,0,0,0,0,0,1,0,0,0,6,6
1.0,0.0,-1,-1,-1,0,0,4,0,0,0,0,0,0,1,0,0,0,0,0,0,0,0,0,1,0,0,0,6,6
1.0,0.0,-1,-1,-1,0,0,4,0,0,0,0,0,0,1,0,0,0,0,0,0,0,0,0,1,0,0,0,6,6
1.0,0.0,-1,-1,-1,0,0,4,0,0,0,0,0,0,1,0,0,0,0,0,0,0,0,0,1,0,0,0,6,6
1.0,0.0,-1,-1,-1,0,0,4,0,0,0,0,0,0,1,0,0,0,0,0,0,0,0,0,1,0,0,0,6,6
1.0,0.0,-1,-1,-1,0,0,4,0,0,0,0,0,0,1,0,0,0,0,0,0,0,0,0,1,0,0,0,6,6
1.0,0.0,0,0,0,0,0,16,0,0,0,0,0,0,1,0,0,0,0,0,0,0,0,0,1,0,0,0,10,94
1.0,0.0,0,0,0,0,0,13,0,0,0,0,0,0,1,0,0,0,0,0,0,0,0,0,1,0,0,0,11,10
1.0,0.0,0,0,0,0,0,13,0,0,0,0,0,0,1,0,0,0,0,0,0,0,0,0,1,0,0,0,12,10
1.0,0.0,0,0,0,0,0,16,0,0,0,0,0,0,1,0,0,0,0,0,0,0,0,0,1,0,0,0,10,94
1.0,0.0,0,0,0,0,0,15,0,0,0,0,0,0,1,0,0,0,0,0,0,0,0,0,1,0,0,0,11,94
1.0,0.0,0,0,0,0,0,19,0,0,0,0,0,0,1,0,0,0,0,0,0,0,0,0,1,0,0,0,5,5
1.0,0.0,-1,-1,-1,0,0,4,0,0,0,0,0,0,1,0,0,0,0,0,0,0,0,0,1,0,0,0,6,6
1.0,0.0,-1,-1,-1,0,0,4,0,0,0,0,0,0,1,0,0,0,0,0,0,0,0,0,1,0,0,0,6,6
1.0,0.0,-1,-1,-1,0,0,4,0,0,0,0,0,0,1,0,0,0,0,0,0,0,0,0,1,0,0,0,6,6
1.0,0.0,-1,-1,-1,0,0,4,0,0,0,0,0,0,1,0,0,0,0,0,0,0,0,0,1,0,0,0,6,6
1.0,0.0,-1,-1,-1,0,0,4,0,0,0,0,0,0,1,0,0,0,0,0,0,0,0,0,1,0,0,0,6,6
1.0,0.0,-1,-1,-1,0,0,5,0,0,0,0,0,0,1,0,0,0,0,0,0,0,0,0,1,0,0,0,6,6
1.0,0.0,65534,0,0,0,0,19,0,0,0,0,0,0,1,0,0,0,0,0,0,0,0,0,1,0,0,0,13,5
1.0,0.0,997,0,0,4,0,38,0,0,0,0,0,0,1,0,0,0,0,0,0,0,0,0,1,0,0,0,14,20
1.0,0.0,-1,-1,-1,0,0,5,0,0,0,0,0,0,1,0,0,0,0,0,0,0,0,0,1,0,0,0,6,6
1.0,0.0,-1,-1,-1,0,0,5,0,0,0,0,0,0,1,0,0,0,0,0,0,0,0,0,1,0,0,0,6,6
1.0,0.0,-1,-1,-1,0,0,4,0,0,0,0,0,0,1,0,0,0,0,0,0,0,0,0,1,0,0,0,6,6
1.0,0.0,-1,-1,-1,0,0,4,0,0,0,0,0,0,1,0,0,0,0,0,0,0,0,0,1,0,0,0,6,6
1.0,0.0,-1,-1,-1,0,0,4,0,0,0,0,0,0,1,0,0,0,0,0,0,0,0,0,1,0,0,0,6,6
1.0,0.0,-1,-1,-1,0,0,4,0,0,0,0,0,0,1,0,0,0,0,0,0,0,0,0,1,0,0,0,6,6
1.0,0.0,0,0,0,0,0,26,0,0,0,0,0,0,1,0,0,0,0,0,0,0,0,0,1,0,0,0,15,20
1.0,0.0,-1,-1,-1,0,0,4,0,0,0,0,0,0,1,0,0,0,0,0,0,0,0,0,1,0,0,0,6,6
1.0,0.0,0,-1,5,0,0,10,0,0,0,0,0,0,1,0,0,0,0,0,0,0,0,0,1,0,0,0,5,5
1.0,0.0,0,0,0,0,0,13,0,0,0,0,0,0,1,0,0,0,0,0,0,0,0,0,1,0,0,0,16,15
1.0,0.0,0,0,0,0,0,19,0,0,0,0,0,0,1,0,0,0,0,0,0,0,0,0,1,0,0,0,17,15
1.0,0.0,-1,-1,-1,0,0,5,0,0,0,0,0,0,1,0,0,0,0,0,0,0,0,0,1,0,0,0,6,6
1.0,0.0,0,0,0,0,0,24,0,0,0,0,0,0,1,0,0,0,0,0,0,0,0,0,1,0,0,0,18,20
1.0,0.0,-1,-1,-1,0,0,5,0,0,0,0,0,0,1,0,0,0,0,0,0,0,0,0,1,0,0,0,6,6
1.0,0.0,0,-1,5,0,0,9,0,0,0,0,0,0,1,0,0,0,0,0,0,0,0,0,1,0,0,0,19,20
1.0,0.0,-1,-1,-1,0,0,5,0,0,0,0,0,0,1,0,0,0,0,0,0,0,0,0,1,0,0,0,6,6
1.0,0.0,12571,0,0,0,0,20,0,0,0,0,0,0,1,0,0,0,0,0,0,0,0,0,1,0,0,0,20,20
1.0,0.0,12571,0,0,0,0,28,0,0,0,0,0,0,1,0,0,0,0,0,0,0,0,0,1,0,0,0,21,95
1.0,0.0,12571,0,0,0,0,31,0,0,0,0,0,0,1,0,0,0,0,0,0,0,0,0,1,0,0,0,22,20
1.0,0.0,-1,-1,-1,0,0,5,0,0,0,0,0,0,1,0,0,0,0,0,0,0,0,0,1,0,0,0,6,6
1.0,0.0,-1,-1,-1,0,0,4,0,0,0,0,0,0,1,0,0,0,0,0,0,0,0,0,1,0,0,0,6,6
1.0,0.0,-1,-1,-1,0,0,4,0,0,0,0,0,0,1,0,0,0,0,0,0,0,0,0,1,0,0,0,6,6
1.0,0.0,-1,-1,-1,0,0,4,0,0,0,0,0,0,1,0,0,0,0,0,0,0,0,0,1,0,0,0,6,6
1.0,0.0,-1,-1,-1,0,0,4,0,0,0,0,0,0,1,0,0,0,0,0,0,0,0,0,1,0,0,0,6,6
1.0,0.0,-1,-1,-1,0,0,4,0,0,0,0,0,0,1,0,0,0,0,0,0,0,0,0,1,0,0,0,6,6
1.0,0.0,-1,-1,-1,0,0,4,0,0,0,0,0,0,1,0,0,0,0,0,0,0,0,0,1,0,0,0,6,6
1.0,0.0,-1,-1,-1,0,0,4,0,0,0,0,0,0,1,0,0,0,0,0,0,0,0,0,1,0,0,0,6,6
1.0,0.0,-1,-1,-1,0,0,4,0,0,0,0,0,0,1,0,0,0,0,0,0,0,0,0,1,0,0,0,6,6
1.0,0.0,12571,0,0,0,0,19,0,0,0,0,0,0,1,0,0,0,0,0,0,0,0,0,1,0,0,0,23,5
1.0,0.0,12571,0,0,0,0,22,0,0,0,0,0,0,1,0,0,0,0,0,0,0,0,0,1,0,0,0,24,23
1.0,0.0,12571,0,0,0,0,22,0,0,0,0,0,0,1,0,0,0,0,0,0,0,0,0,1,0,0,0,24,23
1.0,0.0,12571,0,0,0,0,31,0,0,0,0,0,0,1,0,0,0,0,0,0,0,0,0,1,0,0,0,25,23
1.0,0.0,12571,0,0,0,0,31,0,0,0,0,0,0,1,0,0,0,0,0,0,0,0,0,1,0,0,0,26,23
1.0,0.0,12571,0,0,0,0,16,0,0,0,0,0,0,1,0,0,0,0,0,0,0,0,0,1,0,0,0,27,23
1.0,0.0,12571,0,0,0,0,22,0,0,0,0,0,0,1,0,0,0,0,0,0,0,0,0,1,0,0,0,24,23
1.0,0.0,12571,0,0,0,0,28,0,0,0,0,0,0,1,0,0,0,0,0,0,0,0,0,1,0,0,0,28,23
1.0,0.0,12571,0,0,2,0,20,0,0,0,0,0,0,1,0,0,0,0,0,0,0,0,0,1,0,0,0,12,28
1.0,0.0,12571,0,0,0,0,28,0,0,0,0,0,0,1,0,0,0,0,0,0,0,0,0,1,0,0,0,28,23
1.0,0.0,12571,0,0,2,0,20,0,0,0,0,0,0,1,0,0,0,0,0,0,0,0,0,1,0,0,0,12,28
1.0,0.0,12571,0,0,0,0,28,0,0,0,0,0,0,1,0,0,0,0,0,0,0,0,0,1,0,0,0,28,23
1.0,0.0,12571,0,0,2,0,20,0,0,0,0,0,0,1,0,0,0,0,0,0,0,0,0,1,0,0,0,12,28
1.0,0.0,12571,0,0,0,0,20,0,0,0,0,0,0,1,0,0,0,0,0,0,0,0,0,1,0,0,0,29,23
1.0,0.0,12571,0,0,0,0,16,0,0,0,0,0,0,1,0,0,0,0,0,0,0,0,0,1,0,0,0,27,23
1.0,0.0,12571,0,0,2,0,31,0,0,0,0,0,0,1,0,0,0,0,0,0,0,0,0,1,0,0,0,29,23
1.0,0.0,12571,0,0,0,0,40,0,0,0,0,0,0,1,0,0,0,0,0,0,0,0,0,1,0,0,0,30,23
1.0,0.0,12571,0,0,0,0,16,0,0,0,0,0,0,1,0,0,0,0,0,0,0,0,0,1,0,0,0,27,23
1.0,0.0,12571,0,0,0,0,40,0,0,0,0,0,0,1,0,0,0,0,0,0,0,0,0,1,0,0,0,30,23
1.0,0.0,-1,-1,-1,0,0,5,0,0,0,0,0,0,1,0,0,0,0,0,0,0,0,0,1,0,0,0,6,6
1.0,0.0,12571,0,0,0,0,40,0,0,0,0,0,0,1,0,0,0,0,0,0,0,0,0,1,0,0,0,30,23
1.0,0.0,12571,0,0,0,0,22,0,0,0,0,0,0,1,0,0,0,0,0,0,0,0,0,1,0,0,0,24,23
1.0,0.0,12571,0,0,0,0,25,0,0,0,0,0,0,1,0,0,0,0,0,0,0,0,0,1,0,0,0,31,23
1.0,0.0,12571,0,0,0,0,40,0,0,0,0,0,0,1,0,0,0,0,0,0,0,0,0,1,0,0,0,30,31
1.0,0.0,12571,0,0,0,0,16,0,0,0,0,0,0,1,0,0,0,0,0,0,0,0,0,1,0,0,0,27,31
1.0,0.0,12571,0,0,0,0,42,0,0,0,0,0,0,1,0,0,0,0,0,0,0,0,0,1,0,0,0,30,31
1.0,0.0,12571,0,0,0,0,57,0,0,0,0,0,0,1,0,0,0,0,0,0,0,0,0,1,0,0,0,32,31
1.0,0.0,-1,-1,-1,0,0,4,0,0,0,0,0,0,1,0,0,0,0,0,0,0,0,0,1,0,0,0,6,6
1.0,0.0,-1,-1,-1,0,0,4,0,0,0,0,0,0,1,0,0,0,0,0,0,0,0,0,1,0,0,0,6,6
1.0,0.0,0,0,0,0,0,16,0,0,0,0,0,0,1,0,0,0,0,0,0,0,0,0,1,0,0,0,2,4
1.0,0.0,0,0,0,0,0,16,0,0,0,0,0,0,1,0,0,0,0,0,0,0,0,0,1,0,0,0,2,4
1.0,0.0,0,0,0,0,0,16,0,0,0,0,0,0,1,0,0,0,0,0,0,0,0,0,1,0,0,0,3,4
1.0,0.0,0,0,0,0,0,16,0,0,0,0,0,0,1,0,0,0,0,0,0,0,0,0,1,0,0,0,2,4
1.0,0.0,0,0,0,0,0,16,0,0,0,0,0,0,1,0,0,0,0,0,0,0,0,0,1,0,0,0,33,4
1.0,0.0,0,12288,0,0,0,16,0,0,0,0,0,0,1,0,0,0,0,0,0,0,0,0,1,0,0,0,4,4
1.0,0.0,-1,-1,-1,0,0,4,0,0,0,0,0,0,1,0,0,0,0,0,0,0,0,0,1,0,0,0,6,6
1.0,0.0,-1,-1,-1,0,0,4,0,0,0,0,0,0,1,0,0,0,0,0,0,0,0,0,1,0,0,0,6,6
1.0,0.0,-1,-1,-1,0,0,4,0,0,0,0,0,0,1,0,0,0,0,0,0,0,0,0,1,0,0,0,6,6
1.0,0.0,-1,-1,-1,0,0,4,0,0,0,0,0,0,1,0,0,0,0,0,0,0,0,0,1,0,0,0,6,6
1.0,0.0,-1,-1,-1,0,0,4,0,0,0,0,0,0,1,0,0,0,0,0,0,0,0,0,1,0,0,0,6,6
1.0,0.0,-1,-1,-1,0,0,4,0,0,0,0,0,0,1,0,0,0,0,0,0,0,0,0,1,0,0,0,6,6
1.0,0.0,-1,-1,-1,0,0,4,0,0,0,0,0,0,1,0,0,0,0,0,0,0,0,0,1,0,0,0,6,6
1.0,0.0,12571,0,0,0,0,23,0,0,0,0,0,0,1,0,0,0,0,0,0,0,0,0,1,0,0,0,22,20
1.0,0.0,-1,-1,-1,0,0,5,0,0,0,0,0,0,1,0,0,0,0,0,0,0,0,0,1,0,0,0,6,6
1.0,0.0,0,0,0,0,0,24,0,0,0,0,0,0,1,0,0,0,0,0,0,0,0,0,1,0,0,0,18,20
1.0,0.0,-1,-1,-1,0,0,5,0,0,0,0,0,0,1,0,0,0,0,0,0,0,0,0,1,0,0,0,6,6
1.0,0.0,0,0,0,1,0,22,0,0,0,0,0,0,1,0,0,0,0,0,0,0,0,0,1,0,0,0,10,40
1.0,0.0,0,0,0,1,0,28,0,0,0,0,0,0,1,0,0,0,0,0,0,0,0,0,1,0,0,0,10,40
1.0,0.0,0,0,0,1,0,25,0,0,0,0,0,0,1,0,0,0,0,0,0,0,0,0,1,0,0,0,34,40
1.0,0.0,0,0,0,1,0,31,0,0,0,0,0,0,1,0,0,0,0,0,0,0,0,0,1,0,0,0,35,10
1.0,0.0,0,0,0,1,0,19,0,0,0,0,0,0,1,0,0,0,0,0,0,0,0,0,1,0,0,0,36,34
1.0,0.0,0,0,0,1,0,17,0,0,0,0,0,0,1,0,0,0,0,0,0,0,0,0,1,0,0,0,37,34
1.0,0.0,0,0,0,1,0,21,0,0,0,0,0,0,1,0,0,0,0,0,0,0,0,0,1,0,0,0,16,34
1.0,0.0,0,0,0,1,0,17,0,0,0,0,0,0,1,0,0,0,0,0,0,0,0,0,1,0,0,0,12,34
1.0,0.0,0,0,0,1,0,19,0,0,0,0,0,0,1,0,0,0,0,0,0,0,0,0,1,0,0,0,38,40
1.0,0.0,0,0,0,1,0,21,0,0,0,0,0,0,1,0,0,0,0,0,0,0,0,0,1,0,0,0,39,38
1.0,0.0,-1,-1,-1,0,0,4,0,0,0,0,0,0,1,0,0,0,0,0,0,0,0,0,1,0,0,0,6,6
1.0,0.0,-1,-1,-1,0,0,4,0,0,0,0,0,0,1,0,0,0,0,0,0,0,0,0,1,0,0,0,6,6
1.0,0.0,0,-1,5,0,0,10,0,0,0,0,0,0,1,0,0,0,0,0,0,0,0,0,1,0,0,0,40,40
1.0,0.0,-1,-1,-1,0,0,5,0,0,0,0,0,0,1,0,0,0,0,0,0,0,0,0,1,0,0,0,6,6
1.0,0.0,0,0,0,0,0,24,0,0,0,0,0,0,1,0,0,0,0,0,0,0,0,0,1,0,0,0,18,20
1.0,0.0,-1,-1,-1,0,0,5,0,0,0,0,0,0,1,0,0,0,0,0,0,0,0,0,1,0,0,0,6,6
1.0,0.0,0,-1,5,0,0,9,0,0,0,0,0,0,1,0,0,0,0,0,0,0,0,0,1,0,0,0,19,20
1.0,0.0,-1,-1,-1,0,0,5,0,0,0,0,0,0,1,0,0,0,0,0,0,0,0,0,1,0,0,0,6,6
1.0,0.0,12563,0,0,0,0,20,0,0,0,0,0,0,1,0,0,0,0,0,0,0,0,0,1,0,0,0,20,20
1.0,0.0,12563,0,0,0,0,28,0,0,0,0,0,0,1,0,0,0,0,0,0,0,0,0,1,0,0,0,21,95
1.0,0.0,12563,0,0,0,0,31,0,0,0,0,0,0,1,0,0,0,0,0,0,0,0,0,1,0,0,0,22,20
1.0,0.0,-1,-1,-1,0,0,5,0,0,0,0,0,0,1,0,0,0,0,0,0,0,0,0,1,0,0,0,6,6
1.0,0.0,-1,-1,-1,0,0,4,0,0,0,0,0,0,1,0,0,0,0,0,0,0,0,0,1,0,0,0,6,6
1.0,0.0,-1,-1,-1,0,0,4,0,0,0,0,0,0,1,0,0,0,0,0,0,0,0,0,1,0,0,0,6,6
1.0,0.0,12563,0,0,2,0,33,0,0,0,0,0,0,1,0,0,0,0,0,0,0,0,0,1,0,0,0,10,40
1.0,0.0,12563,0,0,0,0,30,0,0,0,0,0,0,1,0,0,0,0,0,0,0,0,0,1,0,0,0,41,10
1.0,0.0,12563,0,0,0,0,28,0,0,0,0,0,0,1,0,0,0,0,0,0,0,0,0,1,0,0,0,41,10
1.0,0.0,12563,0,0,0,0,59,0,0,0,0,0,0,1,0,0,0,0,0,0,0,0,0,1,0,0,0,42,10
1.0,0.0,12563,0,0,0,0,25,0,0,0,0,0,0,1,0,0,0,0,0,0,0,0,0,1,0,0,0,43,10
1.0,0.0,12563,0,-2,0,0,27,0,0,0,0,0,0,1,0,0,0,0,0,0,0,0,0,1,0,0,0,43,43
1.0,0.0,12563,0,-2,0,0,27,0,0,0,0,0,0,1,0,0,0,0,0,0,0,0,0,1,0,0,0,43,43
1.0,0.0,12563,0,0,0,0,21,0,0,0,0,0,0,1,0,0,0,0,0,0,0,0,0,1,0,0,0,3,43
1.0,0.0,12563,0,0,4,0,35,0,0,0,0,0,0,1,0,0,0,0,0,0,0,0,0,1,0,0,0,44,43
1.0,0.0,12563,0,0,4,0,35,0,0,0,0,0,0,1,0,0,0,0,0,0,0,0,0,1,0,0,0,44,43
1.0,0.0,-1,-1,-1,0,0,4,0,0,0,0,0,0,1,0,0,0,0,0,0,0,0,0,1,0,0,0,6,6
1.0,0.0,-1,-1,-1,0,0,4,0,0,0,0,0,0,1,0,0,0,0,0,0,0,0,0,1,0,0,0,6,6
1.0,0.0,12563,0,0,0,0,23,0,0,0,0,0,0,1,0,0,0,0,0,0,0,0,0,1,0,0,0,22,20
1.0,0.0,-1,-1,-1,0,0,5,0,0,0,0,0,0,1,0,0,0,0,0,0,0,0,0,1,0,0,0,6,6
1.0,0.0,0,0,0,0,0,24,0,0,0,0,0,0,1,0,0,0,0,0,0,0,0,0,1,0,0,0,18,20
1.0,0.0,-1,-1,-1,0,0,5,0,0,0,0,0,0,1,0,0,0,0,0,0,0,0,0,1,0,0,0,6,6
1.0,0.0,0,0,0,0,0,19,0,0,0,0,0,0,1,0,0,0,0,0,0,0,0,0,1,0,0,0,5,5
1.0,0.0,-1,-1,-1,0,0,4,0,0,0,0,0,0,1,0,0,0,0,0,0,0,0,0,1,0,0,0,6,6
1.0,0.0,-1,-1,-1,0,0,4,0,0,0,0,0,0,1,0,0,0,0,0,0,0,0,0,1,0,0,0,6,6
1.0,0.0,-1,-1,-1,0,0,4,0,0,0,0,0,0,1,0,0,0,0,0,0,0,0,0,1,0,0,0,6,6
1.0,0.0,-1,-1,-1,0,0,4,0,0,0,0,0,0,1,0,0,0,0,0,0,0,0,0,1,0,0,0,6,6
1.0,0.0,-1,-1,-1,0,0,4,0,0,0,0,0,0,1,0,0,0,0,0,0,0,0,0,1,0,0,0,6,6
1.0,0.0,65534,0,0,0,0,19,0,0,0,0,0,0,1,0,0,0,0,0,0,0,0,0,1,0,0,0,13,5
1.0,0.0,65534,0,0,0,0,19,0,0,0,0,0,0,1,0,0,0,0,0,0,0,0,0,1,0,0,0,13,5
1.0,0.0,-1,-1,-1,0,0,4,0,0,0,0,0,0,1,0,0,0,0,0,0,0,0,0,1,0,0,0,6,6
1.0,0.0,-1,-1,-1,0,0,4,0,0,0,0,0,0,1,0,0,0,0,0,0,0,0,0,1,0,0,0,6,6
1.0,0.0,-1,-1,-1,0,0,4,0,0,0,0,0,0,1,0,0,0,0,0,0,0,0,0,1,0,0,0,6,6
1.0,0.0,-1,-1,-1,0,0,4,0,0,0,0,0,0,1,0,0,0,0,0,0,0,0,0,1,0,0,0,6,6
1.0,0.0,-1,-1,-1,0,0,4,0,0,0,0,0,0,1,0,0,0,0,0,0,0,0,0,1,0,0,0,6,6
1.0,0.0,0,-1,1,0,0,10,0,0,0,0,0,0,1,0,0,0,0,0,0,0,0,0,1,0,0,0,5,5
1.0,0.0,-1,-1,-1,0,0,4,0,0,0,0,0,0,1,0,0,0,0,0,0,0,0,0,1,0,0,0,6,6
1.0,0.0,-1,-1,-1,0,0,4,0,0,0,0,0,0,1,0,0,0,0,0,0,0,0,0,1,0,0,0,6,6
1.0,0.0,-1,-1,-1,0,0,4,0,0,0,0,0,0,1,0,0,0,0,0,0,0,0,0,1,0,0,0,6,6
1.0,0.0,-1,-1,-1,0,0,4,0,0,0,0,0,0,1,0,0,0,0,0,0,0,0,0,1,0,0,0,6,6
1.0,0.0,-1,-1,-1,0,0,4,0,0,0,0,0,0,1,0,0,0,0,0,0,0,0,0,1,0,0,0,6,6
1.0,0.0,-1,-1,-1,0,0,4,0,0,0,0,0,0,1,0,0,0,0,0,0,0,0,0,1,0,0,0,6,6
1.0,0.0,-1,-1,-1,0,0,4,0,0,0,0,0,0,1,0,0,0,0,0,0,0,0,0,1,0,0,0,6,6
1.0,0.0,-1,-1,-1,0,0,4,0,0,0,0,0,0,1,0,0,0,0,0,0,0,0,0,1,0,0,0,6,6
1.0,0.0,0,0,0,1,0,18,0,0,0,0,0,0,1,0,0,0,0,0,0,0,0,0,1,0,0,0,23,5
1.0,0.0,0,0,0,1,0,13,0,0,0,0,0,0,1,0,0,0,0,0,0,0,0,0,1,0,0,0,27,23
1.0,0.0,0,0,0,1,0,25,0,0,0,0,0,0,1,0,0,0,0,0,0,0,0,0,1,0,0,0,28,23
1.0,0.0,0,0,0,3,0,17,0,0,0,0,0,0,1,0,0,0,0,0,0,0,0,0,1,0,0,0,12,28
1.0,0.0,0,0,0,1,0,25,0,0,0,0,0,0,1,0,0,0,0,0,0,0,0,0,1,0,0,0,28,23
1.0,0.0,0,0,0,3,0,17,0,0,0,0,0,0,1,0,0,0,0,0,0,0,0,0,1,0,0,0,12,28
1.0,0.0,0,0,0,1,0,25,0,0,0,0,0,0,1,0,0,0,0,0,0,0,0,0,1,0,0,0,28,23
1.0,0.0,0,0,0,3,0,17,0,0,0,0,0,0,1,0,0,0,0,0,0,0,0,0,1,0,0,0,12,28
1.0,0.0,0,0,0,1,0,17,0,0,0,0,0,0,1,0,0,0,0,0,0,0,0,0,1,0,0,0,29,23
1.0,0.0,0,0,0,1,0,13,0,0,0,0,0,0,1,0,0,0,0,0,0,0,0,0,1,0,0,0,27,23
1.0,0.0,0,0,0,3,0,28,0,0,0,0,0,0,1,0,0,0,0,0,0,0,0,0,1,0,0,0,29,23
1.0,0.0,0,0,0,1,0,19,0,0,0,0,0,0,1,0,0,0,0,0,0,0,0,0,1,0,0,0,24,23
1.0,0.0,0,0,0,1,0,13,0,0,0,0,0,0,1,0,0,0,0,0,0,0,0,0,1,0,0,0,45,23
1.0,0.0,0,0,0,1,0,19,0,0,0,0,0,0,1,0,0,0,0,0,0,0,0,0,1,0,0,0,46,5
1.0,0.0,-1,-1,-1,0,0,4,0,0,0,0,0,0,1,0,0,0,0,0,0,0,0,0,1,0,0,0,6,6
1.0,0.0,-1,-1,-1,0,0,4,0,0,0,0,0,0,1,0,0,0,0,0,0,0,0,0,1,0,0,0,6,6
1.0,0.0,-1,-1,-1,0,0,4,0,0,0,0,0,0,1,0,0,0,0,0,0,0,0,0,1,0,0,0,6,6
1.0,0.0,-1,-1,-1,0,0,4,0,0,0,0,0,0,1,0,0,0,0,0,0,0,0,0,1,0,0,0,6,6
1.0,0.0,-1,-1,-1,0,0,4,0,0,0,0,0,0,1,0,0,0,0,0,0,0,0,0,1,0,0,0,6,6
1.0,0.0,-1,-1,-1,0,0,4,0,0,0,0,0,0,1,0,0,0,0,0,0,0,0,0,1,0,0,0,6,6
1.0,0.0,-1,-1,-1,0,0,4,0,0,0,0,0,0,1,0,0,0,0,0,0,0,0,0,1,0,0,0,6,6
1.0,0.0,-1,-1,-1,0,0,4,0,0,0,0,0,0,1,0,0,0,0,0,0,0,0,0,1,0,0,0,6,6
1.0,0.0,-1,-1,-1,0,0,4,0,0,0,0,0,0,1,0,0,0,0,0,0,0,0,0,1,0,0,0,6,6
1.0,0.0,0,0,0,0,0,16,0,0,0,0,0,0,1,0,0,0,0,0,0,0,0,0,1,0,0,0,2,4
1.0,0.0,0,0,0,0,0,16,0,0,0,0,0,0,1,0,0,0,0,0,0,0,0,0,1,0,0,0,2,4
1.0,0.0,0,0,0,0,0,16,0,0,0,0,0,0,1,0,0,0,0,0,0,0,0,0,1,0,0,0,33,4
1.0,0.0,0,0,0,0,0,20,0,0,0,0,0,0,1,0,0,0,0,0,0,0,0,0,1,0,0,0,10,96
1.0,0.0,0,0,0,0,0,18,0,0,0,0,0,0,1,0,0,0,0,0,0,0,0,0,1,0,0,0,47,96
1.0,0.0,0,0,0,0,0,16,0,0,0,0,0,0,1,0,0,0,0,0,0,0,0,0,1,0,0,0,48,96
1.0,0.0,0,0,0,0,0,27,0,0,0,0,0,0,1,0,0,0,0,0,0,0,0,0,1,0,0,0,49,96
1.0,0.0,0,0,0,0,0,27,0,0,0,0,0,0,1,0,0,0,0,0,0,0,0,0,1,0,0,0,50,96
1.0,0.0,0,0,0,0,0,27,0,0,0,0,0,0,1,0,0,0,0,0,0,0,0,0,1,0,0,0,51,96
1.0,0.0,0,0,0,0,0,21,0,0,0,0,0,0,1,0,0,0,0,0,0,0,0,0,1,0,0,0,52,97
1.0,10.0,0,0,0,0,0,19,0,0,0,0,0,0,1,0,0,0,0,0,0,0,0,0,1,0,0,0,5,5
1.0,0.0,-1,-1,-1,0,0,4,0,0,0,0,0,0,1,0,0,0,0,0,0,0,0,0,1,0,0,0,6,6
1.0,0.0,-1,-1,-1,0,0,4,0,0,0,0,0,0,1,0,0,0,0,0,0,0,0,0,1,0,0,0,6,6
1.0,0.0,-1,-1,-1,0,0,4,0,0,0,0,0,0,1,0,0,0,0,0,0,0,0,0,1,0,0,0,6,6
1.0,0.0,-1,-1,-1,0,0,4,0,0,0,0,0,0,1,0,0,0,0,0,0,0,0,0,1,0,0,0,6,6
1.0,0.0,-1,-1,-1,0,0,4,0,0,0,0,0,0,1,0,0,0,0,0,0,0,0,0,1,0,0,0,6,6
1.0,0.0,65534,0,0,0,0,19,0,0,0,0,0,0,1,0,0,0,0,0,0,0,0,0,1,0,0,0,13,5
1.0,0.0,-1,-1,-1,0,0,4,0,0,0,0,0,0,1,0,0,0,0,0,0,0,0,0,1,0,0,0,6,6
1.0,0.0,-1,-1,-1,0,0,4,0,0,0,0,0,0,1,0,0,0,0,0,0,0,0,0,1,0,0,0,6,6
1.0,0.0,-1,-1,-1,0,0,4,0,0,0,0,0,0,1,0,0,0,0,0,0,0,0,0,1,0,0,0,6,6
1.0,0.0,-1,-1,-1,0,0,4,0,0,0,0,0,0,1,0,0,0,0,0,0,0,0,0,1,0,0,0,6,6
1.0,0.0,-1,-1,-1,0,0,4,0,0,0,0,0,0,1,0,0,0,0,0,0,0,0,0,1,0,0,0,6,6
1.0,0.0,0,-1,5,0,0,10,0,0,0,0,0,0,1,0,0,0,0,0,0,0,0,0,1,0,0,0,5,5
1.0,0.0,-1,-1,-1,0,0,5,0,0,0,0,0,0,1,0,0,0,0,0,0,0,0,0,1,0,0,0,6,6
1.0,0.0,0,0,0,0,0,24,0,0,0,0,0,0,1,0,0,0,0,0,0,0,0,0,1,0,0,0,18,20
1.0,0.0,-1,-1,-1,0,0,5,0,0,0,0,0,0,1,0,0,0,0,0,0,0,0,0,1,0,0,0,6,6
1.0,0.0,0,-1,5,0,0,9,0,0,0,0,0,0,1,0,0,0,0,0,0,0,0,0,1,0,0,0,19,20
1.0,0.0,-1,-1,-1,0,0,5,0,0,0,0,0,0,1,0,0,0,0,0,0,0,0,0,1,0,0,0,6,6
1.0,0.0,12546,0,0,0,0,20,0,0,0,0,0,0,1,0,0,0,0,0,0,0,0,0,1,0,0,0,20,20
1.0,0.0,12546,0,0,0,0,28,0,0,0,0,0,0,1,0,0,0,0,0,0,0,0,0,1,0,0,0,21,95
1.0,0.0,12546,0,0,0,0,31,0,0,0,0,0,0,1,0,0,0,0,0,0,0,0,0,1,0,0,0,22,20
1.0,0.0,-1,-1,-1,0,0,5,0,0,0,0,0,0,1,0,0,0,0,0,0,0,0,0,1,0,0,0,6,6
1.0,0.0,-1,-1,-1,0,0,4,0,0,0,0,0,0,1,0,0,0,0,0,0,0,0,0,1,0,0,0,6,6
1.0,0.0,-1,-1,-1,0,0,4,0,0,0,0,0,0,1,0,0,0,0,0,0,0,0,0,1,0,0,0,6,6
1.0,0.0,-1,-1,-1,0,0,4,0,0,0,0,0,0,1,0,0,0,0,0,0,0,0,0,1,0,0,0,6,6
1.0,0.0,-1,-1,-1,0,0,4,0,0,0,0,0,0,1,0,0,0,0,0,0,0,0,0,1,0,0,0,6,6
1.0,0.0,-1,-1,-1,0,0,4,0,0,0,0,0,0,1,0,0,0,0,0,0,0,0,0,1,0,0,0,6,6
1.0,0.0,-1,-1,-1,0,0,4,0,0,0,0,0,0,1,0,0,0,0,0,0,0,0,0,1,0,0,0,6,6
1.0,0.0,-1,-1,-1,0,0,4,0,0,0,0,0,0,1,0,0,0,0,0,0,0,0,0,1,0,0,0,6,6
1.0,0.0,-1,-1,-1,0,0,4,0,0,0,0,0,0,1,0,0,0,0,0,0,0,0,0,1,0,0,0,6,6
1.0,0.0,12546,0,0,0,0,15,0,0,0,0,0,0,1,0,0,0,0,0,0,0,0,0,1,0,0,0,23,5
1.0,0.0,12546,0,0,0,0,22,0,0,0,0,0,0,1,0,0,0,0,0,0,0,0,0,1,0,0,0,24,23
1.0,0.0,12546,0,0,0,0,22,0,0,0,0,0,0,1,0,0,0,0,0,0,0,0,0,1,0,0,0,24,23
1.0,0.0,12546,0,0,0,0,31,0,0,0,0,0,0,1,0,0,0,0,0,0,0,0,0,1,0,0,0,25,23
1.0,0.0,12546,0,0,0,0,31,0,0,0,0,0,0,1,0,0,0,0,0,0,0,0,0,1,0,0,0,26,23
1.0,0.0,12546,0,0,0,0,16,0,0,0,0,0,0,1,0,0,0,0,0,0,0,0,0,1,0,0,0,27,23
1.0,0.0,12546,0,0,0,0,22,0,0,0,0,0,0,1,0,0,0,0,0,0,0,0,0,1,0,0,0,24,23
1.0,0.0,12546,0,0,0,0,28,0,0,0,0,0,0,1,0,0,0,0,0,0,0,0,0,1,0,0,0,28,23
1.0,0.0,12546,0,0,2,0,20,0,0,0,0,0,0,1,0,0,0,0,0,0,0,0,0,1,0,0,0,12,28
1.0,0.0,12546,0,0,0,0,28,0,0,0,0,0,0,1,0,0,0,0,0,0,0,0,0,1,0,0,0,28,23
1.0,0.0,12546,0,0,2,0,20,0,0,0,0,0,0,1,0,0,0,0,0,0,0,0,0,1,0,0,0,12,28
1.0,0.0,12546,0,0,0,0,28,0,0,0,0,0,0,1,0,0,0,0,0,0,0,0,0,1,0,0,0,28,23
1.0,0.0,12546,0,0,2,0,20,0,0,0,0,0,0,1,0,0,0,0,0,0,0,0,0,1,0,0,0,12,28
1.0,0.0,12546,0,0,0,0,20,0,0,0,0,0,0,1,0,0,0,0,0,0,0,0,0,1,0,0,0,29,23
1.0,0.0,12546,0,0,0,0,16,0,0,0,0,0,0,1,0,0,0,0,0,0,0,0,0,1,0,0,0,27,23
1.0,0.0,12546,0,0,2,0,31,0,0,0,0,0,0,1,0,0,0,0,0,0,0,0,0,1,0,0,0,29,23
1.0,0.0,12546,0,0,0,0,40,0,0,0,0,0,0,1,0,0,0,0,0,0,0,0,0,1,0,0,0,30,23
1.0,0.0,12546,0,0,0,0,16,0,0,0,0,0,0,1,0,0,0,0,0,0,0,0,0,1,0,0,0,27,23
1.0,0.0,12546,0,0,0,0,40,0,0,0,0,0,0,1,0,0,0,0,0,0,0,0,0,1,0,0,0,30,23
1.0,0.0,12546,0,0,0,0,40,0,0,0,0,0,0,1,0,0,0,0,0,0,0,0,0,1,0,0,0,30,23
1.0,0.0,12546,0,0,0,0,22,0,0,0,0,0,0,1,0,0,0,0,0,0,0,0,0,1,0,0,0,24,23
1.0,0.0,12546,0,0,0,0,16,0,0,0,0,0,0,1,0,0,0,0,0,0,0,0,0,1,0,0,0,16,23
1.0,0.0,12546,0,0,0,0,16,0,0,0,0,0,0,1,0,0,0,0,0,0,0,0,0,1,0,0,0,53,23
1.0,0.0,12546,0,0,0,0,16,0,0,0,0,0,0,1,0,0,0,0,0,0,0,0,0,1,0,0,0,54,23
1.0,0.0,12546,0,0,0,0,16,0,0,0,0,0,0,1,0,0,0,0,0,0,0,0,0,1,0,0,0,55,23
1.0,0.0,12546,0,0,0,0,16,0,0,0,0,0,0,1,0,0,0,0,0,0,0,0,0,1,0,0,0,56,23
1.0,0.0,-1,-1,-1,0,0,4,0,0,0,0,0,0,1,0,0,0,0,0,0,0,0,0,1,0,0,0,6,6
1.0,0.0,-1,-1,-1,0,0,4,0,0,0,0,0,0,1,0,0,0,0,0,0,0,0,0,1,0,0,0,6,6
1.0,0.0,-1,-1,-1,0,0,4,0,0,0,0,0,0,1,0,0,0,0,0,0,0,0,0,1,0,0,0,6,6
1.0,0.0,-1,-1,-1,0,0,4,0,0,0,0,0,0,1,0,0,0,0,0,0,0,0,0,1,0,0,0,6,6
1.0,0.0,-1,-1,-1,0,0,4,0,0,0,0,0,0,1,0,0,0,0,0,0,0,0,0,1,0,0,0,6,6
1.0,0.0,-1,-1,-1,0,0,4,0,0,0,0,0,0,1,0,0,0,0,0,0,0,0,0,1,0,0,0,6,6
1.0,0.0,-1,-1,-1,0,0,4,0,0,0,0,0,0,1,0,0,0,0,0,0,0,0,0,1,0,0,0,6,6
1.0,0.0,-1,-1,-1,0,0,4,0,0,0,0,0,0,1,0,0,0,0,0,0,0,0,0,1,0,0,0,6,6
1.0,0.0,-1,-1,-1,0,0,4,0,0,0,0,0,0,1,0,0,0,0,0,0,0,0,0,1,0,0,0,6,6
1.0,0.0,12546,0,0,0,0,23,0,0,0,0,0,0,1,0,0,0,0,0,0,0,0,0,1,0,0,0,22,20
1.0,0.0,-1,-1,-1,0,0,5,0,0,0,0,0,0,1,0,0,0,0,0,0,0,0,0,1,0,0,0,6,6
1.0,0.0,0,0,0,0,0,24,0,0,0,0,0,0,1,0,0,0,0,0,0,0,0,0,1,0,0,0,18,20
1.0,0.0,-1,-1,-1,0,0,5,0,0,0,0,0,0,1,0,0,0,0,0,0,0,0,0,1,0,0,0,6,6
1.0,0.0,0,0,0,0,0,19,0,0,0,0,0,0,1,0,0,0,0,0,0,0,0,0,1,0,0,0,5,5
1.0,0.0,-1,-1,-1,0,0,4,0,0,0,0,0,0,1,0,0,0,0,0,0,0,0,0,1,0,0,0,6,6
1.0,0.0,-1,-1,-1,0,0,4,0,0,0,0,0,0,1,0,0,0,0,0,0,0,0,0,1,0,0,0,6,6
1.0,0.0,-1,-1,-1,0,0,4,0,0,0,0,0,0,1,0,0,0,0,0,0,0,0,0,1,0,0,0,6,6
1.0,0.0,-1,-1,-1,0,0,4,0,0,0,0,0,0,1,0,0,0,0,0,0,0,0,0,1,0,0,0,6,6
1.0,0.0,-1,-1,-1,0,0,4,0,0,0,0,0,0,1,0,0,0,0,0,0,0,0,0,1,0,0,0,6,6
1.0,0.0,65534,0,0,0,0,19,0,0,0,0,0,0,1,0,0,0,0,0,0,0,0,0,1,0,0,0,13,5
1.0,0.0,-1,-1,-1,0,0,4,0,0,0,0,0,0,1,0,0,0,0,0,0,0,0,0,1,0,0,0,6,6
1.0,0.0,-1,-1,-1,0,0,4,0,0,0,0,0,0,1,0,0,0,0,0,0,0,0,0,1,0,0,0,6,6
1.0,0.0,-1,-1,-1,0,0,4,0,0,0,0,0,0,1,0,0,0,0,0,0,0,0,0,1,0,0,0,6,6
1.0,0.0,-1,-1,-1,0,0,4,0,0,0,0,0,0,1,0,0,0,0,0,0,0,0,0,1,0,0,0,6,6
1.0,0.0,-1,-1,-1,0,0,4,0,0,0,0,0,0,1,0,0,0,0,0,0,0,0,0,1,0,0,0,6,6
1.0,0.0,0,-1,5,0,0,10,0,0,0,0,0,0,1,0,0,0,0,0,0,0,0,0,1,0,0,0,5,5
1.0,0.0,-1,-1,-1,0,0,5,0,0,0,0,0,0,1,0,0,0,0,0,0,0,0,0,1,0,0,0,6,6
1.0,0.0,0,0,0,0,0,24,0,0,0,0,0,0,1,0,0,0,0,0,0,0,0,0,1,0,0,0,18,20
1.0,0.0,-1,-1,-1,0,0,5,0,0,0,0,0,0,1,0,0,0,0,0,0,0,0,0,1,0,0,0,6,6
1.0,0.0,0,-1,5,0,0,9,0,0,0,0,0,0,1,0,0,0,0,0,0,0,0,0,1,0,0,0,19,20
1.0,0.0,-1,-1,-1,0,0,5,0,0,0,0,0,0,1,0,0,0,0,0,0,0,0,0,1,0,0,0,6,6
1.0,0.0,12571,0,0,0,0,20,0,0,0,0,0,0,1,0,0,0,0,0,0,0,0,0,1,0,0,0,20,20
1.0,0.0,12571,0,0,0,0,28,0,0,0,0,0,0,1,0,0,0,0,0,0,0,0,0,1,0,0,0,21,95
1.0,0.0,12571,0,0,0,0,31,0,0,0,0,0,0,1,0,0,0,0,0,0,0,0,0,1,0,0,0,22,20
1.0,0.0,-1,-1,-1,0,0,5,0,0,0,0,0,0,1,0,0,0,0,0,0,0,0,0,1,0,0,0,6,6
1.0,0.0,-1,-1,-1,0,0,4,0,0,0,0,0,0,1,0,0,0,0,0,0,0,0,0,1,0,0,0,6,6
1.0,0.0,-1,-1,-1,0,0,4,0,0,0,0,0,0,1,0,0,0,0,0,0,0,0,0,1,0,0,0,6,6
1.0,0.0,-1,-1,-1,0,0,4,0,0,0,0,0,0,1,0,0,0,0,0,0,0,0,0,1,0,0,0,6,6
1.0,0.0,-1,-1,-1,0,0,4,0,0,0,0,0,0,1,0,0,0,0,0,0,0,0,0,1,0,0,0,6,6
1.0,0.0,-1,-1,-1,0,0,4,0,0,0,0,0,0,1,0,0,0,0,0,0,0,0,0,1,0,0,0,6,6
1.0,0.0,-1,-1,-1,0,0,4,0,0,0,0,0,0,1,0,0,0,0,0,0,0,0,0,1,0,0,0,6,6
1.0,0.0,-1,-1,-1,0,0,4,0,0,0,0,0,0,1,0,0,0,0,0,0,0,0,0,1,0,0,0,6,6
1.0,0.0,-1,-1,-1,0,0,4,0,0,0,0,0,0,1,0,0,0,0,0,0,0,0,0,1,0,0,0,6,6
1.0,0.0,12571,0,0,0,0,19,0,0,0,0,0,0,1,0,0,0,0,0,0,0,0,0,1,0,0,0,23,5
1.0,0.0,12571,0,0,0,0,22,0,0,0,0,0,0,1,0,0,0,0,0,0,0,0,0,1,0,0,0,24,23
1.0,0.0,12571,0,0,0,0,22,0,0,0,0,0,0,1,0,0,0,0,0,0,0,0,0,1,0,0,0,24,23
1.0,0.0,12571,0,0,0,0,31,0,0,0,0,0,0,1,0,0,0,0,0,0,0,0,0,1,0,0,0,25,23
1.0,0.0,12571,0,0,0,0,31,0,0,0,0,0,0,1,0,0,0,0,0,0,0,0,0,1,0,0,0,26,23
1.0,0.0,12571,0,0,0,0,16,0,0,0,0,0,0,1,0,0,0,0,0,0,0,0,0,1,0,0,0,27,23
1.0,0.0,12571,0,0,0,0,22,0,0,0,0,0,0,1,0,0,0,0,0,0,0,0,0,1,0,0,0,24,23
1.0,0.0,12571,0,0,0,0,28,0,0,0,0,0,0,1,0,0,0,0,0,0,0,0,0,1,0,0,0,28,23
1.0,0.0,12571,0,0,2,0,20,0,0,0,0,0,0,1,0,0,0,0,0,0,0,0,0,1,0,0,0,12,28
1.0,0.0,12571,0,0,0,0,28,0,0,0,0,0,0,1,0,0,0,0,0,0,0,0,0,1,0,0,0,28,23
1.0,0.0,12571,0,0,2,0,20,0,0,0,0,0,0,1,0,0,0,0,0,0,0,0,0,1,0,0,0,12,28
1.0,0.0,12571,0,0,0,0,28,0,0,0,0,0,0,1,0,0,0,0,0,0,0,0,0,1,0,0,0,28,23
1.0,0.0,12571,0,0,2,0,20,0,0,0,0,0,0,1,0,0,0,0,0,0,0,0,0,1,0,0,0,12,28
1.0,0.0,12571,0,0,0,0,20,0,0,0,0,0,0,1,0,0,0,0,0,0,0,0,0,1,0,0,0,29,23
1.0,0.0,12571,0,0,0,0,16,0,0,0,0,0,0,1,0,0,0,0,0,0,0,0,0,1,0,0,0,27,23
1.0,0.0,12571,0,0,2,0,31,0,0,0,0,0,0,1,0,0,0,0,0,0,0,0,0,1,0,0,0,29,23
1.0,0.0,12571,0,0,0,0,40,0,0,0,0,0,0,1,0,0,0,0,0,0,0,0,0,1,0,0,0,30,23
1.0,0.0,12571,0,0,0,0,16,0,0,0,0,0,0,1,0,0,0,0,0,0,0,0,0,1,0,0,0,27,23
1.0,0.0,12571,0,0,0,0,40,0,0,0,0,0,0,1,0,0,0,0,0,0,0,0,0,1,0,0,0,30,23
1.0,0.0,12571,0,0,0,0,40,0,0,0,0,0,0,1,0,0,0,0,0,0,0,0,0,1,0,0,0,30,23
1.0,0.0,12571,0,0,0,0,22,0,0,0,0,0,0,1,0,0,0,0,0,0,0,0,0,1,0,0,0,24,23
1.0,0.0,12571,0,0,0,0,25,0,0,0,0,0,0,1,0,0,0,0,0,0,0,0,0,1,0,0,0,31,23
1.0,0.0,12571,0,0,0,0,40,0,0,0,0,0,0,1,0,0,0,0,0,0,0,0,0,1,0,0,0,30,31
1.0,0.0,12571,0,0,0,0,16,0,0,0,0,0,0,1,0,0,0,0,0,0,0,0,0,1,0,0,0,27,31
1.0,0.0,12571,0,0,0,0,42,0,0,0,0,0,0,1,0,0,0,0,0,0,0,0,0,1,0,0,0,30,31
1.0,0.0,12571,0,0,0,0,57,0,0,0,0,0,0,1,0,0,0,0,0,0,0,0,0,1,0,0,0,32,31
1.0,0.0,-1,-1,-1,0,0,4,0,0,0,0,0,0,1,0,0,0,0,0,0,0,0,0,1,0,0,0,6,6
1.0,0.0,-1,-1,-1,0,0,4,0,0,0,0,0,0,1,0,0,0,0,0,0,0,0,0,1,0,0,0,6,6
1.0,0.0,0,0,0,0,0,38,0,0,0,0,0,0,1,0,0,0,0,0,0,0,0,0,1,0,0,0,4,98
1.0,0.0,0,0,0,0,0,28,0,0,0,0,0,0,1,0,0,0,0,0,0,0,0,0,1,0,0,0,36,4
1.0,0.0,0,0,0,0,0,28,0,0,0,0,0,0,1,0,0,0,0,0,0,0,0,0,1,0,0,0,57,4
1.0,0.0,0,0,0,0,0,21,0,0,0,0,0,0,1,0,0,0,0,0,0,0,0,0,1,0,0,0,12,4
1.0,0.0,0,0,0,0,0,16,0,0,0,0,0,0,1,0,0,0,0,0,0,0,0,0,1,0,0,0,16,4
1.0,0.0,0,0,0,0,0,20,0,0,0,0,0,0,1,0,0,0,0,0,0,0,0,0,1,0,0,0,2,4
1.0,0.0,-1,-1,-1,0,0,4,0,0,0,0,0,0,1,0,0,0,0,0,0,0,0,0,1,0,0,0,6,6
1.0,0.0,-1,-1,-1,0,0,4,0,0,0,0,0,0,1,0,0,0,0,0,0,0,0,0,1,0,0,0,6,6
1.0,0.0,0,0,0,0,0,18,0,0,0,0,0,0,1,0,0,0,0,0,0,0,0,0,1,0,0,0,2,4
1.0,0.0,0,0,0,0,0,22,0,0,0,0,0,0,1,0,0,0,0,0,0,0,0,0,1,0,0,0,29,4
1.0,0.0,-1,-1,-1,0,0,4,0,0,0,0,0,0,1,0,0,0,0,0,0,0,0,0,1,0,0,0,6,6
1.0,0.0,-1,-1,-1,0,0,4,0,0,0,0,0,0,1,0,0,0,0,0,0,0,0,0,1,0,0,0,6,6
1.0,0.0,0,0,0,0,0,16,0,0,0,0,0,0,1,0,0,0,0,0,0,0,0,0,1,0,0,0,58,4
1.0,0.0,-1,-1,-1,0,0,4,0,0,0,0,0,0,1,0,0,0,0,0,0,0,0,0,1,0,0,0,6,6
1.0,0.0,-1,-1,-1,0,0,4,0,0,0,0,0,0,1,0,0,0,0,0,0,0,0,0,1,0,0,0,6,6
1.0,0.0,-1,-1,-1,0,0,4,0,0,0,0,0,0,1,0,0,0,0,0,0,0,0,0,1,0,0,0,6,6
1.0,0.0,0,0,0,0,0,16,0,0,0,0,0,0,1,0,0,0,0,0,0,0,0,0,1,0,0,0,3,4
1.0,0.0,0,12288,0,0,0,16,0,0,0,0,0,0,1,0,0,0,0,0,0,0,0,0,1,0,0,0,4,4
1.0,0.0,12571,0,0,0,0,23,0,0,0,0,0,0,1,0,0,0,0,0,0,0,0,0,1,0,0,0,22,20
1.0,0.0,-1,-1,-1,0,0,5,0,0,0,0,0,0,1,0,0,0,0,0,0,0,0,0,1,0,0,0,6,6
1.0,0.0,0,0,0,0,0,24,0,0,0,0,0,0,1,0,0,0,0,0,0,0,0,0,1,0,0,0,18,20
1.0,0.0,-1,-1,-1,0,0,5,0,0,0,0,0,0,1,0,0,0,0,0,0,0,0,0,1,0,0,0,6,6
1.0,0.0,0,0,0,1,0,13,0,0,0,0,0,0,1,0,0,0,0,0,0,0,0,0,1,0,0,0,59,34
1.0,0.0,0,0,0,1,0,17,0,0,0,0,0,0,1,0,0,0,0,0,0,0,0,0,1,0,0,0,60,34
1.0,0.0,0,0,0,3,0,17,0,0,0,0,0,0,1,0,0,0,0,0,0,0,0,0,1,0,0,0,12,34
1.0,0.0,0,0,0,3,0,17,0,0,0,0,0,0,1,0,0,0,0,0,0,0,0,0,1,0,0,0,61,34
1.0,0.0,0,0,0,3,0,29,0,0,0,0,0,0,1,0,0,0,0,0,0,0,0,0,1,0,0,0,10,61
1.0,0.0,0,0,0,1,0,19,0,0,0,0,0,0,1,0,0,0,0,0,0,0,0,0,1,0,0,0,62,10
1.0,0.0,0,0,0,1,0,19,0,0,0,0,0,0,1,0,0,0,0,0,0,0,0,0,1,0,0,0,63,10
1.0,0.0,0,0,0,3,0,29,0,0,0,0,0,0,1,0,0,0,0,0,0,0,0,0,1,0,0,0,10,61
1.0,0.0,0,0,0,1,0,19,0,0,0,0,0,0,1,0,0,0,0,0,0,0,0,0,1,0,0,0,62,10
1.0,0.0,0,0,0,1,0,19,0,0,0,0,0,0,1,0,0,0,0,0,0,0,0,0,1,0,0,0,63,10
1.0,0.0,0,0,0,3,0,29,0,0,0,0,0,0,1,0,0,0,0,0,0,0,0,0,1,0,0,0,10,61
1.0,0.0,0,0,0,1,0,19,0,0,0,0,0,0,1,0,0,0,0,0,0,0,0,0,1,0,0,0,62,10
1.0,0.0,0,0,0,1,0,19,0,0,0,0,0,0,1,0,0,0,0,0,0,0,0,0,1,0,0,0,63,10
1.0,0.0,0,0,0,3,0,29,0,0,0,0,0,0,1,0,0,0,0,0,0,0,0,0,1,0,0,0,10,61
1.0,0.0,0,0,0,1,0,19,0,0,0,0,0,0,1,0,0,0,0,0,0,0,0,0,1,0,0,0,62,10
1.0,0.0,0,0,0,1,0,19,0,0,0,0,0,0,1,0,0,0,0,0,0,0,0,0,1,0,0,0,63,10
1.0,0.0,0,0,0,3,0,29,0,0,0,0,0,0,1,0,0,0,0,0,0,0,0,0,1,0,0,0,10,61
1.0,0.0,0,0,0,1,0,19,0,0,0,0,0,0,1,0,0,0,0,0,0,0,0,0,1,0,0,0,62,10
1.0,0.0,0,0,0,1,0,19,0,0,0,0,0,0,1,0,0,0,0,0,0,0,0,0,1,0,0,0,63,10
1.0,0.0,0,0,0,3,0,29,0,0,0,0,0,0,1,0,0,0,0,0,0,0,0,0,1,0,0,0,10,61
1.0,0.0,0,0,0,1,0,19,0,0,0,0,0,0,1,0,0,0,0,0,0,0,0,0,1,0,0,0,62,10
1.0,0.0,0,0,0,1,0,19,0,0,0,0,0,0,1,0,0,0,0,0,0,0,0,0,1,0,0,0,63,10
1.0,0.0,0,0,0,3,0,29,0,0,0,0,0,0,1,0,0,0,0,0,0,0,0,0,1,0,0,0,10,61
1.0,0.0,0,0,0,1,0,19,0,0,0,0,0,0,1,0,0,0,0,0,0,0,0,0,1,0,0,0,62,10
1.0,0.0,0,0,0,1,0,19,0,0,0,0,0,0,1,0,0,0,0,0,0,0,0,0,1,0,0,0,63,10
1.0,0.0,0,0,0,3,0,29,0,0,0,0,0,0,1,0,0,0,0,0,0,0,0,0,1,0,0,0,10,61
1.0,0.0,0,0,0,1,0,19,0,0,0,0,0,0,1,0,0,0,0,0,0,0,0,0,1,0,0,0,62,10
1.0,0.0,0,0,0,1,0,19,0,0,0,0,0,0,1,0,0,0,0,0,0,0,0,0,1,0,0,0,63,10
1.0,0.0,0,0,0,3,0,29,0,0,0,0,0,0,1,0,0,0,0,0,0,0,0,0,1,0,0,0,10,61
1.0,0.0,0,0,0,1,0,19,0,0,0,0,0,0,1,0,0,0,0,0,0,0,0,0,1,0,0,0,62,10
1.0,0.0,0,0,0,1,0,19,0,0,0,0,0,0,1,0,0,0,0,0,0,0,0,0,1,0,0,0,63,10
1.0,0.0,0,0,0,3,0,29,0,0,0,0,0,0,1,0,0,0,0,0,0,0,0,0,1,0,0,0,10,61
1.0,0.0,0,0,0,1,0,19,0,0,0,0,0,0,1,0,0,0,0,0,0,0,0,0,1,0,0,0,62,10
1.0,0.0,0,0,0,1,0,19,0,0,0,0,0,0,1,0,0,0,0,0,0,0,0,0,1,0,0,0,63,10
1.0,0.0,0,0,0,3,0,29,0,0,0,0,0,0,1,0,0,0,0,0,0,0,0,0,1,0,0,0,10,61
1.0,0.0,0,0,0,1,0,19,0,0,0,0,0,0,1,0,0,0,0,0,0,0,0,0,1,0,0,0,62,10
1.0,0.0,0,0,0,1,0,19,0,0,0,0,0,0,1,0,0,0,0,0,0,0,0,0,1,0,0,0,63,10
1.0,0.0,0,0,0,3,0,29,0,0,0,0,0,0,1,0,0,0,0,0,0,0,0,0,1,0,0,0,10,61
1.0,0.0,0,0,0,1,0,19,0,0,0,0,0,0,1,0,0,0,0,0,0,0,0,0,1,0,0,0,62,10
1.0,0.0,0,0,0,1,0,19,0,0,0,0,0,0,1,0,0,0,0,0,0,0,0,0,1,0,0,0,63,10
1.0,0.0,0,0,0,3,0,29,0,0,0,0,0,0,1,0,0,0,0,0,0,0,0,0,1,0,0,0,10,61
1.0,0.0,0,0,0,1,0,19,0,0,0,0,0,0,1,0,0,0,0,0,0,0,0,0,1,0,0,0,62,10
1.0,0.0,0,0,0,1,0,19,0,0,0,0,0,0,1,0,0,0,0,0,0,0,0,0,1,0,0,0,63,10
1.0,0.0,0,0,0,3,0,29,0,0,0,0,0,0,1,0,0,0,0,0,0,0,0,0,1,0,0,0,10,61
1.0,0.0,0,0,0,1,0,19,0,0,0,0,0,0,1,0,0,0,0,0,0,0,0,0,1,0,0,0,62,10
1.0,0.0,0,0,0,1,0,19,0,0,0,0,0,0,1,0,0,0,0,0,0,0,0,0,1,0,0,0,63,10
1.0,0.0,0,0,0,3,0,29,0,0,0,0,0,0,1,0,0,0,0,0,0,0,0,0,1,0,0,0,10,61
1.0,0.0,0,0,0,1,0,19,0,0,0,0,0,0,1,0,0,0,0,0,0,0,0,0,1,0,0,0,62,10
1.0,0.0,0,0,0,1,0,19,0,0,0,0,0,0,1,0,0,0,0,0,0,0,0,0,1,0,0,0,63,10
1.0,0.0,0,0,0,3,0,29,0,0,0,0,0,0,1,0,0,0,0,0,0,0,0,0,1,0,0,0,10,61
1.0,0.0,0,0,0,1,0,19,0,0,0,0,0,0,1,0,0,0,0,0,0,0,0,0,1,0,0,0,62,10
1.0,0.0,0,0,0,1,0,19,0,0,0,0,0,0,1,0,0,0,0,0,0,0,0,0,1,0,0,0,63,10
1.0,0.0,0,0,0,3,0,29,0,0,0,0,0,0,1,0,0,0,0,0,0,0,0,0,1,0,0,0,10,61
1.0,0.0,0,0,0,1,0,19,0,0,0,0,0,0,1,0,0,0,0,0,0,0,0,0,1,0,0,0,62,10
1.0,0.0,0,0,0,1,0,19,0,0,0,0,0,0,1,0,0,0,0,0,0,0,0,0,1,0,0,0,63,10
1.0,0.0,0,0,0,3,0,29,0,0,0,0,0,0,1,0,0,0,0,0,0,0,0,0,1,0,0,0,10,61
1.0,0.0,0,0,0,1,0,19,0,0,0,0,0,0,1,0,0,0,0,0,0,0,0,0,1,0,0,0,62,10
1.0,0.0,0,0,0,1,0,19,0,0,0,0,0,0,1,0,0,0,0,0,0,0,0,0,1,0,0,0,63,10
1.0,0.0,0,0,0,3,0,29,0,0,0,0,0,0,1,0,0,0,0,0,0,0,0,0,1,0,0,0,10,61
1.0,0.0,0,0,0,1,0,19,0,0,0,0,0,0,1,0,0,0,0,0,0,0,0,0,1,0,0,0,62,10
1.0,0.0,0,0,0,1,0,19,0,0,0,0,0,0,1,0,0,0,0,0,0,0,0,0,1,0,0,0,63,10
1.0,0.0,0,0,0,3,0,29,0,0,0,0,0,0,1,0,0,0,0,0,0,0,0,0,1,0,0,0,10,61
1.0,0.0,0,0,0,1,0,19,0,0,0,0,0,0,1,0,0,0,0,0,0,0,0,0,1,0,0,0,62,10
1.0,0.0,0,0,0,1,0,19,0,0,0,0,0,0,1,0,0,0,0,0,0,0,0,0,1,0,0,0,63,10
1.0,0.0,0,0,0,3,0,29,0,0,0,0,0,0,1,0,0,0,0,0,0,0,0,0,1,0,0,0,10,61
1.0,0.0,0,0,0,1,0,19,0,0,0,0,0,0,1,0,0,0,0,0,0,0,0,0,1,0,0,0,62,10
1.0,0.0,0,0,0,1,0,19,0,0,0,0,0,0,1,0,0,0,0,0,0,0,0,0,1,0,0,0,63,10
1.0,0.0,0,0,0,3,0,29,0,0,0,0,0,0,1,0,0,0,0,0,0,0,0,0,1,0,0,0,10,61
1.0,0.0,0,0,0,1,0,19,0,0,0,0,0,0,1,0,0,0,0,0,0,0,0,0,1,0,0,0,62,10
1.0,0.0,0,0,0,1,0,19,0,0,0,0,0,0,1,0,0,0,0,0,0,0,0,0,1,0,0,0,63,10
1.0,0.0,0,0,0,3,0,29,0,0,0,0,0,0,1,0,0,0,0,0,0,0,0,0,1,0,0,0,10,61
1.0,0.0,0,0,0,1,0,19,0,0,0,0,0,0,1,0,0,0,0,0,0,0,0,0,1,0,0,0,62,10
1.0,0.0,0,0,0,1,0,19,0,0,0,0,0,0,1,0,0,0,0,0,0,0,0,0,1,0,0,0,63,10
1.0,0.0,0,0,0,3,0,29,0,0,0,0,0,0,1,0,0,0,0,0,0,0,0,0,1,0,0,0,10,61
1.0,0.0,0,0,0,1,0,19,0,0,0,0,0,0,1,0,0,0,0,0,0,0,0,0,1,0,0,0,62,10
1.0,0.0,0,0,0,1,0,19,0,0,0,0,0,0,1,0,0,0,0,0,0,0,0,0,1,0,0,0,63,10
1.0,0.0,0,0,0,3,0,29,0,0,0,0,0,0,1,0,0,0,0,0,0,0,0,0,1,0,0,0,10,61
1.0,0.0,0,0,0,1,0,19,0,0,0,0,0,0,1,0,0,0,0,0,0,0,0,0,1,0,0,0,62,10
1.0,0.0,0,0,0,1,0,19,0,0,0,0,0,0,1,0,0,0,0,0,0,0,0,0,1,0,0,0,63,10
1.0,0.0,0,0,0,3,0,29,0,0,0,0,0,0,1,0,0,0,0,0,0,0,0,0,1,0,0,0,10,61
1.0,0.0,0,0,0,1,0,19,0,0,0,0,0,0,1,0,0,0,0,0,0,0,0,0,1,0,0,0,62,10
1.0,0.0,0,0,0,1,0,19,0,0,0,0,0,0,1,0,0,0,0,0,0,0,0,0,1,0,0,0,63,10
1.0,0.0,0,0,0,3,0,29,0,0,0,0,0,0,1,0,0,0,0,0,0,0,0,0,1,0,0,0,10,61
1.0,0.0,0,0,0,1,0,19,0,0,0,0,0,0,1,0,0,0,0,0,0,0,0,0,1,0,0,0,62,10
1.0,0.0,0,0,0,1,0,19,0,0,0,0,0,0,1,0,0,0,0,0,0,0,0,0,1,0,0,0,63,10
1.0,0.0,0,0,0,3,0,29,0,0,0,0,0,0,1,0,0,0,0,0,0,0,0,0,1,0,0,0,10,61
1.0,0.0,0,0,0,1,0,19,0,0,0,0,0,0,1,0,0,0,0,0,0,0,0,0,1,0,0,0,62,10
1.0,0.0,0,0,0,1,0,19,0,0,0,0,0,0,1,0,0,0,0,0,0,0,0,0,1,0,0,0,63,10
1.0,0.0,0,0,0,3,0,29,0,0,0,0,0,0,1,0,0,0,0,0,0,0,0,0,1,0,0,0,10,61
1.0,0.0,0,0,0,1,0,19,0,0,0,0,0,0,1,0,0,0,0,0,0,0,0,0,1,0,0,0,62,10
1.0,0.0,0,0,0,1,0,19,0,0,0,0,0,0,1,0,0,0,0,0,0,0,0,0,1,0,0,0,63,10
1.0,0.0,0,0,0,3,0,29,0,0,0,0,0,0,1,0,0,0,0,0,0,0,0,0,1,0,0,0,10,61
1.0,0.0,0,0,0,1,0,19,0,0,0,0,0,0,1,0,0,0,0,0,0,0,0,0,1,0,0,0,62,10
1.0,0.0,0,0,0,1,0,19,0,0,0,0,0,0,1,0,0,0,0,0,0,0,0,0,1,0,0,0,63,10
1.0,0.0,0,0,0,3,0,29,0,0,0,0,0,0,1,0,0,0,0,0,0,0,0,0,1,0,0,0,10,61
1.0,0.0,0,0,0,1,0,19,0,0,0,0,0,0,1,0,0,0,0,0,0,0,0,0,1,0,0,0,62,10
1.0,0.0,0,0,0,1,0,19,0,0,0,0,0,0,1,0,0,0,0,0,0,0,0,0,1,0,0,0,63,10
1.0,0.0,0,0,0,3,0,29,0,0,0,0,0,0,1,0,0,0,0,0,0,0,0,0,1,0,0,0,10,61
1.0,0.0,0,0,0,1,0,19,0,0,0,0,0,0,1,0,0,0,0,0,0,0,0,0,1,0,0,0,62,10
1.0,0.0,0,0,0,1,0,19,0,0,0,0,0,0,1,0,0,0,0,0,0,0,0,0,1,0,0,0,63,10
1.0,0.0,0,0,0,3,0,29,0,0,0,0,0,0,1,0,0,0,0,0,0,0,0,0,1,0,0,0,10,61
1.0,0.0,0,0,0,1,0,19,0,0,0,0,0,0,1,0,0,0,0,0,0,0,0,0,1,0,0,0,62,10
1.0,0.0,0,0,0,1,0,19,0,0,0,0,0,0,1,0,0,0,0,0,0,0,0,0,1,0,0,0,63,10
1.0,0.0,0,0,0,3,0,29,0,0,0,0,0,0,1,0,0,0,0,0,0,0,0,0,1,0,0,0,10,61
1.0,0.0,0,0,0,1,0,19,0,0,0,0,0,0,1,0,0,0,0,0,0,0,0,0,1,0,0,0,62,10
1.0,0.0,0,0,0,1,0,19,0,0,0,0,0,0,1,0,0,0,0,0,0,0,0,0,1,0,0,0,63,10
1.0,0.0,0,0,0,3,0,29,0,0,0,0,0,0,1,0,0,0,0,0,0,0,0,0,1,0,0,0,10,61
1.0,0.0,0,0,0,1,0,19,0,0,0,0,0,0,1,0,0,0,0,0,0,0,0,0,1,0,0,0,62,10
1.0,0.0,0,0,0,1,0,19,0,0,0,0,0,0,1,0,0,0,0,0,0,0,0,0,1,0,0,0,63,10
1.0,0.0,0,0,0,3,0,29,0,0,0,0,0,0,1,0,0,0,0,0,0,0,0,0,1,0,0,0,10,61
1.0,0.0,0,0,0,1,0,19,0,0,0,0,0,0,1,0,0,0,0,0,0,0,0,0,1,0,0,0,62,10
1.0,0.0,0,0,0,1,0,19,0,0,0,0,0,0,1,0,0,0,0,0,0,0,0,0,1,0,0,0,63,10
1.0,0.0,0,0,0,3,0,29,0,0,0,0,0,0,1,0,0,0,0,0,0,0,0,0,1,0,0,0,10,61
1.0,0.0,0,0,0,1,0,19,0,0,0,0,0,0,1,0,0,0,0,0,0,0,0,0,1,0,0,0,62,10
1.0,0.0,0,0,0,1,0,19,0,0,0,0,0,0,1,0,0,0,0,0,0,0,0,0,1,0,0,0,63,10
1.0,0.0,0,0,0,3,0,29,0,0,0,0,0,0,1,0,0,0,0,0,0,0,0,0,1,0,0,0,10,61
1.0,0.0,0,0,0,1,0,19,0,0,0,0,0,0,1,0,0,0,0,0,0,0,0,0,1,0,0,0,62,10
1.0,0.0,0,0,0,1,0,19,0,0,0,0,0,0,1,0,0,0,0,0,0,0,0,0,1,0,0,0,63,10
1.0,0.0,0,0,0,3,0,29,0,0,0,0,0,0,1,0,0,0,0,0,0,0,0,0,1,0,0,0,10,61
1.0,0.0,0,0,0,1,0,19,0,0,0,0,0,0,1,0,0,0,0,0,0,0,0,0,1,0,0,0,62,10
1.0,0.0,0,0,0,1,0,19,0,0,0,0,0,0,1,0,0,0,0,0,0,0,0,0,1,0,0,0,63,10
1.0,0.0,0,0,0,3,0,29,0,0,0,0,0,0,1,0,0,0,0,0,0,0,0,0,1,0,0,0,10,61
1.0,0.0,0,0,0,1,0,19,0,0,0,0,0,0,1,0,0,0,0,0,0,0,0,0,1,0,0,0,62,10
1.0,0.0,0,0,0,1,0,19,0,0,0,0,0,0,1,0,0,0,0,0,0,0,0,0,1,0,0,0,63,10
1.0,0.0,0,0,0,3,0,29,0,0,0,0,0,0,1,0,0,0,0,0,0,0,0,0,1,0,0,0,10,61
1.0,0.0,0,0,0,1,0,19,0,0,0,0,0,0,1,0,0,0,0,0,0,0,0,0,1,0,0,0,62,10
1.0,0.0,0,0,0,1,0,19,0,0,0,0,0,0,1,0,0,0,0,0,0,0,0,0,1,0,0,0,63,10
1.0,0.0,0,0,0,3,0,29,0,0,0,0,0,0,1,0,0,0,0,0,0,0,0,0,1,0,0,0,10,61
1.0,0.0,0,0,0,1,0,19,0,0,0,0,0,0,1,0,0,0,0,0,0,0,0,0,1,0,0,0,62,10
1.0,0.0,0,0,0,1,0,19,0,0,0,0,0,0,1,0,0,0,0,0,0,0,0,0,1,0,0,0,63,10
1.0,0.0,0,0,0,3,0,29,0,0,0,0,0,0,1,0,0,0,0,0,0,0,0,0,1,0,0,0,10,61
1.0,0.0,0,0,0,1,0,19,0,0,0,0,0,0,1,0,0,0,0,0,0,0,0,0,1,0,0,0,62,10
1.0,0.0,0,0,0,1,0,19,0,0,0,0,0,0,1,0,0,0,0,0,0,0,0,0,1,0,0,0,63,10
1.0,0.0,0,0,0,3,0,29,0,0,0,0,0,0,1,0,0,0,0,0,0,0,0,0,1,0,0,0,10,61
1.0,0.0,0,0,0,1,0,19,0,0,0,0,0,0,1,0,0,0,0,0,0,0,0,0,1,0,0,0,62,10
1.0,0.0,0,0,0,1,0,19,0,0,0,0,0,0,1,0,0,0,0,0,0,0,0,0,1,0,0,0,63,10
1.0,0.0,0,0,0,3,0,29,0,0,0,0,0,0,1,0,0,0,0,0,0,0,0,0,1,0,0,0,10,61
1.0,0.0,0,0,0,1,0,19,0,0,0,0,0,0,1,0,0,0,0,0,0,0,0,0,1,0,0,0,62,10
1.0,0.0,0,0,0,1,0,19,0,0,0,0,0,0,1,0,0,0,0,0,0,0,0,0,1,0,0,0,63,10
1.0,0.0,0,0,0,3,0,29,0,0,0,0,0,0,1,0,0,0,0,0,0,0,0,0,1,0,0,0,10,61
1.0,0.0,0,0,0,1,0,19,0,0,0,0,0,0,1,0,0,0,0,0,0,0,0,0,1,0,0,0,62,10
1.0,0.0,0,0,0,1,0,19,0,0,0,0,0,0,1,0,0,0,0,0,0,0,0,0,1,0,0,0,63,10
1.0,0.0,0,0,0,3,0,29,0,0,0,0,0,0,1,0,0,0,0,0,0,0,0,0,1,0,0,0,10,61
1.0,0.0,0,0,0,1,0,19,0,0,0,0,0,0,1,0,0,0,0,0,0,0,0,0,1,0,0,0,62,10
1.0,0.0,0,0,0,1,0,19,0,0,0,0,0,0,1,0,0,0,0,0,0,0,0,0,1,0,0,0,63,10
1.0,0.0,0,0,0,3,0,29,0,0,0,0,0,0,1,0,0,0,0,0,0,0,0,0,1,0,0,0,10,61
1.0,0.0,0,0,0,1,0,19,0,0,0,0,0,0,1,0,0,0,0,0,0,0,0,0,1,0,0,0,62,10
1.0,0.0,0,0,0,1,0,19,0,0,0,0,0,0,1,0,0,0,0,0,0,0,0,0,1,0,0,0,63,10
1.0,0.0,0,0,0,1,0,18,0,0,0,0,0,0,1,0,0,0,0,0,0,0,0,0,1,0,0,0,64,99
1.0,0.0,0,0,0,1,0,18,0,0,0,0,0,0,1,0,0,0,0,0,0,0,0,0,1,0,0,0,65,99
1.0,0.0,0,0,0,1,0,18,0,0,0,0,0,0,1,0,0,0,0,0,0,0,0,0,1,0,0,0,66,99
1.0,0.0,994,-1,0,0,0,11,0,0,0,0,0,0,1,0,0,0,0,0,0,0,0,0,1,0,0,0,67,20
1.0,0.0,0,0,0,0,0,19,0,0,0,0,0,0,1,0,0,0,0,0,0,0,0,0,1,0,0,0,5,5
1.0,0.0,-1,-1,-1,0,0,4,0,0,0,0,0,0,1,0,0,0,0,0,0,0,0,0,1,0,0,0,6,6
1.0,0.0,-1,-1,-1,0,0,4,0,0,0,0,0,0,1,0,0,0,0,0,0,0,0,0,1,0,0,0,6,6
1.0,0.0,-1,-1,-1,0,0,4,0,0,0,0,0,0,1,0,0,0,0,0,0,0,0,0,1,0,0,0,6,6
1.0,0.0,-1,-1,-1,0,0,4,0,0,0,0,0,0,1,0,0,0,0,0,0,0,0,0,1,0,0,0,6,6
1.0,0.0,-1,-1,-1,0,0,4,0,0,0,0,0,0,1,0,0,0,0,0,0,0,0,0,1,0,0,0,6,6
1.0,0.0,0,0,0,0,0,16,0,0,0,0,0,0,1,0,0,0,0,0,0,0,0,0,1,0,0,0,2,4
1.0,0.0,0,0,0,0,0,16,0,0,0,0,0,0,1,0,0,0,0,0,0,0,0,0,1,0,0,0,3,4
1.0,0.0,0,12288,0,0,0,16,0,0,0,0,0,0,1,0,0,0,0,0,0,0,0,0,1,0,0,0,4,4
1.0,0.0,0,0,0,0,0,38,0,0,0,0,0,0,1,0,0,0,0,0,0,0,0,0,1,0,0,0,4,98
1.0,0.0,0,0,0,0,0,28,0,0,0,0,0,0,1,0,0,0,0,0,0,0,0,0,1,0,0,0,36,4
1.0,0.0,0,0,0,0,0,28,0,0,0,0,0,0,1,0,0,0,0,0,0,0,0,0,1,0,0,0,57,4
1.0,0.0,0,0,0,0,0,21,0,0,0,0,0,0,1,0,0,0,0,0,0,0,0,0,1,0,0,0,12,4
1.0,0.0,0,0,0,0,0,16,0,0,0,0,0,0,1,0,0,0,0,0,0,0,0,0,1,0,0,0,16,4
1.0,0.0,0,0,0,0,0,20,0,0,0,0,0,0,1,0,0,0,0,0,0,0,0,0,1,0,0,0,2,4
1.0,0.0,0,0,0,0,0,18,0,0,0,0,0,0,1,0,0,0,0,0,0,0,0,0,1,0,0,0,2,4
1.0,0.0,0,0,0,0,0,22,0,0,0,0,0,0,1,0,0,0,0,0,0,0,0,0,1,0,0,0,29,4
1.0,0.0,0,0,0,0,0,16,0,0,0,0,0,0,1,0,0,0,0,0,0,0,0,0,1,0,0,0,58,4
1.0,0.0,0,0,0,0,0,16,0,0,0,0,0,0,1,0,0,0,0,0,0,0,0,0,1,0,0,0,3,4
1.0,0.0,0,12288,0,0,0,16,0,0,0,0,0,0,1,0,0,0,0,0,0,0,0,0,1,0,0,0,4,4
1.0,0.0,-1,-1,-1,0,0,4,0,0,0,0,0,0,1,0,0,0,0,0,0,0,0,0,1,0,0,0,6,6
1.0,10.0,0,0,0,0,0,16,0,0,0,0,0,0,1,0,0,0,0,0,0,0,0,0,1,0,0,0,2,4
1.0,0.0,0,0,0,0,0,16,0,0,0,0,0,0,1,0,0,0,0,0,0,0,0,0,1,0,0,0,2,4
1.0,0.0,0,0,0,0,0,16,0,0,0,0,0,0,1,0,0,0,0,0,0,0,0,0,1,0,0,0,3,4
1.0,0.0,0,0,0,0,0,16,0,0,0,0,0,0,1,0,0,0,0,0,0,0,0,0,1,0,0,0,3,4
1.0,0.0,0,12288,0,0,0,16,0,0,0,0,0,0,1,0,0,0,0,0,0,0,0,0,1,0,0,0,4,4
1.0,0.0,0,12288,0,0,0,16,0,0,0,0,0,0,1,0,0,0,0,0,0,0,0,0,1,0,0,0,4,4
1.0,0.0,0,0,0,0,0,16,0,0,0,0,0,0,1,0,0,0,0,0,0,0,0,0,1,0,0,0,2,4
1.0,0.0,0,0,0,0,0,16,0,0,0,0,0,0,1,0,0,0,0,0,0,0,0,0,1,0,0,0,2,4
1.0,0.0,0,0,0,0,0,16,0,0,0,0,0,0,1,0,0,0,0,0,0,0,0,0,1,0,0,0,3,4
1.0,0.0,0,0,0,0,0,16,0,0,0,0,0,0,1,0,0,0,0,0,0,0,0,0,1,0,0,0,3,4
1.0,0.0,0,12288,0,0,0,16,0,0,0,0,0,0,1,0,0,0,0,0,0,0,0,0,1,0,0,0,4,4
1.0,0.0,0,12288,0,0,0,16,0,0,0,0,0,0,1,0,0,0,0,0,0,0,0,0,1,0,0,0,4,4
1.0,0.0,-1,-1,-1,0,0,4,0,0,0,0,0,0,1,0,0,0,0,0,0,0,0,0,1,0,0,0,6,6
1.0,0.0,0,0,0,0,0,21,0,0,0,0,0,0,1,0,0,0,0,0,0,0,0,0,1,0,0,0,52,97
1.0,0.0,0,0,0,0,0,16,0,0,0,0,0,0,1,0,0,0,0,0,0,0,0,0,1,0,0,0,2,4
1.0,0.0,0,0,0,0,0,16,0,0,0,0,0,0,1,0,0,0,0,0,0,0,0,0,1,0,0,0,2,4
1.0,0.0,0,0,0,0,0,16,0,0,0,0,0,0,1,0,0,0,0,0,0,0,0,0,1,0,0,0,3,4
1.0,0.0,0,0,0,0,0,16,0,0,0,0,0,0,1,0,0,0,0,0,0,0,0,0,1,0,0,0,3,4
1.0,0.0,0,12288,0,0,0,16,0,0,0,0,0,0,1,0,0,0,0,0,0,0,0,0,1,0,0,0,4,4
1.0,0.0,0,12288,0,0,0,16,0,0,0,0,0,0,1,0,0,0,0,0,0,0,0,0,1,0,0,0,4,4
1.0,0.0,-1,-1,-1,0,0,4,0,0,0,0,0,0,1,0,0,0,0,0,0,0,0,0,1,0,0,0,6,6
1.0,0.0,0,0,0,0,0,16,0,0,0,0,0,0,1,0,0,0,0,0,0,0,0,0,1,0,0,0,2,4
1.0,0.0,0,0,0,0,0,16,0,0,0,0,0,0,1,0,0,0,0,0,0,0,0,0,1,0,0,0,2,4
1.0,0.0,0,0,0,0,0,16,0,0,0,0,0,0,1,0,0,0,0,0,0,0,0,0,1,0,0,0,3,4
1.0,0.0,0,0,0,0,0,16,0,0,0,0,0,0,1,0,0,0,0,0,0,0,0,0,1,0,0,0,2,4
1.0,0.0,0,0,0,0,0,16,0,0,0,0,0,0,1,0,0,0,0,0,0,0,0,0,1,0,0,0,33,4
1.0,0.0,0,12288,0,0,0,16,0,0,0,0,0,0,1,0,0,0,0,0,0,0,0,0,1,0,0,0,4,4
1.0,0.0,0,0,0,1,0,32,0,0,0,0,0,0,1,0,0,0,0,0,0,0,0,0,1,0,0,0,10,35
1.0,0.0,0,0,0,1,0,33,0,0,0,0,0,0,1,0,0,0,0,0,0,0,0,0,1,0,0,0,68,35
1.0,0.0,0,0,0,1,0,27,0,0,0,0,0,0,1,0,0,0,0,0,0,0,0,0,1,0,0,0,69,68
1.0,0.0,-1,-1,-1,0,0,4,0,0,0,0,0,0,1,0,0,0,0,0,0,0,0,0,1,0,0,0,6,6
1.0,0.0,-1,-1,-1,0,0,4,0,0,0,0,0,0,1,0,0,0,0,0,0,0,0,0,1,0,0,0,6,6
1.0,0.0,12031,0,0,1,0,20,0,0,0,0,0,0,1,0,0,0,0,0,0,0,0,0,1,0,0,0,23,69
1.0,0.0,12031,0,0,1,0,26,0,0,0,0,0,0,1,0,0,0,0,0,0,0,0,0,1,0,0,0,70,69
1.0,0.0,0,0,0,4,0,41,0,0,0,0,0,0,1,0,0,0,0,0,0,0,0,0,1,0,0,0,10,35
1.0,0.0,12031,0,0,1,0,13,0,0,0,0,0,0,1,0,0,0,0,0,0,0,0,0,1,0,0,0,2,70
1.0,0.0,0,0,0,4,0,42,0,0,0,0,0,0,1,0,0,0,0,0,0,0,0,0,1,0,0,0,68,35
1.0,0.0,0,0,0,5,0,39,0,0,0,0,0,0,1,0,0,0,0,0,0,0,0,0,1,0,0,0,69,68
1.0,0.0,12031,0,0,1,0,13,0,0,0,0,0,0,1,0,0,0,0,0,0,0,0,0,1,0,0,0,71,70
1.0,0.0,12031,0,0,1,0,13,0,0,0,0,0,0,1,0,0,0,0,0,0,0,0,0,1,0,0,0,12,70
1.0,0.0,-1,-1,-1,0,0,4,0,0,0,0,0,0,1,0,0,0,0,0,0,0,0,0,1,0,0,0,6,6
1.0,0.0,-1,-1,-1,0,0,4,0,0,0,0,0,0,1,0,0,0,0,0,0,0,0,0,1,0,0,0,6,6
1.0,0.0,0,0,0,5,0,32,0,0,0,0,0,0,1,0,0,0,0,0,0,0,0,0,1,0,0,0,23,69
1.0,0.0,0,0,0,5,0,40,0,0,0,0,0,0,1,0,0,0,0,0,0,0,0,0,1,0,0,0,72,69
1.0,0.0,0,0,0,1,0,47,0,0,0,0,0,0,1,0,0,0,0,0,0,0,0,0,1,0,0,0,10,35
1.0,0.0,0,0,0,1,0,48,0,0,0,0,0,0,1,0,0,0,0,0,0,0,0,0,1,0,0,0,68,35
1.0,0.0,0,0,0,1,0,45,0,0,0,0,0,0,1,0,0,0,0,0,0,0,0,0,1,0,0,0,69,68
1.0,0.0,-1,-1,-1,0,0,4,0,0,0,0,0,0,1,0,0,0,0,0,0,0,0,0,1,0,0,0,6,6
1.0,0.0,-1,-1,-1,0,0,4,0,0,0,0,0,0,1,0,0,0,0,0,0,0,0,0,1,0,0,0,6,6
1.0,0.0,0,0,0,1,0,38,0,0,0,0,0,0,1,0,0,0,0,0,0,0,0,0,1,0,0,0,23,69
1.0,0.0,0,0,0,1,0,46,0,0,0,0,0,0,1,0,0,0,0,0,0,0,0,0,1,0,0,0,72,69
1.0,0.0,0,0,0,1,0,38,0,0,0,0,0,0,1,0,0,0,0,0,0,0,0,0,1,0,0,0,10,35
1.0,0.0,0,0,0,1,0,39,0,0,0,0,0,0,1,0,0,0,0,0,0,0,0,0,1,0,0,0,68,35
1.0,0.0,0,0,0,1,0,33,0,0,0,0,0,0,1,0,0,0,0,0,0,0,0,0,1,0,0,0,69,68
1.0,0.0,-1,-1,-1,0,0,4,0,0,0,0,0,0,1,0,0,0,0,0,0,0,0,0,1,0,0,0,6,6
1.0,0.0,-1,-1,-1,0,0,4,0,0,0,0,0,0,1,0,0,0,0,0,0,0,0,0,1,0,0,0,6,6
1.0,0.0,0,0,0,1,0,26,0,0,0,0,0,0,1,0,0,0,0,0,0,0,0,0,1,0,0,0,23,69
1.0,0.0,0,0,0,1,0,34,0,0,0,0,0,0,1,0,0,0,0,0,0,0,0,0,1,0,0,0,72,69
1.0,0.0,0,0,0,1,0,32,0,0,0,0,0,0,1,0,0,0,0,0,0,0,0,0,1,0,0,0,10,35
1.0,0.0,0,0,0,1,0,33,0,0,0,0,0,0,1,0,0,0,0,0,0,0,0,0,1,0,0,0,68,35
1.0,0.0,0,0,0,1,0,27,0,0,0,0,0,0,1,0,0,0,0,0,0,0,0,0,1,0,0,0,69,68
1.0,0.0,-1,-1,-1,0,0,4,0,0,0,0,0,0,1,0,0,0,0,0,0,0,0,0,1,0,0,0,6,6
1.0,0.0,-1,-1,-1,0,0,4,0,0,0,0,0,0,1,0,0,0,0,0,0,0,0,0,1,0,0,0,6,6
1.0,0.0,0,0,0,1,0,20,0,0,0,0,0,0,1,0,0,0,0,0,0,0,0,0,1,0,0,0,23,69
1.0,0.0,0,0,0,1,0,26,0,0,0,0,0,0,1,0,0,0,0,0,0,0,0,0,1,0,0,0,73,69
1.0,0.0,0,0,0,1,0,32,0,0,0,0,0,0,1,0,0,0,0,0,0,0,0,0,1,0,0,0,10,35
1.0,0.0,0,0,0,1,0,13,0,0,0,0,0,0,1,0,0,0,0,0,0,0,0,0,1,0,0,0,74,73
1.0,0.0,0,0,0,1,0,13,0,0,0,0,0,0,1,0,0,0,0,0,0,0,0,0,1,0,0,0,12,73
1.0,0.0,0,0,0,1,0,13,0,0,0,0,0,0,1,0,0,0,0,0,0,0,0,0,1,0,0,0,75,73
1.0,0.0,0,0,0,1,0,33,0,0,0,0,0,0,1,0,0,0,0,0,0,0,0,0,1,0,0,0,68,35
1.0,0.0,0,0,0,1,0,27,0,0,0,0,0,0,1,0,0,0,0,0,0,0,0,0,1,0,0,0,69,68
1.0,0.0,-1,-1,-1,0,0,4,0,0,0,0,0,0,1,0,0,0,0,0,0,0,0,0,1,0,0,0,6,6
1.0,0.0,-1,-1,-1,0,0,4,0,0,0,0,0,0,1,0,0,0,0,0,0,0,0,0,1,0,0,0,6,6
1.0,0.0,12031,0,0,1,0,20,0,0,0,0,0,0,1,0,0,0,0,0,0,0,0,0,1,0,0,0,23,69
1.0,0.0,12031,0,0,1,0,26,0,0,0,0,0,0,1,0,0,0,0,0,0,0,0,0,1,0,0,0,76,69
1.0,0.0,12031,0,0,1,0,13,0,0,0,0,0,0,1,0,0,0,0,0,0,0,0,0,1,0,0,0,77,76
1.0,0.0,12031,0,0,1,0,13,0,0,0,0,0,0,1,0,0,0,0,0,0,0,0,0,1,0,0,0,75,76
1.0,0.0,0,0,0,1,0,32,0,0,0,0,0,0,1,0,0,0,0,0,0,0,0,0,1,0,0,0,10,35
1.0,0.0,0,0,0,1,0,33,0,0,0,0,0,0,1,0,0,0,0,0,0,0,0,0,1,0,0,0,68,35
1.0,0.0,0,0,0,1,0,27,0,0,0,0,0,0,1,0,0,0,0,0,0,0,0,0,1,0,0,0,69,68
1.0,0.0,-1,-1,-1,0,0,4,0,0,0,0,0,0,1,0,0,0,0,0,0,0,0,0,1,0,0,0,6,6
1.0,0.0,-1,-1,-1,0,0,4,0,0,0,0,0,0,1,0,0,0,0,0,0,0,0,0,1,0,0,0,6,6
1.0,0.0,-1,-1,-1,0,0,4,0,0,0,0,0,0,1,0,0,0,0,0,0,0,0,0,1,0,0,0,6,6
1.0,0.0,0,0,0,1,0,32,0,0,0,0,0,0,1,0,0,0,0,0,0,0,0,0,1,0,0,0,10,35
1.0,0.0,0,0,0,1,0,33,0,0,0,0,0,0,1,0,0,0,0,0,0,0,0,0,1,0,0,0,68,35
1.0,0.0,0,0,0,1,0,27,0,0,0,0,0,0,1,0,0,0,0,0,0,0,0,0,1,0,0,0,69,68
1.0,0.0,-1,-1,-1,0,0,4,0,0,0,0,0,0,1,0,0,0,0,0,0,0,0,0,1,0,0,0,6,6
1.0,0.0,0,0,0,1,0,20,0,0,0,0,0,0,1,0,0,0,0,0,0,0,0,0,1,0,0,0,23,69
1.0,0.0,-1,-1,-1,0,0,4,0,0,0,0,0,0,1,0,0,0,0,0,0,0,0,0,1,0,0,0,6,6
1.0,0.0,0,0,0,1,0,26,0,0,0,0,0,0,1,0,0,0,0,0,0,0,0,0,1,0,0,0,78,69
1.0,0.0,-1,-1,-1,0,0,4,0,0,0,0,0,0,1,0,0,0,0,0,0,0,0,0,1,0,0,0,6,6
1.0,0.0,-1,-1,-1,0,0,4,0,0,0,0,0,0,1,0,0,0,0,0,0,0,0,0,1,0,0,0,6,6
1.0,0.0,0,0,0,1,0,13,0,0,0,0,0,0,1,0,0,0,0,0,0,0,0,0,1,0,0,0,22,78
1.0,0.0,-1,-1,-1,0,0,4,0,0,0,0,0,0,1,0,0,0,0,0,0,0,0,0,1,0,0,0,6,6
1.0,0.0,12031,0,0,1,0,20,0,0,0,0,0,0,1,0,0,0,0,0,0,0,0,0,1,0,0,0,23,69
1.0,0.0,12031,0,0,1,0,26,0,0,0,0,0,0,1,0,0,0,0,0,0,0,0,0,1,0,0,0,79,69
1.0,0.0,12031,0,0,1,0,19,0,0,0,0,0,0,1,0,0,0,0,0,0,0,0,0,1,0,0,0,80,79
1.0,0.0,12031,0,0,1,0,13,0,0,0,0,0,0,1,0,0,0,0,0,0,0,0,0,1,0,0,0,12,79
1.0,0.0,12031,0,0,1,0,13,0,0,0,0,0,0,1,0,0,0,0,0,0,0,0,0,1,0,0,0,16,79
1.0,0.0,12031,0,0,1,0,13,0,0,0,0,0,0,1,0,0,0,0,0,0,0,0,0,1,0,0,0,61,79
1.0,0.0,0,0,0,1,0,32,0,0,0,0,0,0,1,0,0,0,0,0,0,0,0,0,1,0,0,0,10,35
1.0,0.0,0,0,0,1,0,33,0,0,0,0,0,0,1,0,0,0,0,0,0,0,0,0,1,0,0,0,68,35
1.0,0.0,0,0,0,1,0,27,0,0,0,0,0,0,1,0,0,0,0,0,0,0,0,0,1,0,0,0,69,68
1.0,0.0,0,0,0,1,0,13,0,0,0,0,0,0,1,0,0,0,0,0,0,0,0,0,1,0,0,0,22,78
1.0,0.0,0,0,0,1,0,19,0,0,0,0,0,0,1,0,0,0,0,0,0,0,0,0,1,0,0,0,81,72
1.0,0.0,0,0,0,1,0,13,0,0,0,0,0,0,1,0,0,0,0,0,0,0,0,0,1,0,0,0,12,78
1.0,0.0,0,0,0,1,0,13,0,0,0,0,0,0,1,0,0,0,0,0,0,0,0,0,1,0,0,0,12,78
1.0,0.0,-1,-1,-1,0,0,4,0,0,0,0,0,0,1,0,0,0,0,0,0,0,0,0,1,0,0,0,6,6
1.0,0.0,-1,-1,-1,0,0,4,0,0,0,0,0,0,1,0,0,0,0,0,0,0,0,0,1,0,0,0,6,6
1.0,0.0,0,0,0,1,0,20,0,0,0,0,0,0,1,0,0,0,0,0,0,0,0,0,1,0,0,0,23,69
1.0,0.0,0,0,0,1,0,28,0,0,0,0,0,0,1,0,0,0,0,0,0,0,0,0,1,0,0,0,82,69
1.0,0.0,0,0,0,1,0,32,0,0,0,0,0,0,1,0,0,0,0,0,0,0,0,0,1,0,0,0,10,35
1.0,0.0,0,0,0,1,0,33,0,0,0,0,0,0,1,0,0,0,0,0,0,0,0,0,1,0,0,0,68,35
1.0,0.0,0,0,0,1,0,19,0,0,0,0,0,0,1,0,0,0,0,0,0,0,0,0,1,0,0,0,81,72
1.0,0.0,0,0,0,1,0,27,0,0,0,0,0,0,1,0,0,0,0,0,0,0,0,0,1,0,0,0,69,68
1.0,0.0,-1,-1,-1,0,0,4,0,0,0,0,0,0,1,0,0,0,0,0,0,0,0,0,1,0,0,0,6,6
1.0,0.0,-1,-1,-1,0,0,4,0,0,0,0,0,0,1,0,0,0,0,0,0,0,0,0,1,0,0,0,6,6
1.0,0.0,12031,0,0,1,0,20,0,0,0,0,0,0,1,0,0,0,0,0,0,0,0,0,1,0,0,0,23,69
1.0,0.0,12031,0,0,1,0,26,0,0,0,0,0,0,1,0,0,0,0,0,0,0,0,0,1,0,0,0,83,69
1.0,0.0,0,0,0,1,0,32,0,0,0,0,0,0,1,0,0,0,0,0,0,0,0,0,1,0,0,0,10,35
1.0,0.0,12031,0,0,1,0,17,0,0,0,0,0,0,1,0,0,0,0,0,0,0,0,0,1,0,0,0,54,83
1.0,0.0,12031,0,0,1,0,13,0,0,0,0,0,0,1,0,0,0,0,0,0,0,0,0,1,0,0,0,12,83
1.0,0.0,12031,0,0,1,0,13,0,0,0,0,0,0,1,0,0,0,0,0,0,0,0,0,1,0,0,0,16,83
1.0,0.0,0,0,0,1,0,33,0,0,0,0,0,0,1,0,0,0,0,0,0,0,0,0,1,0,0,0,68,35
1.0,0.0,0,0,0,1,0,27,0,0,0,0,0,0,1,0,0,0,0,0,0,0,0,0,1,0,0,0,69,68
1.0,0.0,-1,-1,-1,0,0,4,0,0,0,0,0,0,1,0,0,0,0,0,0,0,0,0,1,0,0,0,6,6
1.0,0.0,-1,-1,-1,0,0,4,0,0,0,0,0,0,1,0,0,0,0,0,0,0,0,0,1,0,0,0,6,6
1.0,0.0,-1,-1,-1,0,0,4,0,0,0,0,0,0,1,0,0,0,0,0,0,0,0,0,1,0,0,0,6,6
1.0,0.0,12031,0,0,1,0,13,0,0,0,0,0,0,1,0,0,0,0,0,0,0,0,0,1,0,0,0,84,61
1.0,0.0,-1,-1,-1,0,0,4,0,0,0,0,0,0,1,0,0,0,0,0,0,0,0,0,1,0,0,0,6,6
1.0,0.0,-1,-1,-1,0,0,4,0,0,0,0,0,0,1,0,0,0,0,0,0,0,0,0,1,0,0,0,6,6
1.0,0.0,-1,-1,-1,0,0,4,0,0,0,0,0,0,1,0,0,0,0,0,0,0,0,0,1,0,0,0,6,6
1.0,0.0,0,0,0,1,0,20,0,0,0,0,0,0,1,0,0,0,0,0,0,0,0,0,1,0,0,0,23,69
1.0,0.0,0,0,0,1,0,19,0,0,0,0,0,0,1,0,0,0,0,0,0,0,0,0,1,0,0,0,81,72
1.0,0.0,0,0,0,1,0,26,0,0,0,0,0,0,1,0,0,0,0,0,0,0,0,0,1,0,0,0,85,69
1.0,0.0,0,0,0,1,0,32,0,0,0,0,0,0,1,0,0,0,0,0,0,0,0,0,1,0,0,0,10,35
1.0,0.0,0,0,0,1,0,13,0,0,0,0,0,0,1,0,0,0,0,0,0,0,0,0,1,0,0,0,71,85
1.0,0.0,0,0,0,1,0,13,0,0,0,0,0,0,1,0,0,0,0,0,0,0,0,0,1,0,0,0,12,85
1.0,0.0,0,0,0,1,0,13,0,0,0,0,0,0,1,0,0,0,0,0,0,0,0,0,1,0,0,0,1,85
1.0,0.0,0,0,0,1,0,33,0,0,0,0,0,0,1,0,0,0,0,0,0,0,0,0,1,0,0,0,68,35
1.0,0.0,0,0,0,1,0,27,0,0,0,0,0,0,1,0,0,0,0,0,0,0,0,0,1,0,0,0,69,68
1.0,0.0,0,0,0,1,0,18,0,0,0,0,0,0,1,0,0,0,0,0,0,0,0,0,1,0,0,0,10,82
1.0,0.0,0,0,0,1,0,25,0,0,0,0,0,0,1,0,0,0,0,0,0,0,0,0,1,0,0,0,86,10
1.0,0.0,0,0,0,1,0,13,0,0,0,0,0,0,1,0,0,0,0,0,0,0,0,0,1,0,0,0,12,10
1.0,0.0,-1,-1,-1,0,0,4,0,0,0,0,0,0,1,0,0,0,0,0,0,0,0,0,1,0,0,0,6,6
1.0,0.0,-1,-1,-1,0,0,4,0,0,0,0,0,0,1,0,0,0,0,0,0,0,0,0,1,0,0,0,6,6
1.0,0.0,0,0,0,1,0,19,0,0,0,0,0,0,1,0,0,0,0,0,0,0,0,0,1,0,0,0,29,86
1.0,0.0,12031,0,0,1,0,20,0,0,0,0,0,0,1,0,0,0,0,0,0,0,0,0,1,0,0,0,23,69
1.0,0.0,12031,0,-8,1,0,16,0,0,0,0,0,0,1,0,0,0,0,0,0,0,0,0,1,0,0,0,23,69
1.0,0.0,0,0,0,1,0,19,0,0,0,0,0,0,1,0,0,0,0,0,0,0,0,0,1,0,0,0,29,86
1.0,0.0,12031,0,0,5,0,27,0,0,0,0,0,0,1,0,0,0,0,0,0,0,0,0,1,0,0,0,87,23
1.0,0.0,0,0,0,1,0,29,0,0,0,0,0,0,1,0,0,0,0,0,0,0,0,0,1,0,0,0,54,86
1.0,0.0,0,0,0,1,0,27,0,0,0,0,0,0,1,0,0,0,0,0,0,0,0,0,1,0,0,0,54,86
1.0,0.0,0,0,0,1,0,32,0,0,0,0,0,0,1,0,0,0,0,0,0,0,0,0,1,0,0,0,10,35
1.0,0.0,0,0,0,1,0,27,0,0,0,0,0,0,1,0,0,0,0,0,0,0,0,0,1,0,0,0,54,86
1.0,0.0,0,0,0,1,0,33,0,0,0,0,0,0,1,0,0,0,0,0,0,0,0,0,1,0,0,0,68,35
1.0,0.0,0,0,0,1,0,27,0,0,0,0,0,0,1,0,0,0,0,0,0,0,0,0,1,0,0,0,69,68
1.0,0.0,0,0,0,1,0,27,0,0,0,0,0,0,1,0,0,0,0,0,0,0,0,0,1,0,0,0,54,86
1.0,0.0,0,0,0,1,0,26,0,0,0,0,0,0,1,0,0,0,0,0,0,0,0,0,1,0,0,0,10,72
1.0,0.0,0,0,0,1,0,27,0,0,0,0,0,0,1,0,0,0,0,0,0,0,0,0,1,0,0,0,54,86
1.0,0.0,0,0,0,1,0,22,0,0,0,0,0,0,1,0,0,0,0,0,0,0,0,0,1,0,0,0,23,10
1.0,0.0,0,0,0,1,0,27,0,0,0,0,0,0,1,0,0,0,0,0,0,0,0,0,1,0,0,0,54,86
1.0,0.0,0,0,0,1,0,18,0,0,0,0,0,0,1,0,0,0,0,0,0,0,0,0,1,0,0,0,88,10
1.0,0.0,-1,-1,-1,0,0,4,0,0,0,0,0,0,1,0,0,0,0,0,0,0,0,0,1,0,0,0,6,6
1.0,0.0,0,0,0,1,0,28,0,0,0,0,0,0,1,0,0,0,0,0,0,0,0,0,1,0,0,0,10,72
1.0,0.0,0,0,0,1,0,27,0,0,0,0,0,0,1,0,0,0,0,0,0,0,0,0,1,0,0,0,54,86
1.0,0.0,0,0,0,1,0,19,0,0,0,0,0,0,1,0,0,0,0,0,0,0,0,0,1,0,0,0,81,72
1.0,0.0,-1,-1,-1,0,0,4,0,0,0,0,0,0,1,0,0,0,0,0,0,0,0,0,1,0,0,0,6,6
1.0,0.0,0,0,0,1,0,24,0,0,0,0,0,0,1,0,0,0,0,0,0,0,0,0,1,0,0,0,23,10
1.0,0.0,0,0,0,1,0,20,0,0,0,0,0,0,1,0,0,0,0,0,0,0,0,0,1,0,0,0,23,69
1.0,0.0,0,0,0,1,0,18,0,0,0,0,0,0,1,0,0,0,0,0,0,0,0,0,1,0,0,0,10,82
1.0,0.0,0,0,0,1,0,20,0,0,0,0,0,0,1,0,0,0,0,0,0,0,0,0,1,0,0,0,88,10
1.0,0.0,0,0,0,1,0,26,0,0,0,0,0,0,1,0,0,0,0,0,0,0,0,0,1,0,0,0,89,69
1.0,0.0,0,0,0,1,0,25,0,0,0,0,0,0,1,0,0,0,0,0,0,0,0,0,1,0,0,0,86,10
1.0,0.0,0,0,0,1,0,13,0,0,0,0,0,0,1,0,0,0,0,0,0,0,0,0,1,0,0,0,12,10
1.0,0.0,0,0,0,1,0,13,0,0,0,0,0,0,1,0,0,0,0,0,0,0,0,0,1,0,0,0,12,10
1.0,0.0,0,0,0,1,0,21,0,0,0,0,0,0,1,0,0,0,0,0,0,0,0,0,1,0,0,0,36,89
1.0,0.0,0,0,0,1,0,19,0,0,0,0,0,0,1,0,0,0,0,0,0,0,0,0,1,0,0,0,81,72
1.0,0.0,0,0,0,1,0,13,0,0,0,0,0,0,1,0,0,0,0,0,0,0,0,0,1,0,0,0,22,89
1.0,0.0,0,0,0,1,0,19,0,0,0,0,0,0,1,0,0,0,0,0,0,0,0,0,1,0,0,0,29,86
1.0,0.0,0,0,0,1,0,32,0,0,0,0,0,0,1,0,0,0,0,0,0,0,0,0,1,0,0,0,10,35
1.0,0.0,0,0,0,1,0,33,0,0,0,0,0,0,1,0,0,0,0,0,0,0,0,0,1,0,0,0,68,35
1.0,0.0,0,0,0,1,0,19,0,0,0,0,0,0,1,0,0,0,0,0,0,0,0,0,1,0,0,0,29,86
1.0,0.0,0,0,0,1,0,27,0,0,0,0,0,0,1,0,0,0,0,0,0,0,0,0,1,0,0,0,69,68
1.0,0.0,0,0,0,1,0,29,0,0,0,0,0,0,1,0,0,0,0,0,0,0,0,0,1,0,0,0,54,86
1.0,0.0,0,0,0,1,0,27,0,0,0,0,0,0,1,0,0,0,0,0,0,0,0,0,1,0,0,0,54,86
1.0,0.0,-1,-1,-1,0,0,4,0,0,0,0,0,0,1,0,0,0,0,0,0,0,0,0,1,0,0,0,6,6
1.0,0.0,-1,-1,-1,0,0,4,0,0,0,0,0,0,1,0,0,0,0,0,0,0,0,0,1,0,0,0,6,6
1.0,0.0,-1,-1,-1,0,0,4,0,0,0,0,0,0,1,0,0,0,0,0,0,0,0,0,1,0,0,0,6,6
1.0,0.0,-1,-1,-1,0,0,4,0,0,0,0,0,0,1,0,0,0,0,0,0,0,0,0,1,0,0,0,6,6
1.0,0.0,-1,-1,-1,0,0,4,0,0,0,0,0,0,1,0,0,0,0,0,0,0,0,0,1,0,0,0,6,6
1.0,0.0,0,0,0,1,0,27,0,0,0,0,0,0,1,0,0,0,0,0,0,0,0,0,1,0,0,0,54,86
1.0,0.0,-1,-1,-1,0,0,4,0,0,0,0,0,0,1,0,0,0,0,0,0,0,0,0,1,0,0,0,6,6
1.0,0.0,0,0,0,1,0,27,0,0,0,0,0,0,1,0,0,0,0,0,0,0,0,0,1,0,0,0,54,86
1.0,0.0,0,0,0,1,0,20,0,0,0,0,0,0,1,0,0,0,0,0,0,0,0,0,1,0,0,0,23,69
1.0,0.0,0,0,0,1,0,26,0,0,0,0,0,0,1,0,0,0,0,0,0,0,0,0,1,0,0,0,89,69
1.0,0.0,0,0,0,1,0,27,0,0,0,0,0,0,1,0,0,0,0,0,0,0,0,0,1,0,0,0,54,86
1.0,0.0,0,0,0,1,0,21,0,0,0,0,0,0,1,0,0,0,0,0,0,0,0,0,1,0,0,0,36,89
1.0,0.0,0,0,0,1,0,27,0,0,0,0,0,0,1,0,0,0,0,0,0,0,0,0,1,0,0,0,54,86
1.0,0.0,0,0,0,1,0,13,0,0,0,0,0,0,1,0,0,0,0,0,0,0,0,0,1,0,0,0,22,89
1.0,0.0,0,0,0,1,0,27,0,0,0,0,0,0,1,0,0,0,0,0,0,0,0,0,1,0,0,0,54,86
1.0,0.0,0,0,0,1,0,26,0,0,0,0,0,0,1,0,0,0,0,0,0,0,0,0,1,0,0,0,10,72
1.0,0.0,0,0,0,1,0,22,0,0,0,0,0,0,1,0,0,0,0,0,0,0,0,0,1,0,0,0,23,10
1.0,0.0,0,0,0,1,0,18,0,0,0,0,0,0,1,0,0,0,0,0,0,0,0,0,1,0,0,0,10,82
1.0,0.0,0,0,0,1,0,18,0,0,0,0,0,0,1,0,0,0,0,0,0,0,0,0,1,0,0,0,88,10
1.0,0.0,0,0,0,1,0,25,0,0,0,0,0,0,1,0,0,0,0,0,0,0,0,0,1,0,0,0,86,10
1.0,0.0,0,0,0,1,0,13,0,0,0,0,0,0,1,0,0,0,0,0,0,0,0,0,1,0,0,0,12,10
1.0,0.0,0,0,0,1,0,13,0,0,0,0,0,0,1,0,0,0,0,0,0,0,0,0,1,0,0,0,12,10
1.0,0.0,0,0,0,1,0,19,0,0,0,0,0,0,1,0,0,0,0,0,0,0,0,0,1,0,0,0,29,86
1.0,0.0,0,0,0,1,0,19,0,0,0,0,0,0,1,0,0,0,0,0,0,0,0,0,1,0,0,0,81,72
1.0,0.0,-1,-1,-1,0,0,4,0,0,0,0,0,0,1,0,0,0,0,0,0,0,0,0,1,0,0,0,6,6
1.0,0.0,-1,-1,-1,0,0,4,0,0,0,0,0,0,1,0,0,0,0,0,0,0,0,0,1,0,0,0,6,6
1.0,0.0,0,0,0,1,0,19,0,0,0,0,0,0,1,0,0,0,0,0,0,0,0,0,1,0,0,0,29,86
1.0,0.0,0,0,0,1,0,29,0,0,0,0,0,0,1,0,0,0,0,0,0,0,0,0,1,0,0,0,54,86
1.0,0.0,0,0,0,1,0,27,0,0,0,0,0,0,1,0,0,0,0,0,0,0,0,0,1,0,0,0,54,86
1.0,0.0,0,0,0,1,0,27,0,0,0,0,0,0,1,0,0,0,0,0,0,0,0,0,1,0,0,0,54,86
1.0,0.0,0,0,0,1,0,27,0,0,0,0,0,0,1,0,0,0,0,0,0,0,0,0,1,0,0,0,54,86
1.0,0.0,0,0,0,1,0,27,0,0,0,0,0,0,1,0,0,0,0,0,0,0,0,0,1,0,0,0,54,86
1.0,0.0,0,0,0,1,0,27,0,0,0,0,0,0,1,0,0,0,0,0,0,0,0,0,1,0,0,0,54,86
1.0,0.0,-1,-1,-1,0,0,4,0,0,0,0,0,0,1,0,0,0,0,0,0,0,0,0,1,0,0,0,6,6
1.0,0.0,-1,-1,-1,0,0,4,0,0,0,0,0,0,1,0,0,0,0,0,0,0,0,0,1,0,0,0,6,6
1.0,0.0,0,0,0,1,0,27,0,0,0,0,0,0,1,0,0,0,0,0,0,0,0,0,1,0,0,0,54,86
1.0,0.0,0,0,0,1,0,16,0,0,0,0,0,0,1,0,0,0,0,0,0,0,0,0,1,0,0,0,10,82
1.0,0.0,0,0,0,1,0,16,0,0,0,0,0,0,1,0,0,0,0,0,0,0,0,0,1,0,0,0,90,10
1.0,0.0,0,0,0,1,0,13,0,0,0,0,0,0,1,0,0,0,0,0,0,0,0,0,1,0,0,0,12,10
1.0,0.0,0,0,0,1,0,13,0,0,0,0,0,0,1,0,0,0,0,0,0,0,0,0,1,0,0,0,16,10
1.0,0.0,0,0,0,1,0,13,0,0,0,0,0,0,1,0,0,0,0,0,0,0,0,0,1,0,0,0,12,10
1.0,0.0,0,0,0,1,0,28,0,0,0,0,0,0,1,0,0,0,0,0,0,0,0,0,1,0,0,0,10,72
1.0,0.0,0,0,0,1,0,26,0,0,0,0,0,0,1,0,0,0,0,0,0,0,0,0,1,0,0,0,10,72
1.0,0.0,0,0,0,1,0,24,0,0,0,0,0,0,1,0,0,0,0,0,0,0,0,0,1,0,0,0,23,10
1.0,0.0,0,0,0,1,0,22,0,0,0,0,0,0,1,0,0,0,0,0,0,0,0,0,1,0,0,0,23,10
1.0,0.0,0,0,0,1,0,20,0,0,0,0,0,0,1,0,0,0,0,0,0,0,0,0,1,0,0,0,88,10
1.0,0.0,0,0,0,1,0,18,0,0,0,0,0,0,1,0,0,0,0,0,0,0,0,0,1,0,0,0,88,10
1.0,0.0,0,0,0,1,0,19,0,0,0,0,0,0,1,0,0,0,0,0,0,0,0,0,1,0,0,0,81,72
1.0,0.0,0,0,0,1,0,19,0,0,0,0,0,0,1,0,0,0,0,0,0,0,0,0,1,0,0,0,81,72
1.0,0.0,-1,-1,-1,0,0,4,0,0,0,0,0,0,1,0,0,0,0,0,0,0,0,0,1,0,0,0,6,6
1.0,0.0,-1,-1,-1,0,0,4,0,0,0,0,0,0,1,0,0,0,0,0,0,0,0,0,1,0,0,0,6,6
1.0,0.0,-1,-1,-1,0,0,4,0,0,0,0,0,0,1,0,0,0,0,0,0,0,0,0,1,0,0,0,6,6
1.0,0.0,-1,-1,-1,0,0,4,0,0,0,0,0,0,1,0,0,0,0,0,0,0,0,0,1,0,0,0,6,6
1.0,0.0,0,0,0,1,0,28,0,0,0,0,0,0,1,0,0,0,0,0,0,0,0,0,1,0,0,0,10,72
1.0,0.0,0,0,0,1,0,24,0,0,0,0,0,0,1,0,0,0,0,0,0,0,0,0,1,0,0,0,23,10
1.0,0.0,0,0,0,1,0,20,0,0,0,0,0,0,1,0,0,0,0,0,0,0,0,0,1,0,0,0,88,10
1.0,0.0,-1,-1,-1,0,0,4,0,0,0,0,0,0,1,0,0,0,0,0,0,0,0,0,1,0,0,0,6,6
1.0,0.0,-1,-1,-1,0,0,4,0,0,0,0,0,0,1,0,0,0,0,0,0,0,0,0,1,0,0,0,6,6
1.0,0.0,0,0,0,1,0,26,0,0,0,0,0,0,1,0,0,0,0,0,0,0,0,0,1,0,0,0,10,72
1.0,0.0,0,0,0,1,0,22,0,0,0,0,0,0,1,0,0,0,0,0,0,0,0,0,1,0,0,0,23,10
1.0,0.0,0,0,0,1,0,18,0,0,0,0,0,0,1,0,0,0,0,0,0,0,0,0,1,0,0,0,88,10
1.0,0.0,0,0,0,1,0,19,0,0,0,0,0,0,1,0,0,0,0,0,0,0,0,0,1,0,0,0,81,72
1.0,0.0,0,0,0,1,0,26,0,0,0,0,0,0,1,0,0,0,0,0,0,0,0,0,1,0,0,0,10,72
1.0,0.0,0,0,0,1,0,22,0,0,0,0,0,0,1,0,0,0,0,0,0,0,0,0,1,0,0,0,23,10
1.0,0.0,0,0,0,1,0,18,0,0,0,0,0,0,1,0,0,0,0,0,0,0,0,0,1,0,0,0,88,10
1.0,0.0,0,0,0,1,0,19,0,0,0,0,0,0,1,0,0,0,0,0,0,0,0,0,1,0,0,0,81,72
1.0,0.0,0,0,0,1,0,26,0,0,0,0,0,0,1,0,0,0,0,0,0,0,0,0,1,0,0,0,10,72
1.0,0.0,0,0,0,1,0,22,0,0,0,0,0,0,1,0,0,0,0,0,0,0,0,0,1,0,0,0,23,10
1.0,0.0,0,0,0,1,0,18,0,0,0,0,0,0,1,0,0,0,0,0,0,0,0,0,1,0,0,0,88,10
1.0,0.0,0,0,0,1,0,19,0,0,0,0,0,0,1,0,0,0,0,0,0,0,0,0,1,0,0,0,81,72
1.0,0.0,0,0,0,1,0,26,0,0,0,0,0,0,1,0,0,0,0,0,0,0,0,0,1,0,0,0,10,72
1.0,0.0,0,0,0,1,0,22,0,0,0,0,0,0,1,0,0,0,0,0,0,0,0,0,1,0,0,0,23,10
1.0,0.0,0,0,0,1,0,18,0,0,0,0,0,0,1,0,0,0,0,0,0,0,0,0,1,0,0,0,88,10
1.0,0.0,0,0,0,1,0,19,0,0,0,0,0,0,1,0,0,0,0,0,0,0,0,0,1,0,0,0,81,72
1.0,0.0,0,0,0,3,0,26,0,0,0,0,0,0,1,0,0,0,0,0,0,0,0,0,1,0,0,0,10,72
1.0,0.0,0,0,0,3,0,22,0,0,0,0,0,0,1,0,0,0,0,0,0,0,0,0,1,0,0,0,23,10
1.0,0.0,0,0,0,3,0,18,0,0,0,0,0,0,1,0,0,0,0,0,0,0,0,0,1,0,0,0,88,10
1.0,0.0,0,0,0,1,0,26,0,0,0,0,0,0,1,0,0,0,0,0,0,0,0,0,1,0,0,0,10,72
1.0,0.0,0,0,0,1,0,22,0,0,0,0,0,0,1,0,0,0,0,0,0,0,0,0,1,0,0,0,23,10
1.0,0.0,0,0,0,1,0,19,0,0,0,0,0,0,1,0,0,0,0,0,0,0,0,0,1,0,0,0,81,72
1.0,0.0,0,0,0,1,0,18,0,0,0,0,0,0,1,0,0,0,0,0,0,0,0,0,1,0,0,0,88,10
1.0,0.0,0,0,0,1,0,19,0,0,0,0,0,0,1,0,0,0,0,0,0,0,0,0,1,0,0,0,81,72
1.0,0.0,0,0,0,3,0,26,0,0,0,0,0,0,1,0,0,0,0,0,0,0,0,0,1,0,0,0,10,72
1.0,0.0,0,0,0,3,0,22,0,0,0,0,0,0,1,0,0,0,0,0,0,0,0,0,1,0,0,0,23,10
1.0,0.0,0,0,0,1,0,28,0,0,0,0,0,0,1,0,0,0,0,0,0,0,0,0,1,0,0,0,10,72
1.0,0.0,0,0,0,3,0,18,0,0,0,0,0,0,1,0,0,0,0,0,0,0,0,0,1,0,0,0,88,10
1.0,0.0,0,0,0,1,0,24,0,0,0,0,0,0,1,0,0,0,0,0,0,0,0,0,1,0,0,0,23,10
1.0,0.0,0,0,0,1,0,20,0,0,0,0,0,0,1,0,0,0,0,0,0,0,0,0,1,0,0,0,88,10
1.0,0.0,-1,-1,-1,0,0,4,0,0,0,0,0,0,1,0,0,0,0,0,0,0,0,0,1,0,0,0,6,6
1.0,0.0,-1,-1,-1,0,0,4,0,0,0,0,0,0,1,0,0,0,0,0,0,0,0,0,1,0,0,0,6,6
1.0,0.0,-1,-1,-1,0,0,4,0,0,0,0,0,0,1,0,0,0,0,0,0,0,0,0,1,0,0,0,6,6
1.0,0.0,-1,-1,-1,0,0,4,0,0,0,0,0,0,1,0,0,0,0,0,0,0,0,0,1,0,0,0,6,6
1.0,0.0,-1,-1,-1,0,0,4,0,0,0,0,0,0,1,0,0,0,0,0,0,0,0,0,1,0,0,0,6,6
1.0,0.0,-1,-1,-1,0,0,4,0,0,0,0,0,0,1,0,0,0,0,0,0,0,0,0,1,0,0,0,6,6
1.0,0.0,0,0,0,0,0,16,0,0,0,0,0,0,1,0,0,0,0,0,0,0,0,0,1,0,0,0,10,94
1.0,0.0,0,0,0,0,0,13,0,0,0,0,0,0,1,0,0,0,0,0,0,0,0,0,1,0,0,0,11,10
1.0,0.0,0,0,0,0,0,13,0,0,0,0,0,0,1,0,0,0,0,0,0,0,0,0,1,0,0,0,12,10
1.0,0.0,0,0,0,0,0,16,0,0,0,0,0,0,1,0,0,0,0,0,0,0,0,0,1,0,0,0,10,94
1.0,0.0,0,0,0,0,0,15,0,0,0,0,0,0,1,0,0,0,0,0,0,0,0,0,1,0,0,0,11,94
1.0,0.0,0,0,0,3,0,32,0,0,0,0,0,0,1,0,0,0,0,0,0,0,0,0,1,0,0,0,10,35
1.0,0.0,0,0,0,3,0,17,0,0,0,0,0,0,1,0,0,0,0,0,0,0,0,0,1,0,0,0,54,10
1.0,0.0,0,0,0,1,0,31,0,0,0,0,0,0,1,0,0,0,0,0,0,0,0,0,1,0,0,0,91,10
1.0,0.0,0,0,0,5,0,21,0,0,0,0,0,0,1,0,0,0,0,0,0,0,0,0,1,0,0,0,92,35
1.0,0.0,0,0,0,0,0,16,0,0,0,0,0,0,1,0,0,0,0,0,0,0,0,0,1,0,0,0,2,4
1.0,0.0,0,0,0,0,0,16,0,0,0,0,0,0,1,0,0,0,0,0,0,0,0,0,1,0,0,0,2,4
1.0,0.0,0,0,0,0,0,16,0,0,0,0,0,0,1,0,0,0,0,0,0,0,0,0,1,0,0,0,33,4
1.0,10.0,991,0,-2,0,0,15,0,0,0,0,0,0,1,0,0,0,0,0,0,0,0,0,1,0,0,0,7,7
1.0,0.0,991,0,-2,0,0,15,0,0,0,0,0,0,1,0,0,0,0,0,0,0,0,0,1,0,0,0,7,7
1.0,0.0,991,0,-2,0,0,14,0,0,0,0,0,0,1,0,0,0,0,0,0,0,0,0,1,0,0,0,7,7
1.0,0.0,0,0,0,0,0,19,0,0,0,0,0,0,1,0,0,0,0,0,0,0,0,0,1,0,0,0,8,7
1.0,0.0,-1,-1,-1,0,0,4,0,0,0,0,0,0,1,0,0,0,0,0,0,0,0,0,1,0,0,0,6,6
1.0,0.0,-1,-1,-1,0,0,8,0,0,0,0,0,0,1,0,0,0,0,0,0,0,0,0,1,0,0,0,6,6
1.0,0.0,-1,-1,-1,0,0,4,0,0,0,0,0,0,1,0,0,0,0,0,0,0,0,0,1,0,0,0,6,6
1.0,0.0,-1,-1,-1,0,0,4,0,0,0,0,0,0,1,0,0,0,0,0,0,0,0,0,1,0,0,0,6,6
1.0,0.0,0,0,0,0,0,25,0,0,0,0,0,0,1,0,0,0,0,0,0,0,0,0,1,0,0,0,9,8
1.0,0.0,0,0,0,0,0,77,0,0,0,0,0,0,1,0,0,0,0,0,0,0,0,0,1,0,0,0,1,8
1.0,0.0,-1,-1,-1,0,0,4,0,0,0,0,0,0,1,0,0,0,0,0,0,0,0,0,1,0,0,0,6,6
1.0,0.0,-1,-1,-1,0,0,4,0,0,0,0,0,0,1,0,0,0,0,0,0,0,0,0,1,0,0,0,6,6
1.0,0.0,0,0,0,0,0,19,0,0,0,0,0,0,1,0,0,0,0,0,0,0,0,0,1,0,0,0,5,5
1.0,0.0,-1,-1,-1,0,0,4,0,0,0,0,0,0,1,0,0,0,0,0,0,0,0,0,1,0,0,0,6,6
1.0,0.0,-1,-1,-1,0,0,4,0,0,0,0,0,0,1,0,0,0,0,0,0,0,0,0,1,0,0,0,6,6
1.0,0.0,-1,-1,-1,0,0,4,0,0,0,0,0,0,1,0,0,0,0,0,0,0,0,0,1,0,0,0,6,6
1.0,0.0,-1,-1,-1,0,0,4,0,0,0,0,0,0,1,0,0,0,0,0,0,0,0,0,1,0,0,0,6,6
1.0,0.0,-1,-1,-1,0,0,4,0,0,0,0,0,0,1,0,0,0,0,0,0,0,0,0,1,0,0,0,6,6
1.0,0.0,65534,0,0,0,0,19,0,0,0,0,0,0,1,0,0,0,0,0,0,0,0,0,1,0,0,0,13,5
1.0,0.0,-1,-1,-1,0,0,4,0,0,0,0,0,0,1,0,0,0,0,0,0,0,0,0,1,0,0,0,6,6
1.0,0.0,-1,-1,-1,0,0,4,0,0,0,0,0,0,1,0,0,0,0,0,0,0,0,0,1,0,0,0,6,6
1.0,0.0,-1,-1,-1,0,0,4,0,0,0,0,0,0,1,0,0,0,0,0,0,0,0,0,1,0,0,0,6,6
1.0,0.0,-1,-1,-1,0,0,4,0,0,0,0,0,0,1,0,0,0,0,0,0,0,0,0,1,0,0,0,6,6
1.0,0.0,-1,-1,-1,0,0,4,0,0,0,0,0,0,1,0,0,0,0,0,0,0,0,0,1,0,0,0,6,6
1.0,0.0,0,-1,5,0,0,10,0,0,0,0,0,0,1,0,0,0,0,0,0,0,0,0,1,0,0,0,5,5
1.0,0.0,-1,-1,-1,0,0,5,0,0,0,0,0,0,1,0,0,0,0,0,0,0,0,0,1,0,0,0,6,6
1.0,0.0,0,0,0,0,0,24,0,0,0,0,0,0,1,0,0,0,0,0,0,0,0,0,1,0,0,0,18,20
1.0,0.0,-1,-1,-1,0,0,5,0,0,0,0,0,0,1,0,0,0,0,0,0,0,0,0,1,0,0,0,6,6
1.0,0.0,0,-1,5,0,0,9,0,0,0,0,0,0,1,0,0,0,0,0,0,0,0,0,1,0,0,0,19,20
1.0,0.0,-1,-1,-1,0,0,5,0,0,0,0,0,0,1,0,0,0,0,0,0,0,0,0,1,0,0,0,6,6
1.0,0.0,12571,0,0,0,0,20,0,0,0,0,0,0,1,0,0,0,0,0,0,0,0,0,1,0,0,0,20,20
1.0,0.0,12571,0,0,0,0,28,0,0,0,0,0,0,1,0,0,0,0,0,0,0,0,0,1,0,0,0,21,95
1.0,0.0,12571,0,0,0,0,31,0,0,0,0,0,0,1,0,0,0,0,0,0,0,0,0,1,0,0,0,22,20
1.0,0.0,-1,-1,-1,0,0,5,0,0,0,0,0,0,1,0,0,0,0,0,0,0,0,0,1,0,0,0,6,6
1.0,0.0,-1,-1,-1,0,0,4,0,0,0,0,0,0,1,0,0,0,0,0,0,0,0,0,1,0,0,0,6,6
1.0,0.0,-1,-1,-1,0,0,4,0,0,0,0,0,0,1,0,0,0,0,0,0,0,0,0,1,0,0,0,6,6
1.0,0.0,-1,-1,-1,0,0,4,0,0,0,0,0,0,1,0,0,0,0,0,0,0,0,0,1,0,0,0,6,6
1.0,0.0,-1,-1,-1,0,0,4,0,0,0,0,0,0,1,0,0,0,0,0,0,0,0,0,1,0,0,0,6,6
1.0,0.0,-1,-1,-1,0,0,4,0,0,0,0,0,0,1,0,0,0,0,0,0,0,0,0,1,0,0,0,6,6
1.0,0.0,-1,-1,-1,0,0,4,0,0,0,0,0,0,1,0,0,0,0,0,0,0,0,0,1,0,0,0,6,6
1.0,0.0,-1,-1,-1,0,0,4,0,0,0,0,0,0,1,0,0,0,0,0,0,0,0,0,1,0,0,0,6,6
1.0,0.0,-1,-1,-1,0,0,4,0,0,0,0,0,0,1,0,0,0,0,0,0,0,0,0,1,0,0,0,6,6
1.0,0.0,12571,0,0,0,0,19,0,0,0,0,0,0,1,0,0,0,0,0,0,0,0,0,1,0,0,0,23,5
1.0,0.0,12571,0,0,0,0,22,0,0,0,0,0,0,1,0,0,0,0,0,0,0,0,0,1,0,0,0,24,23
1.0,0.0,12571,0,0,0,0,22,0,0,0,0,0,0,1,0,0,0,0,0,0,0,0,0,1,0,0,0,24,23
1.0,0.0,12571,0,0,0,0,31,0,0,0,0,0,0,1,0,0,0,0,0,0,0,0,0,1,0,0,0,25,23
1.0,0.0,12571,0,0,0,0,31,0,0,0,0,0,0,1,0,0,0,0,0,0,0,0,0,1,0,0,0,26,23
1.0,0.0,12571,0,0,0,0,16,0,0,0,0,0,0,1,0,0,0,0,0,0,0,0,0,1,0,0,0,27,23
1.0,0.0,12571,0,0,0,0,22,0,0,0,0,0,0,1,0,0,0,0,0,0,0,0,0,1,0,0,0,24,23
1.0,0.0,12571,0,0,0,0,28,0,0,0,0,0,0,1,0,0,0,0,0,0,0,0,0,1,0,0,0,28,23
1.0,0.0,12571,0,0,2,0,20,0,0,0,0,0,0,1,0,0,0,0,0,0,0,0,0,1,0,0,0,12,28
1.0,0.0,12571,0,0,0,0,28,0,0,0,0,0,0,1,0,0,0,0,0,0,0,0,0,1,0,0,0,28,23
1.0,0.0,12571,0,0,2,0,20,0,0,0,0,0,0,1,0,0,0,0,0,0,0,0,0,1,0,0,0,12,28
1.0,0.0,12571,0,0,0,0,28,0,0,0,0,0,0,1,0,0,0,0,0,0,0,0,0,1,0,0,0,28,23
1.0,0.0,12571,0,0,2,0,20,0,0,0,0,0,0,1,0,0,0,0,0,0,0,0,0,1,0,0,0,12,28
1.0,0.0,12571,0,0,0,0,20,0,0,0,0,0,0,1,0,0,0,0,0,0,0,0,0,1,0,0,0,29,23
1.0,0.0,12571,0,0,0,0,16,0,0,0,0,0,0,1,0,0,0,0,0,0,0,0,0,1,0,0,0,27,23
1.0,0.0,12571,0,0,2,0,31,0,0,0,0,0,0,1,0,0,0,0,0,0,0,0,0,1,0,0,0,29,23
1.0,0.0,12571,0,0,0,0,40,0,0,0,0,0,0,1,0,0,0,0,0,0,0,0,0,1,0,0,0,30,23
1.0,0.0,12571,0,0,0,0,16,0,0,0,0,0,0,1,0,0,0,0,0,0,0,0,0,1,0,0,0,27,23
1.0,0.0,12571,0,0,0,0,40,0,0,0,0,0,0,1,0,0,0,0,0,0,0,0,0,1,0,0,0,30,23
1.0,0.0,12571,0,0,0,0,40,0,0,0,0,0,0,1,0,0,0,0,0,0,0,0,0,1,0,0,0,30,23
1.0,0.0,12571,0,0,0,0,22,0,0,0,0,0,0,1,0,0,0,0,0,0,0,0,0,1,0,0,0,24,23
1.0,0.0,12571,0,0,0,0,25,0,0,0,0,0,0,1,0,0,0,0,0,0,0,0,0,1,0,0,0,31,23
1.0,0.0,12571,0,0,0,0,40,0,0,0,0,0,0,1,0,0,0,0,0,0,0,0,0,1,0,0,0,30,31
1.0,0.0,12571,0,0,0,0,16,0,0,0,0,0,0,1,0,0,0,0,0,0,0,0,0,1,0,0,0,27,31
1.0,0.0,12571,0,0,0,0,42,0,0,0,0,0,0,1,0,0,0,0,0,0,0,0,0,1,0,0,0,30,31
1.0,0.0,12571,0,0,0,0,57,0,0,0,0,0,0,1,0,0,0,0,0,0,0,0,0,1,0,0,0,32,31
1.0,0.0,-1,-1,-1,0,0,4,0,0,0,0,0,0,1,0,0,0,0,0,0,0,0,0,1,0,0,0,6,6
1.0,0.0,-1,-1,-1,0,0,4,0,0,0,0,0,0,1,0,0,0,0,0,0,0,0,0,1,0,0,0,6,6
1.0,0.0,-1,-1,-1,0,0,4,0,0,0,0,0,0,1,0,0,0,0,0,0,0,0,0,1,0,0,0,6,6
1.0,0.0,-1,-1,-1,0,0,4,0,0,0,0,0,0,1,0,0,0,0,0,0,0,0,0,1,0,0,0,6,6
1.0,0.0,-1,-1,-1,0,0,4,0,0,0,0,0,0,1,0,0,0,0,0,0,0,0,0,1,0,0,0,6,6
1.0,0.0,-1,-1,-1,0,0,4,0,0,0,0,0,0,1,0,0,0,0,0,0,0,0,0,1,0,0,0,6,6
1.0,0.0,-1,-1,-1,0,0,4,0,0,0,0,0,0,1,0,0,0,0,0,0,0,0,0,1,0,0,0,6,6
1.0,0.0,-1,-1,-1,0,0,4,0,0,0,0,0,0,1,0,0,0,0,0,0,0,0,0,1,0,0,0,6,6
1.0,0.0,-1,-1,-1,0,0,4,0,0,0,0,0,0,1,0,0,0,0,0,0,0,0,0,1,0,0,0,6,6
1.0,0.0,12571,0,0,0,0,23,0,0,0,0,0,0,1,0,0,0,0,0,0,0,0,0,1,0,0,0,22,20
1.0,0.0,-1,-1,-1,0,0,5,0,0,0,0,0,0,1,0,0,0,0,0,0,0,0,0,1,0,0,0,6,6
1.0,0.0,0,0,0,0,0,24,0,0,0,0,0,0,1,0,0,0,0,0,0,0,0,0,1,0,0,0,18,20
1.0,0.0,-1,-1,-1,0,0,5,0,0,0,0,0,0,1,0,0,0,0,0,0,0,0,0,1,0,0,0,6,6
1.0,0.0,0,0,0,0,0,38,0,0,0,0,0,0,1,0,0,0,0,0,0,0,0,0,1,0,0,0,4,98
1.0,0.0,0,0,0,0,0,25,0,0,0,0,0,0,1,0,0,0,0,0,0,0,0,0,1,0,0,0,36,6
1.0,0.0,0,0,0,0,0,28,0,0,0,0,0,0,1,0,0,0,0,0,0,0,0,0,1,0,0,0,57,4
1.0,0.0,0,0,0,0,0,21,0,0,0,0,0,0,1,0,0,0,0,0,0,0,0,0,1,0,0,0,12,4
1.0,0.0,0,0,0,0,0,16,0,0,0,0,0,0,1,0,0,0,0,0,0,0,0,0,1,0,0,0,16,4
1.0,0.0,0,0,0,0,0,20,0,0,0,0,0,0,1,0,0,0,0,0,0,0,0,0,1,0,0,0,2,4
1.0,0.0,0,0,0,0,0,18,0,0,0,0,0,0,1,0,0,0,0,0,0,0,0,0,1,0,0,0,2,4
1.0,0.0,0,0,0,0,0,22,0,0,0,0,0,0,1,0,0,0,0,0,0,0,0,0,1,0,0,0,29,4
1.0,0.0,0,0,0,0,0,16,0,0,0,0,0,0,1,0,0,0,0,0,0,0,0,0,1,0,0,0,58,4
1.0,0.0,0,0,0,0,0,16,0,0,0,0,0,0,1,0,0,0,0,0,0,0,0,0,1,0,0,0,3,4
1.0,0.0,0,12288,0,0,0,16,0,0,0,0,0,0,1,0,0,0,0,0,0,0,0,0,1,0,0,0,4,4
1.0,0.0,0,0,0,0,0,16,0,0,0,0,0,0,1,0,0,0,0,0,0,0,0,0,1,0,0,0,48,96
1.0,0.0,0,0,0,0,0,20,0,0,0,0,0,0,1,0,0,0,0,0,0,0,0,0,1,0,0,0,10,96
1.0,0.0,0,0,0,0,0,18,0,0,0,0,0,0,1,0,0,0,0,0,0,0,0,0,1,0,0,0,47,96
1.0,0.0,0,0,0,0,0,38,0,0,0,0,0,0,1,0,0,0,0,0,0,0,0,0,1,0,0,0,4,98
1.0,0.0,0,0,0,0,0,28,0,0,0,0,0,0,1,0,0,0,0,0,0,0,0,0,1,0,0,0,36,4
1.0,0.0,0,0,0,0,0,28,0,0,0,0,0,0,1,0,0,0,0,0,0,0,0,0,1,0,0,0,57,4
1.0,0.0,0,0,0,0,0,21,0,0,0,0,0,0,1,0,0,0,0,0,0,0,0,0,1,0,0,0,12,4
1.0,0.0,0,0,0,0,0,16,0,0,0,0,0,0,1,0,0,0,0,0,0,0,0,0,1,0,0,0,16,4
1.0,0.0,0,0,0,0,0,20,0,0,0,0,0,0,1,0,0,0,0,0,0,0,0,0,1,0,0,0,2,4
1.0,0.0,0,0,0,0,0,18,0,0,0,0,0,0,1,0,0,0,0,0,0,0,0,0,1,0,0,0,2,4
1.0,0.0,0,0,0,0,0,22,0,0,0,0,0,0,1,0,0,0,0,0,0,0,0,0,1,0,0,0,29,4
1.0,0.0,0,0,0,0,0,16,0,0,0,0,0,0,1,0,0,0,0,0,0,0,0,0,1,0,0,0,58,4
1.0,0.0,0,0,0,0,0,16,0,0,0,0,0,0,1,0,0,0,0,0,0,0,0,0,1,0,0,0,3,4
1.0,0.0,0,12288,0,0,0,16,0,0,0,0,0,0,1,0,0,0,0,0,0,0,0,0,1,0,0,0,4,4
1.0,0.0,0,0,0,0,0,16,0,0,0,0,0,0,1,0,0,0,0,0,0,0,0,0,1,0,0,0,2,4
1.0,0.0,0,0,0,0,0,16,0,0,0,0,0,0,1,0,0,0,0,0,0,0,0,0,1,0,0,0,3,4
1.0,0.0,0,12288,0,0,0,16,0,0,0,0,0,0,1,0,0,0,0,0,0,0,0,0,1,0,0,0,4,4
1.0,0.0,0,0,0,0,0,19,0,0,0,0,0,0,1,0,0,0,0,0,0,0,0,0,1,0,0,0,93,96
1.0,0.0,0,0,0,0,0,21,0,0,0,0,0,0,1,0,0,0,0,0,0,0,0,0,1,0,0,0,52,97
1.0,0.0,0,0,0,0,0,19,0,0,0,0,0,0,1,0,0,0,0,0,0,0,0,0,1,0,0,0,93,96
1.0,0.0,0,0,0,0,0,27,0,0,0,0,0,0,1,0,0,0,0,0,0,0,0,0,1,0,0,0,49,96
1.0,0.0,0,0,0,0,0,27,0,0,0,0,0,0,1,0,0,0,0,0,0,0,0,0,1,0,0,0,50,96
1.0,0.0,0,0,0,0,0,27,0,0,0,0,0,0,1,0,0,0,0,0,0,0,0,0,1,0,0,0,51,96
1.0,10.0,0,0,0,0,0,16,0,0,0,0,0,0,1,0,0,0,0,0,0,0,0,0,1,0,0,0,2,4
1.0,0.0,0,0,0,0,0,16,0,0,0,0,0,0,1,0,0,0,0,0,0,0,0,0,1,0,0,0,2,4
1.0,0.0,0,0,0,0,0,16,0,0,0,0,0,0,1,0,0,0,0,0,0,0,0,0,1,0,0,0,3,4
1.0,0.0,0,0,0,0,0,16,0,0,0,0,0,0,1,0,0,0,0,0,0,0,0,0,1,0,0,0,3,4
1.0,0.0,0,12288,0,0,0,16,0,0,0,0,0,0,1,0,0,0,0,0,0,0,0,0,1,0,0,0,4,4
1.0,0.0,0,12288,0,0,0,16,0,0,0,0,0,0,1,0,0,0,0,0,0,0,0,0,1,0,0,0,4,4
1.0,0.0,0,0,0,0,0,16,0,0,0,0,0,0,1,0,0,0,0,0,0,0,0,0,1,0,0,0,2,4
1.0,0.0,0,0,0,0,0,16,0,0,0,0,0,0,1,0,0,0,0,0,0,0,0,0,1,0,0,0,2,4
1.0,0.0,0,0,0,0,0,16,0,0,0,0,0,0,1,0,0,0,0,0,0,0,0,0,1,0,0,0,3,4
1.0,0.0,0,0,0,0,0,16,0,0,0,0,0,0,1,0,0,0,0,0,0,0,0,0,1,0,0,0,3,4
1.0,0.0,0,12288,0,0,0,16,0,0,0,0,0,0,1,0,0,0,0,0,0,0,0,0,1,0,0,0,4,4
1.0,0.0,0,12288,0,0,0,16,0,0,0,0,0,0,1,0,0,0,0,0,0,0,0,0,1,0,0,0,4,4
1.0,0.0,0,0,0,0,0,16,0,0,0,0,0,0,1,0,0,0,0,0,0,0,0,0,1,0,0,0,2,4
1.0,0.0,0,0,0,0,0,16,0,0,0,0,0,0,1,0,0,0,0,0,0,0,0,0,1,0,0,0,2,4
1.0,0.0,0,0,0,0,0,16,0,0,0,0,0,0,1,0,0,0,0,0,0,0,0,0,1,0,0,0,3,4
1.0,0.0,0,0,0,0,0,16,0,0,0,0,0,0,1,0,0,0,0,0,0,0,0,0,1,0,0,0,3,4
1.0,0.0,0,12288,0,0,0,16,0,0,0,0,0,0,1,0,0,0,0,0,0,0,0,0,1,0,0,0,4,4
1.0,0.0,0,12288,0,0,0,16,0,0,0,0,0,0,1,0,0,0,0,0,0,0,0,0,1,0,0,0,4,4
1.0,0.0,0,0,0,0,0,19,0,0,0,0,0,0,1,0,0,0,0,0,0,0,0,0,1,0,0,0,5,5
1.0,0.0,-1,-1,-1,0,0,4,0,0,0,0,0,0,1,0,0,0,0,0,0,0,0,0,1,0,0,0,6,6
1.0,0.0,-1,-1,-1,0,0,4,0,0,0,0,0,0,1,0,0,0,0,0,0,0,0,0,1,0,0,0,6,6
1.0,0.0,-1,-1,-1,0,0,4,0,0,0,0,0,0,1,0,0,0,0,0,0,0,0,0,1,0,0,0,6,6
1.0,0.0,-1,-1,-1,0,0,4,0,0,0,0,0,0,1,0,0,0,0,0,0,0,0,0,1,0,0,0,6,6
1.0,0.0,-1,-1,-1,0,0,4,0,0,0,0,0,0,1,0,0,0,0,0,0,0,0,0,1,0,0,0,6,6
1.0,0.0,65534,0,0,0,0,19,0,0,0,0,0,0,1,0,0,0,0,0,0,0,0,0,1,0,0,0,13,5
1.0,0.0,-1,-1,-1,0,0,4,0,0,0,0,0,0,1,0,0,0,0,0,0,0,0,0,1,0,0,0,6,6
1.0,0.0,-1,-1,-1,0,0,4,0,0,0,0,0,0,1,0,0,0,0,0,0,0,0,0,1,0,0,0,6,6
1.0,0.0,-1,-1,-1,0,0,4,0,0,0,0,0,0,1,0,0,0,0,0,0,0,0,0,1,0,0,0,6,6
1.0,0.0,-1,-1,-1,0,0,4,0,0,0,0,0,0,1,0,0,0,0,0,0,0,0,0,1,0,0,0,6,6
1.0,0.0,-1,-1,-1,0,0,4,0,0,0,0,0,0,1,0,0,0,0,0,0,0,0,0,1,0,0,0,6,6
1.0,0.0,0,-1,5,0,0,10,0,0,0,0,0,0,1,0,0,0,0,0,0,0,0,0,1,0,0,0,5,5
1.0,0.0,-1,-1,-1,0,0,5,0,0,0,0,0,0,1,0,0,0,0,0,0,0,0,0,1,0,0,0,6,6
1.0,0.0,0,0,0,0,0,24,0,0,0,0,0,0,1,0,0,0,0,0,0,0,0,0,1,0,0,0,18,20
1.0,0.0,-1,-1,-1,0,0,5,0,0,0,0,0,0,1,0,0,0,0,0,0,0,0,0,1,0,0,0,6,6
1.0,0.0,0,-1,5,0,0,9,0,0,0,0,0,0,1,0,0,0,0,0,0,0,0,0,1,0,0,0,19,20
1.0,0.0,-1,-1,-1,0,0,5,0,0,0,0,0,0,1,0,0,0,0,0,0,0,0,0,1,0,0,0,6,6
1.0,0.0,12571,0,0,0,0,20,0,0,0,0,0,0,1,0,0,0,0,0,0,0,0,0,1,0,0,0,20,20
1.0,0.0,12571,0,0,0,0,28,0,0,0,0,0,0,1,0,0,0,0,0,0,0,0,0,1,0,0,0,21,95
1.0,0.0,12571,0,0,0,0,31,0,0,0,0,0,0,1,0,0,0,0,0,0,0,0,0,1,0,0,0,22,20
1.0,0.0,-1,-1,-1,0,0,5,0,0,0,0,0,0,1,0,0,0,0,0,0,0,0,0,1,0,0,0,6,6
1.0,0.0,-1,-1,-1,0,0,4,0,0,0,0,0,0,1,0,0,0,0,0,0,0,0,0,1,0,0,0,6,6
1.0,0.0,-1,-1,-1,0,0,4,0,0,0,0,0,0,1,0,0,0,0,0,0,0,0,0,1,0,0,0,6,6
1.0,0.0,-1,-1,-1,0,0,4,0,0,0,0,0,0,1,0,0,0,0,0,0,0,0,0,1,0,0,0,6,6
1.0,0.0,-1,-1,-1,0,0,4,0,0,0,0,0,0,1,0,0,0,0,0,0,0,0,0,1,0,0,0,6,6
1.0,0.0,-1,-1,-1,0,0,4,0,0,0,0,0,0,1,0,0,0,0,0,0,0,0,0,1,0,0,0,6,6
1.0,0.0,-1,-1,-1,0,0,4,0,0,0,0,0,0,1,0,0,0,0,0,0,0,0,0,1,0,0,0,6,6
1.0,0.0,-1,-1,-1,0,0,4,0,0,0,0,0,0,1,0,0,0,0,0,0,0,0,0,1,0,0,0,6,6
1.0,0.0,-1,-1,-1,0,0,4,0,0,0,0,0,0,1,0,0,0,0,0,0,0,0,0,1,0,0,0,6,6
1.0,0.0,12571,0,0,0,0,19,0,0,0,0,0,0,1,0,0,0,0,0,0,0,0,0,1,0,0,0,23,5
1.0,0.0,12571,0,0,0,0,22,0,0,0,0,0,0,1,0,0,0,0,0,0,0,0,0,1,0,0,0,24,23
