severity_scores,timedelta,suid,cap_fp,exit,n_dang,n_dang_no_cron,fp_length,col_0,col_1,col_2,col_3,col_4,col_5,col_6,col_7,col_8,col_9,col_10,col_11,col_12,col_13,col_14,col_15,col_16,col_17,col_18,col_19,enc_comm,enc_parent_comm
1.0,0.0,0,0,0,0,0,16,0,0,0,0,0,0,1,0,0,0,0,0,0,0,0,0,1,0,0,0,1,3
1.0,0.0,0,0,0,0,0,16,0,0,0,0,0,0,1,0,0,0,0,0,0,0,0,0,1,0,0,0,2,3
1.0,0.0,0,12288,0,0,0,16,0,0,0,0,0,0,1,0,0,0,0,0,0,0,0,0,1,0,0,0,3,3
1.0,0.0,0,0,0,0,0,16,0,0,0,0,0,0,1,0,0,0,0,0,0,0,0,0,1,0,0,0,1,3
1.0,0.0,0,0,0,0,0,16,0,0,0,0,0,0,1,0,0,0,0,0,0,0,0,0,1,0,0,0,2,3
1.0,0.0,0,12288,0,0,0,16,0,0,0,0,0,0,1,0,0,0,0,0,0,0,0,0,1,0,0,0,3,3
1.0,0.0,0,0,0,0,0,16,0,0,0,0,0,0,1,0,0,0,0,0,0,0,0,0,1,0,0,0,1,3
1.0,0.0,0,0,0,0,0,16,0,0,0,0,0,0,1,0,0,0,0,0,0,0,0,0,1,0,0,0,2,3
1.0,0.0,0,12288,0,0,0,16,0,0,0,0,0,0,1,0,0,0,0,0,0,0,0,0,1,0,0,0,3,3
1.0,0.0,0,0,0,0,0,16,0,0,0,0,0,0,1,0,0,0,0,0,0,0,0,0,1,0,0,0,1,3
1.0,0.0,0,0,0,0,0,16,0,0,0,0,0,0,1,0,0,0,0,0,0,0,0,0,1,0,0,0,2,3
1.0,0.0,0,12288,0,0,0,16,0,0,0,0,0,0,1,0,0,0,0,0,0,0,0,0,1,0,0,0,3,3
1.0,0.0,31265,0,0,0,0,294,0,0,0,0,0,0,1,0,0,0,0,0,0,0,0,0,1,0,0,0,4,83
1.0,0.0,31265,0,0,0,0,285,0,0,0,0,0,0,1,0,0,0,0,0,0,0,0,0,1,0,0,0,5,4
1.0,0.0,31265,0,0,0,0,285,0,0,0,0,0,0,1,0,0,0,0,0,0,0,0,0,1,0,0,0,6,4
1.0,0.0,31265,0,0,0,0,285,0,0,0,0,0,0,1,0,0,0,0,0,0,0,0,0,1,0,0,0,7,4
1.0,0.0,31265,0,0,0,0,285,0,0,0,0,0,0,1,0,0,0,0,0,0,0,0,0,1,0,0,0,8,4
1.0,0.0,31265,0,0,0,0,294,0,0,0,0,0,0,1,0,0,0,0,0,0,0,0,0,1,0,0,0,4,83
1.0,0.0,31265,0,0,0,0,285,0,0,0,0,0,0,1,0,0,0,0,0,0,0,0,0,1,0,0,0,5,4
1.0,0.0,31265,0,0,0,0,285,0,0,0,0,0,0,1,0,0,0,0,0,0,0,0,0,1,0,0,0,6,4
1.0,0.0,31265,0,0,0,0,285,0,0,0,0,0,0,1,0,0,0,0,0,0,0,0,0,1,0,0,0,7,4
1.0,0.0,31265,0,0,0,0,285,0,0,0,0,0,0,1,0,0,0,0,0,0,0,0,0,1,0,0,0,8,4
1.0,0.0,31265,0,0,0,0,294,0,0,0,0,0,0,1,0,0,0,0,0,0,0,0,0,1,0,0,0,4,83
1.0,0.0,31265,0,0,0,0,285,0,0,0,0,0,0,1,0,0,0,0,0,0,0,0,0,1,0,0,0,5,4
1.0,0.0,31265,0,0,0,0,285,0,0,0,0,0,0,1,0,0,0,0,0,0,0,0,0,1,0,0,0,6,4
1.0,0.0,31265,0,0,0,0,285,0,0,0,0,0,0,1,0,0,0,0,0,0,0,0,0,1,0,0,0,7,4
1.0,0.0,31265,0,0,0,0,285,0,0,0,0,0,0,1,0,0,0,0,0,0,0,0,0,1,0,0,0,8,4
1.0,0.0,31265,0,0,0,0,294,0,0,0,0,0,0,1,0,0,0,0,0,0,0,0,0,1,0,0,0,4,83
1.0,0.0,31265,0,0,0,0,285,0,0,0,0,0,0,1,0,0,0,0,0,0,0,0,0,1,0,0,0,5,4
1.0,0.0,31265,0,0,0,0,285,0,0,0,0,0,0,1,0,0,0,0,0,0,0,0,0,1,0,0,0,6,4
1.0,0.0,31265,0,0,0,0,285,0,0,0,0,0,0,1,0,0,0,0,0,0,0,0,0,1,0,0,0,7,4
1.0,0.0,31265,0,0,0,0,285,0,0,0,0,0,0,1,0,0,0,0,0,0,0,0,0,1,0,0,0,8,4
1.0,0.0,31265,0,0,0,0,294,0,0,0,0,0,0,1,0,0,0,0,0,0,0,0,0,1,0,0,0,4,83
1.0,0.0,31265,0,0,0,0,285,0,0,0,0,0,0,1,0,0,0,0,0,0,0,0,0,1,0,0,0,5,4
1.0,0.0,31265,0,0,0,0,285,0,0,0,0,0,0,1,0,0,0,0,0,0,0,0,0,1,0,0,0,6,4
1.0,0.0,31265,0,0,0,0,285,0,0,0,0,0,0,1,0,0,0,0,0,0,0,0,0,1,0,0,0,7,4
1.0,0.0,31265,0,0,0,0,285,0,0,0,0,0,0,1,0,0,0,0,0,0,0,0,0,1,0,0,0,8,4
1.0,0.0,31265,0,0,0,0,294,0,0,0,0,0,0,1,0,0,0,0,0,0,0,0,0,1,0,0,0,4,83
1.0,0.0,31265,0,0,0,0,285,0,0,0,0,0,0,1,0,0,0,0,0,0,0,0,0,1,0,0,0,5,4
1.0,0.0,31265,0,0,0,0,285,0,0,0,0,0,0,1,0,0,0,0,0,0,0,0,0,1,0,0,0,6,4
1.0,0.0,31265,0,0,0,0,285,0,0,0,0,0,0,1,0,0,0,0,0,0,0,0,0,1,0,0,0,7,4
1.0,0.0,31265,0,0,0,0,285,0,0,0,0,0,0,1,0,0,0,0,0,0,0,0,0,1,0,0,0,8,4
1.0,0.0,31265,0,0,0,0,285,0,0,0,0,0,0,1,0,0,0,0,0,0,0,0,0,1,0,0,0,9,4
1.0,0.0,31265,0,0,0,0,294,0,0,0,0,0,0,1,0,0,0,0,0,0,0,0,0,1,0,0,0,4,83
1.0,0.0,31265,0,0,0,0,285,0,0,0,0,0,0,1,0,0,0,0,0,0,0,0,0,1,0,0,0,5,4
1.0,0.0,31265,0,0,0,0,285,0,0,0,0,0,0,1,0,0,0,0,0,0,0,0,0,1,0,0,0,6,4
1.0,0.0,31265,0,0,0,0,285,0,0,0,0,0,0,1,0,0,0,0,0,0,0,0,0,1,0,0,0,7,4
1.0,0.0,31265,0,0,0,0,285,0,0,0,0,0,0,1,0,0,0,0,0,0,0,0,0,1,0,0,0,8,4
1.0,0.0,31265,0,0,0,0,294,0,0,0,0,0,0,1,0,0,0,0,0,0,0,0,0,1,0,0,0,4,83
1.0,0.0,31265,0,0,0,0,285,0,0,0,0,0,0,1,0,0,0,0,0,0,0,0,0,1,0,0,0,5,4
1.0,0.0,31265,0,0,0,0,285,0,0,0,0,0,0,1,0,0,0,0,0,0,0,0,0,1,0,0,0,6,4
1.0,0.0,31265,0,0,0,0,285,0,0,0,0,0,0,1,0,0,0,0,0,0,0,0,0,1,0,0,0,7,4
1.0,0.0,31265,0,0,0,0,285,0,0,0,0,0,0,1,0,0,0,0,0,0,0,0,0,1,0,0,0,8,4
1.0,0.0,31265,0,0,0,0,285,0,0,0,0,0,0,1,0,0,0,0,0,0,0,0,0,1,0,0,0,9,4
1.0,0.0,31265,0,0,0,0,294,0,0,0,0,0,0,1,0,0,0,0,0,0,0,0,0,1,0,0,0,4,83
1.0,0.0,31265,0,0,0,0,285,0,0,0,0,0,0,1,0,0,0,0,0,0,0,0,0,1,0,0,0,5,4
1.0,0.0,31265,0,0,0,0,285,0,0,0,0,0,0,1,0,0,0,0,0,0,0,0,0,1,0,0,0,6,4
1.0,0.0,31265,0,0,0,0,285,0,0,0,0,0,0,1,0,0,0,0,0,0,0,0,0,1,0,0,0,7,4
1.0,0.0,31265,0,0,0,0,285,0,0,0,0,0,0,1,0,0,0,0,0,0,0,0,0,1,0,0,0,8,4
1.0,0.0,31265,0,0,0,0,285,0,0,0,0,0,0,1,0,0,0,0,0,0,0,0,0,1,0,0,0,9,4
1.0,0.0,31265,0,0,0,0,294,0,0,0,0,0,0,1,0,0,0,0,0,0,0,0,0,1,0,0,0,4,83
1.0,0.0,31265,0,0,0,0,285,0,0,0,0,0,0,1,0,0,0,0,0,0,0,0,0,1,0,0,0,5,4
1.0,0.0,31265,0,0,0,0,285,0,0,0,0,0,0,1,0,0,0,0,0,0,0,0,0,1,0,0,0,6,4
1.0,0.0,31265,0,0,0,0,285,0,0,0,0,0,0,1,0,0,0,0,0,0,0,0,0,1,0,0,0,7,4
1.0,0.0,31265,0,0,0,0,285,0,0,0,0,0,0,1,0,0,0,0,0,0,0,0,0,1,0,0,0,8,4
1.0,0.0,31265,0,0,0,0,285,0,0,0,0,0,0,1,0,0,0,0,0,0,0,0,0,1,0,0,0,9,4
1.0,0.0,31265,0,0,0,0,294,0,0,0,0,0,0,1,0,0,0,0,0,0,0,0,0,1,0,0,0,4,83
1.0,0.0,31265,0,0,0,0,285,0,0,0,0,0,0,1,0,0,0,0,0,0,0,0,0,1,0,0,0,5,4
1.0,0.0,31265,0,0,0,0,285,0,0,0,0,0,0,1,0,0,0,0,0,0,0,0,0,1,0,0,0,6,4
1.0,0.0,31265,0,0,0,0,285,0,0,0,0,0,0,1,0,0,0,0,0,0,0,0,0,1,0,0,0,7,4
1.0,0.0,31265,0,0,0,0,285,0,0,0,0,0,0,1,0,0,0,0,0,0,0,0,0,1,0,0,0,8,4
1.0,0.0,31265,0,0,0,0,285,0,0,0,0,0,0,1,0,0,0,0,0,0,0,0,0,1,0,0,0,9,4
1.0,0.0,31265,0,0,0,0,294,0,0,0,0,0,0,1,0,0,0,0,0,0,0,0,0,1,0,0,0,4,83
1.0,0.0,31265,0,0,0,0,285,0,0,0,0,0,0,1,0,0,0,0,0,0,0,0,0,1,0,0,0,5,4
1.0,0.0,31265,0,0,0,0,285,0,0,0,0,0,0,1,0,0,0,0,0,0,0,0,0,1,0,0,0,6,4
1.0,0.0,31265,0,0,0,0,285,0,0,0,0,0,0,1,0,0,0,0,0,0,0,0,0,1,0,0,0,7,4
1.0,0.0,31265,0,0,0,0,285,0,0,0,0,0,0,1,0,0,0,0,0,0,0,0,0,1,0,0,0,8,4
1.0,0.0,0,0,0,0,0,16,0,0,0,0,0,0,1,0,0,0,0,0,0,0,0,0,1,0,0,0,1,3
1.0,0.0,0,0,0,0,0,16,0,0,0,0,0,0,1,0,0,0,0,0,0,0,0,0,1,0,0,0,1,3
1.0,0.0,31265,0,0,0,0,294,0,0,0,0,0,0,1,0,0,0,0,0,0,0,0,0,1,0,0,0,4,83
1.0,0.0,0,0,0,0,0,16,0,0,0,0,0,0,1,0,0,0,0,0,0,0,0,0,1,0,0,0,10,3
1.0,0.0,31265,0,0,0,0,285,0,0,0,0,0,0,1,0,0,0,0,0,0,0,0,0,1,0,0,0,5,4
1.0,0.0,31265,0,0,0,0,285,0,0,0,0,0,0,1,0,0,0,0,0,0,0,0,0,1,0,0,0,6,4
1.0,0.0,31265,0,0,0,0,285,0,0,0,0,0,0,1,0,0,0,0,0,0,0,0,0,1,0,0,0,7,4
1.0,0.0,31265,0,0,0,0,285,0,0,0,0,0,0,1,0,0,0,0,0,0,0,0,0,1,0,0,0,8,4
1.0,0.0,31265,0,0,0,0,294,0,0,0,0,0,0,1,0,0,0,0,0,0,0,0,0,1,0,0,0,4,83
1.0,0.0,31265,0,0,0,0,285,0,0,0,0,0,0,1,0,0,0,0,0,0,0,0,0,1,0,0,0,5,4
1.0,0.0,31265,0,0,0,0,285,0,0,0,0,0,0,1,0,0,0,0,0,0,0,0,0,1,0,0,0,6,4
1.0,0.0,31265,0,0,0,0,285,0,0,0,0,0,0,1,0,0,0,0,0,0,0,0,0,1,0,0,0,7,4
1.0,0.0,31265,0,0,0,0,285,0,0,0,0,0,0,1,0,0,0,0,0,0,0,0,0,1,0,0,0,8,4
1.0,0.0,31265,0,0,0,0,294,0,0,0,0,0,0,1,0,0,0,0,0,0,0,0,0,1,0,0,0,4,83
1.0,0.0,31265,0,0,0,0,285,0,0,0,0,0,0,1,0,0,0,0,0,0,0,0,0,1,0,0,0,5,4
1.0,0.0,31265,0,0,0,0,285,0,0,0,0,0,0,1,0,0,0,0,0,0,0,0,0,1,0,0,0,6,4
1.0,0.0,31265,0,0,0,0,285,0,0,0,0,0,0,1,0,0,0,0,0,0,0,0,0,1,0,0,0,7,4
1.0,0.0,31265,0,0,0,0,285,0,0,0,0,0,0,1,0,0,0,0,0,0,0,0,0,1,0,0,0,8,4
1.0,0.0,31265,0,0,0,0,294,0,0,0,0,0,0,1,0,0,0,0,0,0,0,0,0,1,0,0,0,4,83
1.0,0.0,31265,0,0,0,0,285,0,0,0,0,0,0,1,0,0,0,0,0,0,0,0,0,1,0,0,0,5,4
1.0,0.0,31265,0,0,0,0,285,0,0,0,0,0,0,1,0,0,0,0,0,0,0,0,0,1,0,0,0,6,4
1.0,0.0,31265,0,0,0,0,285,0,0,0,0,0,0,1,0,0,0,0,0,0,0,0,0,1,0,0,0,7,4
1.0,0.0,31265,0,0,0,0,285,0,0,0,0,0,0,1,0,0,0,0,0,0,0,0,0,1,0,0,0,8,4
1.0,0.0,31265,0,0,0,0,296,0,0,0,0,0,0,1,0,0,0,0,0,0,0,0,0,1,0,0,0,4,83
1.0,0.0,31265,0,0,0,0,287,0,0,0,0,0,0,1,0,0,0,0,0,0,0,0,0,1,0,0,0,6,4
1.0,0.0,31265,0,0,0,0,285,0,0,0,0,0,0,1,0,0,0,0,0,0,0,0,0,1,0,0,0,11,4
1.0,0.0,31265,0,0,0,0,296,0,0,0,0,0,0,1,0,0,0,0,0,0,0,0,0,1,0,0,0,4,83
1.0,0.0,31265,0,0,0,0,287,0,0,0,0,0,0,1,0,0,0,0,0,0,0,0,0,1,0,0,0,6,4
1.0,0.0,31265,0,0,0,0,285,0,0,0,0,0,0,1,0,0,0,0,0,0,0,0,0,1,0,0,0,11,4
1.0,0.0,31265,0,0,0,0,285,0,0,0,0,0,0,1,0,0,0,0,0,0,0,0,0,1,0,0,0,8,4
1.0,0.0,31265,0,0,0,0,296,0,0,0,0,0,0,1,0,0,0,0,0,0,0,0,0,1,0,0,0,4,83
1.0,0.0,31265,0,0,0,0,287,0,0,0,0,0,0,1,0,0,0,0,0,0,0,0,0,1,0,0,0,6,4
1.0,0.0,31265,0,0,0,0,285,0,0,0,0,0,0,1,0,0,0,0,0,0,0,0,0,1,0,0,0,11,4
1.0,0.0,31265,0,0,0,0,296,0,0,0,0,0,0,1,0,0,0,0,0,0,0,0,0,1,0,0,0,4,83
1.0,0.0,31265,0,0,0,0,287,0,0,0,0,0,0,1,0,0,0,0,0,0,0,0,0,1,0,0,0,6,4
1.0,0.0,31265,0,0,0,0,285,0,0,0,0,0,0,1,0,0,0,0,0,0,0,0,0,1,0,0,0,11,4
1.0,0.0,31265,0,0,0,0,285,0,0,0,0,0,0,1,0,0,0,0,0,0,0,0,0,1,0,0,0,8,4
1.0,0.0,0,0,0,0,0,16,0,0,0,0,0,0,1,0,0,0,0,0,0,0,0,0,1,0,0,0,1,3
1.0,0.0,0,0,0,0,0,16,0,0,0,0,0,0,1,0,0,0,0,0,0,0,0,0,1,0,0,0,2,3
1.0,0.0,0,12288,0,0,0,16,0,0,0,0,0,0,1,0,0,0,0,0,0,0,0,0,1,0,0,0,3,3
1.0,0.0,0,0,0,0,0,21,0,0,0,0,0,0,1,0,0,0,0,0,0,0,0,0,1,0,0,0,8,84
1.0,0.0,0,0,0,0,0,16,0,0,0,0,0,0,1,0,0,0,0,0,0,0,0,0,1,0,0,0,1,3
1.0,0.0,0,0,0,0,0,16,0,0,0,0,0,0,1,0,0,0,0,0,0,0,0,0,1,0,0,0,1,3
1.0,0.0,0,0,0,0,0,16,0,0,0,0,0,0,1,0,0,0,0,0,0,0,0,0,1,0,0,0,10,3
1.0,0.0,0,0,0,0,0,19,0,0,0,0,0,0,1,0,0,0,0,0,0,0,0,0,1,0,0,0,12,12
1.0,0.0,-1,-1,-1,0,0,4,0,0,0,0,0,0,1,0,0,0,0,0,0,0,0,0,1,0,0,0,13,13
1.0,0.0,-1,-1,-1,0,0,4,0,0,0,0,0,0,1,0,0,0,0,0,0,0,0,0,1,0,0,0,13,13
1.0,0.0,-1,-1,-1,0,0,4,0,0,0,0,0,0,1,0,0,0,0,0,0,0,0,0,1,0,0,0,13,13
1.0,0.0,-1,-1,-1,0,0,4,0,0,0,0,0,0,1,0,0,0,0,0,0,0,0,0,1,0,0,0,13,13
1.0,0.0,-1,-1,-1,0,0,4,0,0,0,0,0,0,1,0,0,0,0,0,0,0,0,0,1,0,0,0,13,13
1.0,0.0,-1,-1,-1,0,0,5,0,0,0,0,0,0,1,0,0,0,0,0,0,0,0,0,1,0,0,0,13,13
1.0,0.0,65534,0,0,0,0,19,0,0,0,0,0,0,1,0,0,0,0,0,0,0,0,0,1,0,0,0,14,12
1.0,0.0,997,0,0,4,0,38,0,0,0,0,0,0,1,0,0,0,0,0,0,0,0,0,1,0,0,0,15,20
1.0,0.0,-1,-1,-1,0,0,4,0,0,0,0,0,0,1,0,0,0,0,0,0,0,0,0,1,0,0,0,13,13
1.0,0.0,-1,-1,-1,0,0,4,0,0,0,0,0,0,1,0,0,0,0,0,0,0,0,0,1,0,0,0,13,13
1.0,0.0,-1,-1,-1,0,0,4,0,0,0,0,0,0,1,0,0,0,0,0,0,0,0,0,1,0,0,0,13,13
1.0,0.0,-1,-1,-1,0,0,4,0,0,0,0,0,0,1,0,0,0,0,0,0,0,0,0,1,0,0,0,13,13
1.0,0.0,-1,-1,-1,0,0,4,0,0,0,0,0,0,1,0,0,0,0,0,0,0,0,0,1,0,0,0,13,13
1.0,0.0,0,-1,5,0,0,10,0,0,0,0,0,0,1,0,0,0,0,0,0,0,0,0,1,0,0,0,12,12
1.0,0.0,-1,-1,-1,0,0,5,0,0,0,0,0,0,1,0,0,0,0,0,0,0,0,0,1,0,0,0,13,13
1.0,0.0,0,0,0,0,0,24,0,0,0,0,0,0,1,0,0,0,0,0,0,0,0,0,1,0,0,0,16,20
1.0,0.0,-1,-1,-1,0,0,5,0,0,0,0,0,0,1,0,0,0,0,0,0,0,0,0,1,0,0,0,13,13
1.0,0.0,0,-1,5,0,0,9,0,0,0,0,0,0,1,0,0,0,0,0,0,0,0,0,1,0,0,0,17,20
1.0,0.0,0,0,0,0,0,26,0,0,0,0,0,0,1,0,0,0,0,0,0,0,0,0,1,0,0,0,18,20
1.0,0.0,0,0,0,0,0,13,0,0,0,0,0,0,1,0,0,0,0,0,0,0,0,0,1,0,0,0,11,18
1.0,0.0,-1,-1,-1,0,0,5,0,0,0,0,0,0,1,0,0,0,0,0,0,0,0,0,1,0,0,0,13,13
1.0,0.0,0,0,0,0,0,19,0,0,0,0,0,0,1,0,0,0,0,0,0,0,0,0,1,0,0,0,19,18
1.0,0.0,12571,0,0,0,0,20,0,0,0,0,0,0,1,0,0,0,0,0,0,0,0,0,1,0,0,0,20,20
1.0,0.0,12571,0,0,0,0,28,0,0,0,0,0,0,1,0,0,0,0,0,0,0,0,0,1,0,0,0,21,85
1.0,0.0,12571,0,0,0,0,31,0,0,0,0,0,0,1,0,0,0,0,0,0,0,0,0,1,0,0,0,22,20
1.0,0.0,-1,-1,-1,0,0,5,0,0,0,0,0,0,1,0,0,0,0,0,0,0,0,0,1,0,0,0,13,13
1.0,0.0,-1,-1,-1,0,0,4,0,0,0,0,0,0,1,0,0,0,0,0,0,0,0,0,1,0,0,0,13,13
1.0,0.0,-1,-1,-1,0,0,4,0,0,0,0,0,0,1,0,0,0,0,0,0,0,0,0,1,0,0,0,13,13
1.0,0.0,-1,-1,-1,0,0,4,0,0,0,0,0,0,1,0,0,0,0,0,0,0,0,0,1,0,0,0,13,13
1.0,0.0,-1,-1,-1,0,0,4,0,0,0,0,0,0,1,0,0,0,0,0,0,0,0,0,1,0,0,0,13,13
1.0,0.0,-1,-1,-1,0,0,4,0,0,0,0,0,0,1,0,0,0,0,0,0,0,0,0,1,0,0,0,13,13
1.0,0.0,-1,-1,-1,0,0,4,0,0,0,0,0,0,1,0,0,0,0,0,0,0,0,0,1,0,0,0,13,13
1.0,0.0,-1,-1,-1,0,0,4,0,0,0,0,0,0,1,0,0,0,0,0,0,0,0,0,1,0,0,0,13,13
1.0,0.0,-1,-1,-1,0,0,4,0,0,0,0,0,0,1,0,0,0,0,0,0,0,0,0,1,0,0,0,13,13
1.0,0.0,12571,0,0,0,0,19,0,0,0,0,0,0,1,0,0,0,0,0,0,0,0,0,1,0,0,0,23,12
1.0,0.0,12571,0,0,0,0,22,0,0,0,0,0,0,1,0,0,0,0,0,0,0,0,0,1,0,0,0,24,23
1.0,0.0,12571,0,0,0,0,22,0,0,0,0,0,0,1,0,0,0,0,0,0,0,0,0,1,0,0,0,24,23
1.0,0.0,12571,0,0,0,0,31,0,0,0,0,0,0,1,0,0,0,0,0,0,0,0,0,1,0,0,0,25,23
1.0,0.0,12571,0,0,0,0,31,0,0,0,0,0,0,1,0,0,0,0,0,0,0,0,0,1,0,0,0,26,23
1.0,0.0,12571,0,0,0,0,16,0,0,0,0,0,0,1,0,0,0,0,0,0,0,0,0,1,0,0,0,27,23
1.0,0.0,12571,0,0,0,0,22,0,0,0,0,0,0,1,0,0,0,0,0,0,0,0,0,1,0,0,0,24,23
1.0,0.0,12571,0,0,0,0,28,0,0,0,0,0,0,1,0,0,0,0,0,0,0,0,0,1,0,0,0,28,23
1.0,0.0,12571,0,0,2,0,20,0,0,0,0,0,0,1,0,0,0,0,0,0,0,0,0,1,0,0,0,6,28
1.0,0.0,12571,0,0,0,0,28,0,0,0,0,0,0,1,0,0,0,0,0,0,0,0,0,1,0,0,0,28,23
1.0,0.0,12571,0,0,2,0,20,0,0,0,0,0,0,1,0,0,0,0,0,0,0,0,0,1,0,0,0,6,28
1.0,0.0,12571,0,0,0,0,28,0,0,0,0,0,0,1,0,0,0,0,0,0,0,0,0,1,0,0,0,28,23
1.0,0.0,12571,0,0,2,0,20,0,0,0,0,0,0,1,0,0,0,0,0,0,0,0,0,1,0,0,0,6,28
1.0,0.0,12571,0,0,0,0,20,0,0,0,0,0,0,1,0,0,0,0,0,0,0,0,0,1,0,0,0,29,23
1.0,0.0,12571,0,0,0,0,16,0,0,0,0,0,0,1,0,0,0,0,0,0,0,0,0,1,0,0,0,27,23
1.0,0.0,12571,0,0,2,0,31,0,0,0,0,0,0,1,0,0,0,0,0,0,0,0,0,1,0,0,0,29,23
1.0,0.0,12571,0,0,0,0,40,0,0,0,0,0,0,1,0,0,0,0,0,0,0,0,0,1,0,0,0,30,23
1.0,0.0,12571,0,0,0,0,16,0,0,0,0,0,0,1,0,0,0,0,0,0,0,0,0,1,0,0,0,27,23
1.0,0.0,12571,0,0,0,0,40,0,0,0,0,0,0,1,0,0,0,0,0,0,0,0,0,1,0,0,0,30,23
1.0,0.0,-1,-1,-1,0,0,5,0,0,0,0,0,0,1,0,0,0,0,0,0,0,0,0,1,0,0,0,13,13
1.0,0.0,12571,0,0,0,0,40,0,0,0,0,0,0,1,0,0,0,0,0,0,0,0,0,1,0,0,0,30,23
1.0,0.0,12571,0,0,0,0,22,0,0,0,0,0,0,1,0,0,0,0,0,0,0,0,0,1,0,0,0,24,23
1.0,0.0,12571,0,0,0,0,25,0,0,0,0,0,0,1,0,0,0,0,0,0,0,0,0,1,0,0,0,31,23
1.0,0.0,12571,0,0,0,0,40,0,0,0,0,0,0,1,0,0,0,0,0,0,0,0,0,1,0,0,0,30,31
1.0,0.0,12571,0,0,0,0,16,0,0,0,0,0,0,1,0,0,0,0,0,0,0,0,0,1,0,0,0,27,31
1.0,0.0,12571,0,0,0,0,42,0,0,0,0,0,0,1,0,0,0,0,0,0,0,0,0,1,0,0,0,30,31
1.0,0.0,12571,0,0,0,0,57,0,0,0,0,0,0,1,0,0,0,0,0,0,0,0,0,1,0,0,0,32,31
1.0,0.0,-1,-1,-1,0,0,4,0,0,0,0,0,0,1,0,0,0,0,0,0,0,0,0,1,0,0,0,13,13
1.0,0.0,-1,-1,-1,0,0,4,0,0,0,0,0,0,1,0,0,0,0,0,0,0,0,0,1,0,0,0,13,13
1.0,0.0,-1,-1,-1,0,0,4,0,0,0,0,0,0,1,0,0,0,0,0,0,0,0,0,1,0,0,0,13,13
1.0,0.0,-1,-1,-1,0,0,4,0,0,0,0,0,0,1,0,0,0,0,0,0,0,0,0,1,0,0,0,13,13
1.0,0.0,-1,-1,-1,0,0,4,0,0,0,0,0,0,1,0,0,0,0,0,0,0,0,0,1,0,0,0,13,13
1.0,0.0,-1,-1,-1,0,0,4,0,0,0,0,0,0,1,0,0,0,0,0,0,0,0,0,1,0,0,0,13,13
1.0,0.0,-1,-1,-1,0,0,4,0,0,0,0,0,0,1,0,0,0,0,0,0,0,0,0,1,0,0,0,13,13
1.0,0.0,-1,-1,-1,0,0,4,0,0,0,0,0,0,1,0,0,0,0,0,0,0,0,0,1,0,0,0,13,13
1.0,0.0,-1,-1,-1,0,0,4,0,0,0,0,0,0,1,0,0,0,0,0,0,0,0,0,1,0,0,0,13,13
1.0,0.0,12571,0,0,0,0,23,0,0,0,0,0,0,1,0,0,0,0,0,0,0,0,0,1,0,0,0,22,20
1.0,0.0,-1,-1,-1,0,0,5,0,0,0,0,0,0,1,0,0,0,0,0,0,0,0,0,1,0,0,0,13,13
1.0,0.0,0,0,0,0,0,24,0,0,0,0,0,0,1,0,0,0,0,0,0,0,0,0,1,0,0,0,16,20
1.0,0.0,-1,-1,-1,0,0,5,0,0,0,0,0,0,1,0,0,0,0,0,0,0,0,0,1,0,0,0,13,13
1.0,0.0,-1,-1,-1,0,0,5,0,0,0,0,0,0,1,0,0,0,0,0,0,0,0,0,1,0,0,0,13,13
1.0,0.0,-1,-1,-1,0,0,5,0,0,0,0,0,0,1,0,0,0,0,0,0,0,0,0,1,0,0,0,13,13
1.0,0.0,0,0,0,1,0,28,0,0,0,0,0,0,1,0,0,0,0,0,0,0,0,0,1,0,0,0,4,39
1.0,0.0,0,0,0,1,0,22,0,0,0,0,0,0,1,0,0,0,0,0,0,0,0,0,1,0,0,0,4,39
1.0,0.0,0,0,0,1,0,25,0,0,0,0,0,0,1,0,0,0,0,0,0,0,0,0,1,0,0,0,33,39
1.0,0.0,0,0,0,1,0,31,0,0,0,0,0,0,1,0,0,0,0,0,0,0,0,0,1,0,0,0,34,4
1.0,0.0,0,0,0,1,0,19,0,0,0,0,0,0,1,0,0,0,0,0,0,0,0,0,1,0,0,0,35,33
1.0,0.0,0,0,0,1,0,17,0,0,0,0,0,0,1,0,0,0,0,0,0,0,0,0,1,0,0,0,36,33
1.0,0.0,0,0,0,1,0,21,0,0,0,0,0,0,1,0,0,0,0,0,0,0,0,0,1,0,0,0,11,33
1.0,0.0,0,0,0,1,0,17,0,0,0,0,0,0,1,0,0,0,0,0,0,0,0,0,1,0,0,0,6,33
1.0,0.0,0,0,0,1,0,19,0,0,0,0,0,0,1,0,0,0,0,0,0,0,0,0,1,0,0,0,37,39
1.0,0.0,0,0,0,1,0,21,0,0,0,0,0,0,1,0,0,0,0,0,0,0,0,0,1,0,0,0,38,37
1.0,0.0,-1,-1,-1,0,0,4,0,0,0,0,0,0,1,0,0,0,0,0,0,0,0,0,1,0,0,0,13,13
1.0,0.0,-1,-1,-1,0,0,4,0,0,0,0,0,0,1,0,0,0,0,0,0,0,0,0,1,0,0,0,13,13
1.0,0.0,0,-1,5,0,0,10,0,0,0,0,0,0,1,0,0,0,0,0,0,0,0,0,1,0,0,0,39,39
1.0,0.0,-1,-1,-1,0,0,5,0,0,0,0,0,0,1,0,0,0,0,0,0,0,0,0,1,0,0,0,13,13
1.0,0.0,0,0,0,0,0,24,0,0,0,0,0,0,1,0,0,0,0,0,0,0,0,0,1,0,0,0,16,20
1.0,0.0,-1,-1,-1,0,0,5,0,0,0,0,0,0,1,0,0,0,0,0,0,0,0,0,1,0,0,0,13,13
1.0,0.0,0,-1,5,0,0,9,0,0,0,0,0,0,1,0,0,0,0,0,0,0,0,0,1,0,0,0,17,20
1.0,0.0,-1,-1,-1,0,0,5,0,0,0,0,0,0,1,0,0,0,0,0,0,0,0,0,1,0,0,0,13,13
1.0,0.0,12563,0,0,0,0,20,0,0,0,0,0,0,1,0,0,0,0,0,0,0,0,0,1,0,0,0,20,20
1.0,0.0,12563,0,0,0,0,28,0,0,0,0,0,0,1,0,0,0,0,0,0,0,0,0,1,0,0,0,21,85
1.0,0.0,12563,0,0,0,0,31,0,0,0,0,0,0,1,0,0,0,0,0,0,0,0,0,1,0,0,0,22,20
1.0,0.0,-1,-1,-1,0,0,5,0,0,0,0,0,0,1,0,0,0,0,0,0,0,0,0,1,0,0,0,13,13
1.0,0.0,-1,-1,-1,0,0,4,0,0,0,0,0,0,1,0,0,0,0,0,0,0,0,0,1,0,0,0,13,13
1.0,0.0,-1,-1,-1,0,0,4,0,0,0,0,0,0,1,0,0,0,0,0,0,0,0,0,1,0,0,0,13,13
1.0,0.0,12563,0,0,2,0,33,0,0,0,0,0,0,1,0,0,0,0,0,0,0,0,0,1,0,0,0,4,39
1.0,0.0,12563,0,0,0,0,30,0,0,0,0,0,0,1,0,0,0,0,0,0,0,0,0,1,0,0,0,40,4
1.0,0.0,12563,0,0,0,0,28,0,0,0,0,0,0,1,0,0,0,0,0,0,0,0,0,1,0,0,0,40,4
1.0,0.0,12563,0,0,0,0,59,0,0,0,0,0,0,1,0,0,0,0,0,0,0,0,0,1,0,0,0,41,4
1.0,0.0,0,0,0,0,0,19,0,0,0,0,0,0,1,0,0,0,0,0,0,0,0,0,1,0,0,0,12,12
1.0,0.0,-1,-1,-1,0,0,4,0,0,0,0,0,0,1,0,0,0,0,0,0,0,0,0,1,0,0,0,13,13
1.0,0.0,-1,-1,-1,0,0,4,0,0,0,0,0,0,1,0,0,0,0,0,0,0,0,0,1,0,0,0,13,13
1.0,0.0,-1,-1,-1,0,0,4,0,0,0,0,0,0,1,0,0,0,0,0,0,0,0,0,1,0,0,0,13,13
1.0,0.0,-1,-1,-1,0,0,4,0,0,0,0,0,0,1,0,0,0,0,0,0,0,0,0,1,0,0,0,13,13
1.0,0.0,-1,-1,-1,0,0,4,0,0,0,0,0,0,1,0,0,0,0,0,0,0,0,0,1,0,0,0,13,13
1.0,0.0,65534,0,0,0,0,19,0,0,0,0,0,0,1,0,0,0,0,0,0,0,0,0,1,0,0,0,14,12
1.0,0.0,65534,0,0,0,0,19,0,0,0,0,0,0,1,0,0,0,0,0,0,0,0,0,1,0,0,0,14,12
1.0,0.0,-1,-1,-1,0,0,4,0,0,0,0,0,0,1,0,0,0,0,0,0,0,0,0,1,0,0,0,13,13
1.0,0.0,-1,-1,-1,0,0,4,0,0,0,0,0,0,1,0,0,0,0,0,0,0,0,0,1,0,0,0,13,13
1.0,0.0,-1,-1,-1,0,0,4,0,0,0,0,0,0,1,0,0,0,0,0,0,0,0,0,1,0,0,0,13,13
1.0,0.0,-1,-1,-1,0,0,4,0,0,0,0,0,0,1,0,0,0,0,0,0,0,0,0,1,0,0,0,13,13
1.0,0.0,-1,-1,-1,0,0,4,0,0,0,0,0,0,1,0,0,0,0,0,0,0,0,0,1,0,0,0,13,13
1.0,0.0,0,-1,1,0,0,10,0,0,0,0,0,0,1,0,0,0,0,0,0,0,0,0,1,0,0,0,12,12
1.0,0.0,12563,0,0,0,0,25,0,0,0,0,0,0,1,0,0,0,0,0,0,0,0,0,1,0,0,0,42,4
1.0,0.0,-1,-1,-1,0,0,4,0,0,0,0,0,0,1,0,0,0,0,0,0,0,0,0,1,0,0,0,13,13
1.0,0.0,-1,-1,-1,0,0,4,0,0,0,0,0,0,1,0,0,0,0,0,0,0,0,0,1,0,0,0,13,13
1.0,0.0,-1,-1,-1,0,0,4,0,0,0,0,0,0,1,0,0,0,0,0,0,0,0,0,1,0,0,0,13,13
1.0,0.0,-1,-1,-1,0,0,4,0,0,0,0,0,0,1,0,0,0,0,0,0,0,0,0,1,0,0,0,13,13
1.0,0.0,-1,-1,-1,0,0,4,0,0,0,0,0,0,1,0,0,0,0,0,0,0,0,0,1,0,0,0,13,13
1.0,0.0,-1,-1,-1,0,0,4,0,0,0,0,0,0,1,0,0,0,0,0,0,0,0,0,1,0,0,0,13,13
1.0,0.0,-1,-1,-1,0,0,4,0,0,0,0,0,0,1,0,0,0,0,0,0,0,0,0,1,0,0,0,13,13
1.0,0.0,-1,-1,-1,0,0,4,0,0,0,0,0,0,1,0,0,0,0,0,0,0,0,0,1,0,0,0,13,13
1.0,0.0,0,0,0,1,0,18,0,0,0,0,0,0,1,0,0,0,0,0,0,0,0,0,1,0,0,0,23,12
1.0,0.0,0,0,0,1,0,13,0,0,0,0,0,0,1,0,0,0,0,0,0,0,0,0,1,0,0,0,27,23
1.0,0.0,0,0,0,1,0,25,0,0,0,0,0,0,1,0,0,0,0,0,0,0,0,0,1,0,0,0,28,23
1.0,0.0,0,0,0,3,0,17,0,0,0,0,0,0,1,0,0,0,0,0,0,0,0,0,1,0,0,0,6,28
1.0,0.0,0,0,0,1,0,25,0,0,0,0,0,0,1,0,0,0,0,0,0,0,0,0,1,0,0,0,28,23
1.0,0.0,0,0,0,3,0,17,0,0,0,0,0,0,1,0,0,0,0,0,0,0,0,0,1,0,0,0,6,28
1.0,0.0,0,0,0,1,0,25,0,0,0,0,0,0,1,0,0,0,0,0,0,0,0,0,1,0,0,0,28,23
1.0,0.0,0,0,0,3,0,17,0,0,0,0,0,0,1,0,0,0,0,0,0,0,0,0,1,0,0,0,6,28
1.0,0.0,0,0,0,1,0,17,0,0,0,0,0,0,1,0,0,0,0,0,0,0,0,0,1,0,0,0,29,23
1.0,0.0,0,0,0,1,0,13,0,0,0,0,0,0,1,0,0,0,0,0,0,0,0,0,1,0,0,0,27,23
1.0,0.0,0,0,0,3,0,28,0,0,0,0,0,0,1,0,0,0,0,0,0,0,0,0,1,0,0,0,29,23
1.0,0.0,0,0,0,1,0,19,0,0,0,0,0,0,1,0,0,0,0,0,0,0,0,0,1,0,0,0,24,23
1.0,0.0,0,0,0,1,0,13,0,0,0,0,0,0,1,0,0,0,0,0,0,0,0,0,1,0,0,0,43,23
1.0,0.0,0,0,0,1,0,19,0,0,0,0,0,0,1,0,0,0,0,0,0,0,0,0,1,0,0,0,44,12
1.0,0.0,-1,-1,-1,0,0,4,0,0,0,0,0,0,1,0,0,0,0,0,0,0,0,0,1,0,0,0,13,13
1.0,0.0,-1,-1,-1,0,0,4,0,0,0,0,0,0,1,0,0,0,0,0,0,0,0,0,1,0,0,0,13,13
1.0,0.0,-1,-1,-1,0,0,4,0,0,0,0,0,0,1,0,0,0,0,0,0,0,0,0,1,0,0,0,13,13
1.0,0.0,-1,-1,-1,0,0,4,0,0,0,0,0,0,1,0,0,0,0,0,0,0,0,0,1,0,0,0,13,13
1.0,0.0,-1,-1,-1,0,0,4,0,0,0,0,0,0,1,0,0,0,0,0,0,0,0,0,1,0,0,0,13,13
1.0,0.0,-1,-1,-1,0,0,4,0,0,0,0,0,0,1,0,0,0,0,0,0,0,0,0,1,0,0,0,13,13
1.0,0.0,-1,-1,-1,0,0,4,0,0,0,0,0,0,1,0,0,0,0,0,0,0,0,0,1,0,0,0,13,13
1.0,0.0,-1,-1,-1,0,0,4,0,0,0,0,0,0,1,0,0,0,0,0,0,0,0,0,1,0,0,0,13,13
1.0,0.0,-1,-1,-1,0,0,4,0,0,0,0,0,0,1,0,0,0,0,0,0,0,0,0,1,0,0,0,13,13
1.0,0.0,12563,0,-2,0,0,27,0,0,0,0,0,0,1,0,0,0,0,0,0,0,0,0,1,0,0,0,42,42
1.0,0.0,12563,0,-2,0,0,27,0,0,0,0,0,0,1,0,0,0,0,0,0,0,0,0,1,0,0,0,42,42
1.0,0.0,12563,0,0,0,0,21,0,0,0,0,0,0,1,0,0,0,0,0,0,0,0,0,1,0,0,0,2,42
1.0,0.0,12563,0,0,4,0,35,0,0,0,0,0,0,1,0,0,0,0,0,0,0,0,0,1,0,0,0,45,42
1.0,0.0,12563,0,0,4,0,35,0,0,0,0,0,0,1,0,0,0,0,0,0,0,0,0,1,0,0,0,45,42
1.0,0.0,-1,-1,-1,0,0,4,0,0,0,0,0,0,1,0,0,0,0,0,0,0,0,0,1,0,0,0,13,13
1.0,0.0,-1,-1,-1,0,0,4,0,0,0,0,0,0,1,0,0,0,0,0,0,0,0,0,1,0,0,0,13,13
1.0,0.0,12563,0,0,0,0,23,0,0,0,0,0,0,1,0,0,0,0,0,0,0,0,0,1,0,0,0,22,20
1.0,0.0,-1,-1,-1,0,0,5,0,0,0,0,0,0,1,0,0,0,0,0,0,0,0,0,1,0,0,0,13,13
1.0,0.0,0,0,0,0,0,24,0,0,0,0,0,0,1,0,0,0,0,0,0,0,0,0,1,0,0,0,16,20
1.0,0.0,-1,-1,-1,0,0,5,0,0,0,0,0,0,1,0,0,0,0,0,0,0,0,0,1,0,0,0,13,13
1.0,0.0,31265,0,0,0,0,294,0,0,0,0,0,0,1,0,0,0,0,0,0,0,0,0,1,0,0,0,4,83
1.0,0.0,31265,0,0,0,0,285,0,0,0,0,0,0,1,0,0,0,0,0,0,0,0,0,1,0,0,0,5,4
1.0,0.0,31265,0,0,0,0,285,0,0,0,0,0,0,1,0,0,0,0,0,0,0,0,0,1,0,0,0,6,4
1.0,0.0,31265,0,0,0,0,285,0,0,0,0,0,0,1,0,0,0,0,0,0,0,0,0,1,0,0,0,7,4
1.0,0.0,31265,0,0,0,0,285,0,0,0,0,0,0,1,0,0,0,0,0,0,0,0,0,1,0,0,0,8,4
1.0,0.0,31265,0,0,0,0,294,0,0,0,0,0,0,1,0,0,0,0,0,0,0,0,0,1,0,0,0,4,83
1.0,0.0,31265,0,0,0,0,285,0,0,0,0,0,0,1,0,0,0,0,0,0,0,0,0,1,0,0,0,5,4
1.0,0.0,31265,0,0,0,0,285,0,0,0,0,0,0,1,0,0,0,0,0,0,0,0,0,1,0,0,0,6,4
1.0,0.0,31265,0,0,0,0,285,0,0,0,0,0,0,1,0,0,0,0,0,0,0,0,0,1,0,0,0,7,4
1.0,0.0,31265,0,0,0,0,285,0,0,0,0,0,0,1,0,0,0,0,0,0,0,0,0,1,0,0,0,8,4
1.0,0.0,31265,0,0,0,0,294,0,0,0,0,0,0,1,0,0,0,0,0,0,0,0,0,1,0,0,0,4,83
1.0,0.0,31265,0,0,0,0,285,0,0,0,0,0,0,1,0,0,0,0,0,0,0,0,0,1,0,0,0,5,4
1.0,0.0,31265,0,0,0,0,285,0,0,0,0,0,0,1,0,0,0,0,0,0,0,0,0,1,0,0,0,6,4
1.0,0.0,31265,0,0,0,0,285,0,0,0,0,0,0,1,0,0,0,0,0,0,0,0,0,1,0,0,0,7,4
1.0,0.0,31265,0,0,0,0,285,0,0,0,0,0,0,1,0,0,0,0,0,0,0,0,0,1,0,0,0,8,4
1.0,0.0,31265,0,0,0,0,294,0,0,0,0,0,0,1,0,0,0,0,0,0,0,0,0,1,0,0,0,4,83
1.0,0.0,31265,0,0,0,0,285,0,0,0,0,0,0,1,0,0,0,0,0,0,0,0,0,1,0,0,0,5,4
1.0,0.0,31265,0,0,0,0,285,0,0,0,0,0,0,1,0,0,0,0,0,0,0,0,0,1,0,0,0,6,4
1.0,0.0,31265,0,0,0,0,285,0,0,0,0,0,0,1,0,0,0,0,0,0,0,0,0,1,0,0,0,7,4
1.0,0.0,31265,0,0,0,0,285,0,0,0,0,0,0,1,0,0,0,0,0,0,0,0,0,1,0,0,0,8,4
1.0,0.0,31265,0,0,0,0,294,0,0,0,0,0,0,1,0,0,0,0,0,0,0,0,0,1,0,0,0,4,83
1.0,0.0,31265,0,0,0,0,285,0,0,0,0,0,0,1,0,0,0,0,0,0,0,0,0,1,0,0,0,5,4
1.0,0.0,31265,0,0,0,0,285,0,0,0,0,0,0,1,0,0,0,0,0,0,0,0,0,1,0,0,0,6,4
1.0,0.0,31265,0,0,0,0,285,0,0,0,0,0,0,1,0,0,0,0,0,0,0,0,0,1,0,0,0,7,4
1.0,0.0,31265,0,0,0,0,285,0,0,0,0,0,0,1,0,0,0,0,0,0,0,0,0,1,0,0,0,8,4
1.0,0.0,31265,0,0,0,0,294,0,0,0,0,0,0,1,0,0,0,0,0,0,0,0,0,1,0,0,0,4,83
1.0,0.0,31265,0,0,0,0,285,0,0,0,0,0,0,1,0,0,0,0,0,0,0,0,0,1,0,0,0,5,4
1.0,0.0,31265,0,0,0,0,285,0,0,0,0,0,0,1,0,0,0,0,0,0,0,0,0,1,0,0,0,6,4
1.0,0.0,31265,0,0,0,0,285,0,0,0,0,0,0,1,0,0,0,0,0,0,0,0,0,1,0,0,0,7,4
1.0,0.0,31265,0,0,0,0,285,0,0,0,0,0,0,1,0,0,0,0,0,0,0,0,0,1,0,0,0,8,4
1.0,0.0,31265,0,0,0,0,285,0,0,0,0,0,0,1,0,0,0,0,0,0,0,0,0,1,0,0,0,9,4
1.0,0.0,31265,0,0,0,0,294,0,0,0,0,0,0,1,0,0,0,0,0,0,0,0,0,1,0,0,0,4,83
1.0,0.0,31265,0,0,0,0,285,0,0,0,0,0,0,1,0,0,0,0,0,0,0,0,0,1,0,0,0,5,4
1.0,0.0,31265,0,0,0,0,285,0,0,0,0,0,0,1,0,0,0,0,0,0,0,0,0,1,0,0,0,6,4
1.0,0.0,31265,0,0,0,0,285,0,0,0,0,0,0,1,0,0,0,0,0,0,0,0,0,1,0,0,0,7,4
1.0,0.0,31265,0,0,0,0,285,0,0,0,0,0,0,1,0,0,0,0,0,0,0,0,0,1,0,0,0,8,4
1.0,0.0,31265,0,0,0,0,294,0,0,0,0,0,0,1,0,0,0,0,0,0,0,0,0,1,0,0,0,4,83
1.0,0.0,31265,0,0,0,0,285,0,0,0,0,0,0,1,0,0,0,0,0,0,0,0,0,1,0,0,0,5,4
1.0,0.0,31265,0,0,0,0,285,0,0,0,0,0,0,1,0,0,0,0,0,0,0,0,0,1,0,0,0,6,4
1.0,0.0,31265,0,0,0,0,285,0,0,0,0,0,0,1,0,0,0,0,0,0,0,0,0,1,0,0,0,7,4
1.0,0.0,31265,0,0,0,0,285,0,0,0,0,0,0,1,0,0,0,0,0,0,0,0,0,1,0,0,0,8,4
1.0,0.0,31265,0,0,0,0,285,0,0,0,0,0,0,1,0,0,0,0,0,0,0,0,0,1,0,0,0,9,4
1.0,0.0,31265,0,0,0,0,294,0,0,0,0,0,0,1,0,0,0,0,0,0,0,0,0,1,0,0,0,4,83
1.0,0.0,31265,0,0,0,0,285,0,0,0,0,0,0,1,0,0,0,0,0,0,0,0,0,1,0,0,0,5,4
1.0,0.0,31265,0,0,0,0,285,0,0,0,0,0,0,1,0,0,0,0,0,0,0,0,0,1,0,0,0,6,4
1.0,0.0,31265,0,0,0,0,285,0,0,0,0,0,0,1,0,0,0,0,0,0,0,0,0,1,0,0,0,7,4
1.0,0.0,31265,0,0,0,0,285,0,0,0,0,0,0,1,0,0,0,0,0,0,0,0,0,1,0,0,0,8,4
1.0,0.0,31265,0,0,0,0,285,0,0,0,0,0,0,1,0,0,0,0,0,0,0,0,0,1,0,0,0,9,4
1.0,0.0,31265,0,0,0,0,294,0,0,0,0,0,0,1,0,0,0,0,0,0,0,0,0,1,0,0,0,4,83
1.0,0.0,31265,0,0,0,0,285,0,0,0,0,0,0,1,0,0,0,0,0,0,0,0,0,1,0,0,0,5,4
1.0,0.0,31265,0,0,0,0,285,0,0,0,0,0,0,1,0,0,0,0,0,0,0,0,0,1,0,0,0,6,4
1.0,0.0,31265,0,0,0,0,285,0,0,0,0,0,0,1,0,0,0,0,0,0,0,0,0,1,0,0,0,7,4
1.0,0.0,31265,0,0,0,0,285,0,0,0,0,0,0,1,0,0,0,0,0,0,0,0,0,1,0,0,0,8,4
1.0,0.0,31265,0,0,0,0,285,0,0,0,0,0,0,1,0,0,0,0,0,0,0,0,0,1,0,0,0,9,4
1.0,0.0,31265,0,0,0,0,294,0,0,0,0,0,0,1,0,0,0,0,0,0,0,0,0,1,0,0,0,4,83
1.0,0.0,31265,0,0,0,0,285,0,0,0,0,0,0,1,0,0,0,0,0,0,0,0,0,1,0,0,0,5,4
1.0,0.0,31265,0,0,0,0,285,0,0,0,0,0,0,1,0,0,0,0,0,0,0,0,0,1,0,0,0,6,4
1.0,0.0,31265,0,0,0,0,285,0,0,0,0,0,0,1,0,0,0,0,0,0,0,0,0,1,0,0,0,7,4
1.0,0.0,31265,0,0,0,0,285,0,0,0,0,0,0,1,0,0,0,0,0,0,0,0,0,1,0,0,0,8,4
1.0,0.0,31265,0,0,0,0,285,0,0,0,0,0,0,1,0,0,0,0,0,0,0,0,0,1,0,0,0,9,4
1.0,0.0,31265,0,0,0,0,294,0,0,0,0,0,0,1,0,0,0,0,0,0,0,0,0,1,0,0,0,4,83
1.0,0.0,31265,0,0,0,0,285,0,0,0,0,0,0,1,0,0,0,0,0,0,0,0,0,1,0,0,0,5,4
1.0,0.0,31265,0,0,0,0,285,0,0,0,0,0,0,1,0,0,0,0,0,0,0,0,0,1,0,0,0,6,4
1.0,0.0,31265,0,0,0,0,285,0,0,0,0,0,0,1,0,0,0,0,0,0,0,0,0,1,0,0,0,7,4
1.0,0.0,31265,0,0,0,0,285,0,0,0,0,0,0,1,0,0,0,0,0,0,0,0,0,1,0,0,0,8,4
1.0,0.0,31265,0,0,0,0,294,0,0,0,0,0,0,1,0,0,0,0,0,0,0,0,0,1,0,0,0,4,83
1.0,0.0,31265,0,0,0,0,285,0,0,0,0,0,0,1,0,0,0,0,0,0,0,0,0,1,0,0,0,5,4
1.0,0.0,31265,0,0,0,0,285,0,0,0,0,0,0,1,0,0,0,0,0,0,0,0,0,1,0,0,0,6,4
1.0,0.0,31265,0,0,0,0,285,0,0,0,0,0,0,1,0,0,0,0,0,0,0,0,0,1,0,0,0,7,4
1.0,0.0,31265,0,0,0,0,285,0,0,0,0,0,0,1,0,0,0,0,0,0,0,0,0,1,0,0,0,8,4
1.0,0.0,31265,0,0,0,0,294,0,0,0,0,0,0,1,0,0,0,0,0,0,0,0,0,1,0,0,0,4,83
1.0,0.0,31265,0,0,0,0,285,0,0,0,0,0,0,1,0,0,0,0,0,0,0,0,0,1,0,0,0,5,4
1.0,0.0,31265,0,0,0,0,285,0,0,0,0,0,0,1,0,0,0,0,0,0,0,0,0,1,0,0,0,6,4
1.0,0.0,31265,0,0,0,0,285,0,0,0,0,0,0,1,0,0,0,0,0,0,0,0,0,1,0,0,0,7,4
1.0,0.0,31265,0,0,0,0,285,0,0,0,0,0,0,1,0,0,0,0,0,0,0,0,0,1,0,0,0,8,4
1.0,0.0,31265,0,0,0,0,294,0,0,0,0,0,0,1,0,0,0,0,0,0,0,0,0,1,0,0,0,4,83
1.0,0.0,31265,0,0,0,0,285,0,0,0,0,0,0,1,0,0,0,0,0,0,0,0,0,1,0,0,0,5,4
1.0,0.0,31265,0,0,0,0,285,0,0,0,0,0,0,1,0,0,0,0,0,0,0,0,0,1,0,0,0,6,4
1.0,0.0,31265,0,0,0,0,285,0,0,0,0,0,0,1,0,0,0,0,0,0,0,0,0,1,0,0,0,7,4
1.0,0.0,31265,0,0,0,0,285,0,0,0,0,0,0,1,0,0,0,0,0,0,0,0,0,1,0,0,0,8,4
1.0,0.0,31265,0,0,0,0,294,0,0,0,0,0,0,1,0,0,0,0,0,0,0,0,0,1,0,0,0,4,83
1.0,0.0,31265,0,0,0,0,285,0,0,0,0,0,0,1,0,0,0,0,0,0,0,0,0,1,0,0,0,5,4
1.0,0.0,31265,0,0,0,0,285,0,0,0,0,0,0,1,0,0,0,0,0,0,0,0,0,1,0,0,0,6,4
1.0,0.0,31265,0,0,0,0,285,0,0,0,0,0,0,1,0,0,0,0,0,0,0,0,0,1,0,0,0,7,4
1.0,0.0,31265,0,0,0,0,285,0,0,0,0,0,0,1,0,0,0,0,0,0,0,0,0,1,0,0,0,8,4
1.0,0.0,31265,0,0,0,0,296,0,0,0,0,0,0,1,0,0,0,0,0,0,0,0,0,1,0,0,0,4,83
1.0,0.0,31265,0,0,0,0,287,0,0,0,0,0,0,1,0,0,0,0,0,0,0,0,0,1,0,0,0,6,4
1.0,0.0,31265,0,0,0,0,285,0,0,0,0,0,0,1,0,0,0,0,0,0,0,0,0,1,0,0,0,11,4
1.0,0.0,31265,0,0,0,0,296,0,0,0,0,0,0,1,0,0,0,0,0,0,0,0,0,1,0,0,0,4,83
1.0,0.0,31265,0,0,0,0,287,0,0,0,0,0,0,1,0,0,0,0,0,0,0,0,0,1,0,0,0,6,4
1.0,0.0,31265,0,0,0,0,285,0,0,0,0,0,0,1,0,0,0,0,0,0,0,0,0,1,0,0,0,11,4
1.0,0.0,31265,0,0,0,0,285,0,0,0,0,0,0,1,0,0,0,0,0,0,0,0,0,1,0,0,0,8,4
1.0,0.0,31265,0,0,0,0,296,0,0,0,0,0,0,1,0,0,0,0,0,0,0,0,0,1,0,0,0,4,83
1.0,0.0,31265,0,0,0,0,287,0,0,0,0,0,0,1,0,0,0,0,0,0,0,0,0,1,0,0,0,6,4
1.0,0.0,31265,0,0,0,0,285,0,0,0,0,0,0,1,0,0,0,0,0,0,0,0,0,1,0,0,0,11,4
1.0,0.0,31265,0,0,0,0,296,0,0,0,0,0,0,1,0,0,0,0,0,0,0,0,0,1,0,0,0,4,83
1.0,0.0,31265,0,0,0,0,287,0,0,0,0,0,0,1,0,0,0,0,0,0,0,0,0,1,0,0,0,6,4
1.0,0.0,31265,0,0,0,0,285,0,0,0,0,0,0,1,0,0,0,0,0,0,0,0,0,1,0,0,0,11,4
1.0,0.0,31265,0,0,0,0,285,0,0,0,0,0,0,1,0,0,0,0,0,0,0,0,0,1,0,0,0,8,4
1.0,10.0,0,0,0,0,0,20,0,0,0,0,0,0,1,0,0,0,0,0,0,0,0,0,1,0,0,0,4,86
1.0,0.0,0,0,0,0,0,18,0,0,0,0,0,0,1,0,0,0,0,0,0,0,0,0,1,0,0,0,46,86
1.0,0.0,0,0,0,0,0,16,0,0,0,0,0,0,1,0,0,0,0,0,0,0,0,0,1,0,0,0,47,86
1.0,0.0,0,0,0,0,0,27,0,0,0,0,0,0,1,0,0,0,0,0,0,0,0,0,1,0,0,0,48,86
1.0,0.0,0,0,0,0,0,27,0,0,0,0,0,0,1,0,0,0,0,0,0,0,0,0,1,0,0,0,49,86
1.0,0.0,0,0,0,0,0,27,0,0,0,0,0,0,1,0,0,0,0,0,0,0,0,0,1,0,0,0,50,86
1.0,0.0,0,0,0,0,0,16,0,0,0,0,0,0,1,0,0,0,0,0,0,0,0,0,1,0,0,0,4,87
1.0,0.0,0,0,0,0,0,13,0,0,0,0,0,0,1,0,0,0,0,0,0,0,0,0,1,0,0,0,51,4
1.0,0.0,0,0,0,0,0,13,0,0,0,0,0,0,1,0,0,0,0,0,0,0,0,0,1,0,0,0,6,4
1.0,0.0,0,0,0,0,0,16,0,0,0,0,0,0,1,0,0,0,0,0,0,0,0,0,1,0,0,0,4,87
1.0,0.0,0,0,0,0,0,15,0,0,0,0,0,0,1,0,0,0,0,0,0,0,0,0,1,0,0,0,51,87
1.0,0.0,0,0,0,0,0,19,0,0,0,0,0,0,1,0,0,0,0,0,0,0,0,0,1,0,0,0,12,12
1.0,0.0,-1,-1,-1,0,0,4,0,0,0,0,0,0,1,0,0,0,0,0,0,0,0,0,1,0,0,0,13,13
1.0,0.0,-1,-1,-1,0,0,4,0,0,0,0,0,0,1,0,0,0,0,0,0,0,0,0,1,0,0,0,13,13
1.0,0.0,-1,-1,-1,0,0,4,0,0,0,0,0,0,1,0,0,0,0,0,0,0,0,0,1,0,0,0,13,13
1.0,0.0,-1,-1,-1,0,0,4,0,0,0,0,0,0,1,0,0,0,0,0,0,0,0,0,1,0,0,0,13,13
1.0,0.0,-1,-1,-1,0,0,4,0,0,0,0,0,0,1,0,0,0,0,0,0,0,0,0,1,0,0,0,13,13
1.0,0.0,0,0,0,1,0,13,0,0,0,0,0,0,1,0,0,0,0,0,0,0,0,0,1,0,0,0,52,33
1.0,0.0,0,0,0,1,0,17,0,0,0,0,0,0,1,0,0,0,0,0,0,0,0,0,1,0,0,0,53,33
1.0,0.0,0,0,0,3,0,17,0,0,0,0,0,0,1,0,0,0,0,0,0,0,0,0,1,0,0,0,6,33
1.0,0.0,0,0,0,3,0,17,0,0,0,0,0,0,1,0,0,0,0,0,0,0,0,0,1,0,0,0,54,33
1.0,0.0,0,0,0,1,0,18,0,0,0,0,0,0,1,0,0,0,0,0,0,0,0,0,1,0,0,0,55,88
1.0,0.0,0,0,0,1,0,18,0,0,0,0,0,0,1,0,0,0,0,0,0,0,0,0,1,0,0,0,56,88
1.0,0.0,0,0,0,1,0,18,0,0,0,0,0,0,1,0,0,0,0,0,0,0,0,0,1,0,0,0,57,88
1.0,0.0,65534,0,0,0,0,19,0,0,0,0,0,0,1,0,0,0,0,0,0,0,0,0,1,0,0,0,14,12
1.0,0.0,-1,-1,-1,0,0,4,0,0,0,0,0,0,1,0,0,0,0,0,0,0,0,0,1,0,0,0,13,13
1.0,0.0,-1,-1,-1,0,0,4,0,0,0,0,0,0,1,0,0,0,0,0,0,0,0,0,1,0,0,0,13,13
1.0,0.0,-1,-1,-1,0,0,4,0,0,0,0,0,0,1,0,0,0,0,0,0,0,0,0,1,0,0,0,13,13
1.0,0.0,-1,-1,-1,0,0,4,0,0,0,0,0,0,1,0,0,0,0,0,0,0,0,0,1,0,0,0,13,13
1.0,0.0,-1,-1,-1,0,0,4,0,0,0,0,0,0,1,0,0,0,0,0,0,0,0,0,1,0,0,0,13,13
1.0,0.0,0,-1,5,0,0,10,0,0,0,0,0,0,1,0,0,0,0,0,0,0,0,0,1,0,0,0,12,12
1.0,0.0,-1,-1,-1,0,0,5,0,0,0,0,0,0,1,0,0,0,0,0,0,0,0,0,1,0,0,0,13,13
1.0,0.0,0,0,0,0,0,24,0,0,0,0,0,0,1,0,0,0,0,0,0,0,0,0,1,0,0,0,16,20
1.0,0.0,-1,-1,-1,0,0,5,0,0,0,0,0,0,1,0,0,0,0,0,0,0,0,0,1,0,0,0,13,13
1.0,0.0,0,-1,5,0,0,9,0,0,0,0,0,0,1,0,0,0,0,0,0,0,0,0,1,0,0,0,17,20
1.0,0.0,-1,-1,-1,0,0,5,0,0,0,0,0,0,1,0,0,0,0,0,0,0,0,0,1,0,0,0,13,13
1.0,0.0,12546,0,0,0,0,20,0,0,0,0,0,0,1,0,0,0,0,0,0,0,0,0,1,0,0,0,20,20
1.0,0.0,12546,0,0,0,0,28,0,0,0,0,0,0,1,0,0,0,0,0,0,0,0,0,1,0,0,0,21,85
1.0,0.0,12546,0,0,0,0,31,0,0,0,0,0,0,1,0,0,0,0,0,0,0,0,0,1,0,0,0,22,20
1.0,0.0,-1,-1,-1,0,0,5,0,0,0,0,0,0,1,0,0,0,0,0,0,0,0,0,1,0,0,0,13,13
1.0,0.0,-1,-1,-1,0,0,4,0,0,0,0,0,0,1,0,0,0,0,0,0,0,0,0,1,0,0,0,13,13
1.0,0.0,-1,-1,-1,0,0,4,0,0,0,0,0,0,1,0,0,0,0,0,0,0,0,0,1,0,0,0,13,13
1.0,0.0,-1,-1,-1,0,0,4,0,0,0,0,0,0,1,0,0,0,0,0,0,0,0,0,1,0,0,0,13,13
1.0,0.0,-1,-1,-1,0,0,4,0,0,0,0,0,0,1,0,0,0,0,0,0,0,0,0,1,0,0,0,13,13
1.0,0.0,-1,-1,-1,0,0,4,0,0,0,0,0,0,1,0,0,0,0,0,0,0,0,0,1,0,0,0,13,13
1.0,0.0,0,0,0,0,0,38,0,0,0,0,0,0,1,0,0,0,0,0,0,0,0,0,1,0,0,0,3,89
1.0,0.0,0,0,0,0,0,28,0,0,0,0,0,0,1,0,0,0,0,0,0,0,0,0,1,0,0,0,35,3
1.0,0.0,0,0,0,0,0,28,0,0,0,0,0,0,1,0,0,0,0,0,0,0,0,0,1,0,0,0,58,3
1.0,0.0,0,0,0,0,0,21,0,0,0,0,0,0,1,0,0,0,0,0,0,0,0,0,1,0,0,0,6,3
1.0,0.0,0,0,0,0,0,16,0,0,0,0,0,0,1,0,0,0,0,0,0,0,0,0,1,0,0,0,11,3
1.0,0.0,0,0,0,0,0,20,0,0,0,0,0,0,1,0,0,0,0,0,0,0,0,0,1,0,0,0,1,3
1.0,0.0,0,0,0,0,0,18,0,0,0,0,0,0,1,0,0,0,0,0,0,0,0,0,1,0,0,0,1,3
1.0,0.0,0,0,0,0,0,22,0,0,0,0,0,0,1,0,0,0,0,0,0,0,0,0,1,0,0,0,29,3
1.0,0.0,-1,-1,-1,0,0,4,0,0,0,0,0,0,1,0,0,0,0,0,0,0,0,0,1,0,0,0,13,13
1.0,0.0,-1,-1,-1,0,0,4,0,0,0,0,0,0,1,0,0,0,0,0,0,0,0,0,1,0,0,0,13,13
1.0,0.0,0,0,0,0,0,16,0,0,0,0,0,0,1,0,0,0,0,0,0,0,0,0,1,0,0,0,59,3
1.0,0.0,-1,-1,-1,0,0,4,0,0,0,0,0,0,1,0,0,0,0,0,0,0,0,0,1,0,0,0,13,13
1.0,0.0,12546,0,0,0,0,15,0,0,0,0,0,0,1,0,0,0,0,0,0,0,0,0,1,0,0,0,23,12
1.0,0.0,0,0,0,0,0,16,0,0,0,0,0,0,1,0,0,0,0,0,0,0,0,0,1,0,0,0,2,3
1.0,0.0,0,12288,0,0,0,16,0,0,0,0,0,0,1,0,0,0,0,0,0,0,0,0,1,0,0,0,3,3
1.0,0.0,12546,0,0,0,0,22,0,0,0,0,0,0,1,0,0,0,0,0,0,0,0,0,1,0,0,0,24,23
1.0,0.0,12546,0,0,0,0,22,0,0,0,0,0,0,1,0,0,0,0,0,0,0,0,0,1,0,0,0,24,23
1.0,0.0,12546,0,0,0,0,31,0,0,0,0,0,0,1,0,0,0,0,0,0,0,0,0,1,0,0,0,25,23
1.0,0.0,12546,0,0,0,0,31,0,0,0,0,0,0,1,0,0,0,0,0,0,0,0,0,1,0,0,0,26,23
1.0,0.0,12546,0,0,0,0,16,0,0,0,0,0,0,1,0,0,0,0,0,0,0,0,0,1,0,0,0,27,23
1.0,0.0,12546,0,0,0,0,22,0,0,0,0,0,0,1,0,0,0,0,0,0,0,0,0,1,0,0,0,24,23
1.0,0.0,12546,0,0,0,0,28,0,0,0,0,0,0,1,0,0,0,0,0,0,0,0,0,1,0,0,0,28,23
1.0,0.0,12546,0,0,2,0,20,0,0,0,0,0,0,1,0,0,0,0,0,0,0,0,0,1,0,0,0,6,28
1.0,0.0,12546,0,0,0,0,28,0,0,0,0,0,0,1,0,0,0,0,0,0,0,0,0,1,0,0,0,28,23
1.0,0.0,12546,0,0,2,0,20,0,0,0,0,0,0,1,0,0,0,0,0,0,0,0,0,1,0,0,0,6,28
1.0,0.0,12546,0,0,0,0,28,0,0,0,0,0,0,1,0,0,0,0,0,0,0,0,0,1,0,0,0,28,23
1.0,0.0,12546,0,0,2,0,20,0,0,0,0,0,0,1,0,0,0,0,0,0,0,0,0,1,0,0,0,6,28
1.0,0.0,12546,0,0,0,0,20,0,0,0,0,0,0,1,0,0,0,0,0,0,0,0,0,1,0,0,0,29,23
1.0,0.0,12546,0,0,0,0,16,0,0,0,0,0,0,1,0,0,0,0,0,0,0,0,0,1,0,0,0,27,23
1.0,0.0,12546,0,0,2,0,31,0,0,0,0,0,0,1,0,0,0,0,0,0,0,0,0,1,0,0,0,29,23
1.0,0.0,12546,0,0,0,0,40,0,0,0,0,0,0,1,0,0,0,0,0,0,0,0,0,1,0,0,0,30,23
1.0,0.0,12546,0,0,0,0,16,0,0,0,0,0,0,1,0,0,0,0,0,0,0,0,0,1,0,0,0,27,23
1.0,0.0,12546,0,0,0,0,40,0,0,0,0,0,0,1,0,0,0,0,0,0,0,0,0,1,0,0,0,30,23
1.0,0.0,12546,0,0,0,0,40,0,0,0,0,0,0,1,0,0,0,0,0,0,0,0,0,1,0,0,0,30,23
1.0,0.0,12546,0,0,0,0,22,0,0,0,0,0,0,1,0,0,0,0,0,0,0,0,0,1,0,0,0,24,23
1.0,0.0,12546,0,0,0,0,16,0,0,0,0,0,0,1,0,0,0,0,0,0,0,0,0,1,0,0,0,60,23
1.0,0.0,12546,0,0,0,0,16,0,0,0,0,0,0,1,0,0,0,0,0,0,0,0,0,1,0,0,0,11,23
1.0,0.0,12546,0,0,0,0,16,0,0,0,0,0,0,1,0,0,0,0,0,0,0,0,0,1,0,0,0,61,23
1.0,0.0,12546,0,0,0,0,16,0,0,0,0,0,0,1,0,0,0,0,0,0,0,0,0,1,0,0,0,62,23
1.0,0.0,12546,0,0,0,0,16,0,0,0,0,0,0,1,0,0,0,0,0,0,0,0,0,1,0,0,0,5,23
1.0,0.0,-1,-1,-1,0,0,4,0,0,0,0,0,0,1,0,0,0,0,0,0,0,0,0,1,0,0,0,13,13
1.0,0.0,-1,-1,-1,0,0,4,0,0,0,0,0,0,1,0,0,0,0,0,0,0,0,0,1,0,0,0,13,13
1.0,0.0,-1,-1,-1,0,0,4,0,0,0,0,0,0,1,0,0,0,0,0,0,0,0,0,1,0,0,0,13,13
1.0,0.0,-1,-1,-1,0,0,4,0,0,0,0,0,0,1,0,0,0,0,0,0,0,0,0,1,0,0,0,13,13
1.0,0.0,-1,-1,-1,0,0,4,0,0,0,0,0,0,1,0,0,0,0,0,0,0,0,0,1,0,0,0,13,13
1.0,0.0,-1,-1,-1,0,0,4,0,0,0,0,0,0,1,0,0,0,0,0,0,0,0,0,1,0,0,0,13,13
1.0,0.0,-1,-1,-1,0,0,4,0,0,0,0,0,0,1,0,0,0,0,0,0,0,0,0,1,0,0,0,13,13
1.0,0.0,-1,-1,-1,0,0,4,0,0,0,0,0,0,1,0,0,0,0,0,0,0,0,0,1,0,0,0,13,13
1.0,0.0,-1,-1,-1,0,0,4,0,0,0,0,0,0,1,0,0,0,0,0,0,0,0,0,1,0,0,0,13,13
1.0,0.0,12546,0,0,0,0,23,0,0,0,0,0,0,1,0,0,0,0,0,0,0,0,0,1,0,0,0,22,20
1.0,0.0,-1,-1,-1,0,0,5,0,0,0,0,0,0,1,0,0,0,0,0,0,0,0,0,1,0,0,0,13,13
1.0,0.0,0,0,0,0,0,24,0,0,0,0,0,0,1,0,0,0,0,0,0,0,0,0,1,0,0,0,16,20
1.0,0.0,-1,-1,-1,0,0,5,0,0,0,0,0,0,1,0,0,0,0,0,0,0,0,0,1,0,0,0,13,13
1.0,0.0,31265,0,0,0,0,294,0,0,0,0,0,0,1,0,0,0,0,0,0,0,0,0,1,0,0,0,4,83
1.0,0.0,31265,0,0,0,0,285,0,0,0,0,0,0,1,0,0,0,0,0,0,0,0,0,1,0,0,0,5,4
1.0,0.0,31265,0,0,0,0,285,0,0,0,0,0,0,1,0,0,0,0,0,0,0,0,0,1,0,0,0,6,4
1.0,0.0,31265,0,0,0,0,285,0,0,0,0,0,0,1,0,0,0,0,0,0,0,0,0,1,0,0,0,7,4
1.0,0.0,31265,0,0,0,0,285,0,0,0,0,0,0,1,0,0,0,0,0,0,0,0,0,1,0,0,0,8,4
1.0,0.0,31265,0,0,0,0,294,0,0,0,0,0,0,1,0,0,0,0,0,0,0,0,0,1,0,0,0,4,83
1.0,0.0,31265,0,0,0,0,285,0,0,0,0,0,0,1,0,0,0,0,0,0,0,0,0,1,0,0,0,5,4
1.0,0.0,31265,0,0,0,0,285,0,0,0,0,0,0,1,0,0,0,0,0,0,0,0,0,1,0,0,0,6,4
1.0,0.0,31265,0,0,0,0,285,0,0,0,0,0,0,1,0,0,0,0,0,0,0,0,0,1,0,0,0,7,4
1.0,0.0,31265,0,0,0,0,285,0,0,0,0,0,0,1,0,0,0,0,0,0,0,0,0,1,0,0,0,8,4
1.0,0.0,31265,0,0,0,0,294,0,0,0,0,0,0,1,0,0,0,0,0,0,0,0,0,1,0,0,0,4,83
1.0,0.0,31265,0,0,0,0,285,0,0,0,0,0,0,1,0,0,0,0,0,0,0,0,0,1,0,0,0,5,4
1.0,0.0,31265,0,0,0,0,285,0,0,0,0,0,0,1,0,0,0,0,0,0,0,0,0,1,0,0,0,6,4
1.0,0.0,31265,0,0,0,0,285,0,0,0,0,0,0,1,0,0,0,0,0,0,0,0,0,1,0,0,0,7,4
1.0,0.0,31265,0,0,0,0,285,0,0,0,0,0,0,1,0,0,0,0,0,0,0,0,0,1,0,0,0,8,4
1.0,0.0,31265,0,0,0,0,294,0,0,0,0,0,0,1,0,0,0,0,0,0,0,0,0,1,0,0,0,4,83
1.0,0.0,31265,0,0,0,0,285,0,0,0,0,0,0,1,0,0,0,0,0,0,0,0,0,1,0,0,0,5,4
1.0,0.0,31265,0,0,0,0,285,0,0,0,0,0,0,1,0,0,0,0,0,0,0,0,0,1,0,0,0,6,4
1.0,0.0,31265,0,0,0,0,285,0,0,0,0,0,0,1,0,0,0,0,0,0,0,0,0,1,0,0,0,7,4
1.0,0.0,31265,0,0,0,0,285,0,0,0,0,0,0,1,0,0,0,0,0,0,0,0,0,1,0,0,0,8,4
1.0,0.0,31265,0,0,0,0,294,0,0,0,0,0,0,1,0,0,0,0,0,0,0,0,0,1,0,0,0,4,83
1.0,0.0,31265,0,0,0,0,285,0,0,0,0,0,0,1,0,0,0,0,0,0,0,0,0,1,0,0,0,5,4
1.0,0.0,31265,0,0,0,0,285,0,0,0,0,0,0,1,0,0,0,0,0,0,0,0,0,1,0,0,0,6,4
1.0,0.0,31265,0,0,0,0,285,0,0,0,0,0,0,1,0,0,0,0,0,0,0,0,0,1,0,0,0,7,4
1.0,0.0,31265,0,0,0,0,285,0,0,0,0,0,0,1,0,0,0,0,0,0,0,0,0,1,0,0,0,8,4
1.0,0.0,31265,0,0,0,0,294,0,0,0,0,0,0,1,0,0,0,0,0,0,0,0,0,1,0,0,0,4,83
1.0,0.0,31265,0,0,0,0,285,0,0,0,0,0,0,1,0,0,0,0,0,0,0,0,0,1,0,0,0,5,4
1.0,0.0,31265,0,0,0,0,285,0,0,0,0,0,0,1,0,0,0,0,0,0,0,0,0,1,0,0,0,6,4
1.0,0.0,31265,0,0,0,0,285,0,0,0,0,0,0,1,0,0,0,0,0,0,0,0,0,1,0,0,0,7,4
1.0,0.0,31265,0,0,0,0,285,0,0,0,0,0,0,1,0,0,0,0,0,0,0,0,0,1,0,0,0,8,4
1.0,0.0,31265,0,0,0,0,285,0,0,0,0,0,0,1,0,0,0,0,0,0,0,0,0,1,0,0,0,9,4
1.0,0.0,31265,0,0,0,0,294,0,0,0,0,0,0,1,0,0,0,0,0,0,0,0,0,1,0,0,0,4,83
1.0,0.0,31265,0,0,0,0,285,0,0,0,0,0,0,1,0,0,0,0,0,0,0,0,0,1,0,0,0,5,4
1.0,0.0,31265,0,0,0,0,285,0,0,0,0,0,0,1,0,0,0,0,0,0,0,0,0,1,0,0,0,6,4
1.0,0.0,31265,0,0,0,0,285,0,0,0,0,0,0,1,0,0,0,0,0,0,0,0,0,1,0,0,0,7,4
1.0,0.0,31265,0,0,0,0,285,0,0,0,0,0,0,1,0,0,0,0,0,0,0,0,0,1,0,0,0,8,4
1.0,0.0,31265,0,0,0,0,294,0,0,0,0,0,0,1,0,0,0,0,0,0,0,0,0,1,0,0,0,4,83
1.0,0.0,31265,0,0,0,0,285,0,0,0,0,0,0,1,0,0,0,0,0,0,0,0,0,1,0,0,0,5,4
1.0,0.0,31265,0,0,0,0,285,0,0,0,0,0,0,1,0,0,0,0,0,0,0,0,0,1,0,0,0,6,4
1.0,0.0,31265,0,0,0,0,285,0,0,0,0,0,0,1,0,0,0,0,0,0,0,0,0,1,0,0,0,7,4
1.0,0.0,31265,0,0,0,0,285,0,0,0,0,0,0,1,0,0,0,0,0,0,0,0,0,1,0,0,0,8,4
1.0,0.0,31265,0,0,0,0,285,0,0,0,0,0,0,1,0,0,0,0,0,0,0,0,0,1,0,0,0,9,4
1.0,0.0,31265,0,0,0,0,294,0,0,0,0,0,0,1,0,0,0,0,0,0,0,0,0,1,0,0,0,4,83
1.0,0.0,31265,0,0,0,0,285,0,0,0,0,0,0,1,0,0,0,0,0,0,0,0,0,1,0,0,0,5,4
1.0,0.0,31265,0,0,0,0,285,0,0,0,0,0,0,1,0,0,0,0,0,0,0,0,0,1,0,0,0,6,4
1.0,0.0,31265,0,0,0,0,285,0,0,0,0,0,0,1,0,0,0,0,0,0,0,0,0,1,0,0,0,7,4
1.0,0.0,31265,0,0,0,0,285,0,0,0,0,0,0,1,0,0,0,0,0,0,0,0,0,1,0,0,0,8,4
1.0,0.0,31265,0,0,0,0,285,0,0,0,0,0,0,1,0,0,0,0,0,0,0,0,0,1,0,0,0,9,4
1.0,0.0,31265,0,0,0,0,294,0,0,0,0,0,0,1,0,0,0,0,0,0,0,0,0,1,0,0,0,4,83
1.0,0.0,31265,0,0,0,0,285,0,0,0,0,0,0,1,0,0,0,0,0,0,0,0,0,1,0,0,0,5,4
1.0,0.0,31265,0,0,0,0,285,0,0,0,0,0,0,1,0,0,0,0,0,0,0,0,0,1,0,0,0,6,4
1.0,0.0,31265,0,0,0,0,285,0,0,0,0,0,0,1,0,0,0,0,0,0,0,0,0,1,0,0,0,7,4
1.0,0.0,31265,0,0,0,0,285,0,0,0,0,0,0,1,0,0,0,0,0,0,0,0,0,1,0,0,0,8,4
1.0,0.0,31265,0,0,0,0,285,0,0,0,0,0,0,1,0,0,0,0,0,0,0,0,0,1,0,0,0,9,4
1.0,0.0,31265,0,0,0,0,294,0,0,0,0,0,0,1,0,0,0,0,0,0,0,0,0,1,0,0,0,4,83
1.0,0.0,31265,0,0,0,0,285,0,0,0,0,0,0,1,0,0,0,0,0,0,0,0,0,1,0,0,0,5,4
1.0,0.0,31265,0,0,0,0,285,0,0,0,0,0,0,1,0,0,0,0,0,0,0,0,0,1,0,0,0,6,4
1.0,0.0,31265,0,0,0,0,285,0,0,0,0,0,0,1,0,0,0,0,0,0,0,0,0,1,0,0,0,7,4
1.0,0.0,31265,0,0,0,0,285,0,0,0,0,0,0,1,0,0,0,0,0,0,0,0,0,1,0,0,0,8,4
1.0,0.0,31265,0,0,0,0,285,0,0,0,0,0,0,1,0,0,0,0,0,0,0,0,0,1,0,0,0,9,4
1.0,0.0,31265,0,0,0,0,294,0,0,0,0,0,0,1,0,0,0,0,0,0,0,0,0,1,0,0,0,4,83
1.0,0.0,31265,0,0,0,0,285,0,0,0,0,0,0,1,0,0,0,0,0,0,0,0,0,1,0,0,0,5,4
1.0,0.0,31265,0,0,0,0,285,0,0,0,0,0,0,1,0,0,0,0,0,0,0,0,0,1,0,0,0,6,4
1.0,0.0,31265,0,0,0,0,285,0,0,0,0,0,0,1,0,0,0,0,0,0,0,0,0,1,0,0,0,7,4
1.0,0.0,31265,0,0,0,0,285,0,0,0,0,0,0,1,0,0,0,0,0,0,0,0,0,1,0,0,0,8,4
1.0,0.0,31265,0,0,0,0,294,0,0,0,0,0,0,1,0,0,0,0,0,0,0,0,0,1,0,0,0,4,83
1.0,0.0,31265,0,0,0,0,285,0,0,0,0,0,0,1,0,0,0,0,0,0,0,0,0,1,0,0,0,5,4
1.0,0.0,31265,0,0,0,0,285,0,0,0,0,0,0,1,0,0,0,0,0,0,0,0,0,1,0,0,0,6,4
1.0,0.0,31265,0,0,0,0,285,0,0,0,0,0,0,1,0,0,0,0,0,0,0,0,0,1,0,0,0,7,4
1.0,0.0,31265,0,0,0,0,285,0,0,0,0,0,0,1,0,0,0,0,0,0,0,0,0,1,0,0,0,8,4
1.0,0.0,31265,0,0,0,0,294,0,0,0,0,0,0,1,0,0,0,0,0,0,0,0,0,1,0,0,0,4,83
1.0,0.0,31265,0,0,0,0,285,0,0,0,0,0,0,1,0,0,0,0,0,0,0,0,0,1,0,0,0,5,4
1.0,0.0,31265,0,0,0,0,285,0,0,0,0,0,0,1,0,0,0,0,0,0,0,0,0,1,0,0,0,6,4
1.0,0.0,31265,0,0,0,0,285,0,0,0,0,0,0,1,0,0,0,0,0,0,0,0,0,1,0,0,0,7,4
1.0,0.0,31265,0,0,0,0,285,0,0,0,0,0,0,1,0,0,0,0,0,0,0,0,0,1,0,0,0,8,4
1.0,0.0,31265,0,0,0,0,294,0,0,0,0,0,0,1,0,0,0,0,0,0,0,0,0,1,0,0,0,4,83
1.0,0.0,31265,0,0,0,0,285,0,0,0,0,0,0,1,0,0,0,0,0,0,0,0,0,1,0,0,0,5,4
1.0,0.0,31265,0,0,0,0,285,0,0,0,0,0,0,1,0,0,0,0,0,0,0,0,0,1,0,0,0,6,4
1.0,0.0,31265,0,0,0,0,285,0,0,0,0,0,0,1,0,0,0,0,0,0,0,0,0,1,0,0,0,7,4
1.0,0.0,31265,0,0,0,0,285,0,0,0,0,0,0,1,0,0,0,0,0,0,0,0,0,1,0,0,0,8,4
1.0,0.0,31265,0,0,0,0,294,0,0,0,0,0,0,1,0,0,0,0,0,0,0,0,0,1,0,0,0,4,83
1.0,0.0,31265,0,0,0,0,285,0,0,0,0,0,0,1,0,0,0,0,0,0,0,0,0,1,0,0,0,5,4
1.0,0.0,31265,0,0,0,0,285,0,0,0,0,0,0,1,0,0,0,0,0,0,0,0,0,1,0,0,0,6,4
1.0,0.0,31265,0,0,0,0,285,0,0,0,0,0,0,1,0,0,0,0,0,0,0,0,0,1,0,0,0,7,4
1.0,0.0,31265,0,0,0,0,285,0,0,0,0,0,0,1,0,0,0,0,0,0,0,0,0,1,0,0,0,8,4
1.0,0.0,31265,0,0,0,0,296,0,0,0,0,0,0,1,0,0,0,0,0,0,0,0,0,1,0,0,0,4,83
1.0,0.0,31265,0,0,0,0,287,0,0,0,0,0,0,1,0,0,0,0,0,0,0,0,0,1,0,0,0,6,4
1.0,0.0,31265,0,0,0,0,285,0,0,0,0,0,0,1,0,0,0,0,0,0,0,0,0,1,0,0,0,11,4
1.0,0.0,31265,0,0,0,0,296,0,0,0,0,0,0,1,0,0,0,0,0,0,0,0,0,1,0,0,0,4,83
1.0,0.0,31265,0,0,0,0,287,0,0,0,0,0,0,1,0,0,0,0,0,0,0,0,0,1,0,0,0,6,4
1.0,0.0,31265,0,0,0,0,285,0,0,0,0,0,0,1,0,0,0,0,0,0,0,0,0,1,0,0,0,11,4
1.0,0.0,31265,0,0,0,0,285,0,0,0,0,0,0,1,0,0,0,0,0,0,0,0,0,1,0,0,0,8,4
1.0,0.0,31265,0,0,0,0,296,0,0,0,0,0,0,1,0,0,0,0,0,0,0,0,0,1,0,0,0,4,83
1.0,0.0,31265,0,0,0,0,287,0,0,0,0,0,0,1,0,0,0,0,0,0,0,0,0,1,0,0,0,6,4
1.0,0.0,31265,0,0,0,0,285,0,0,0,0,0,0,1,0,0,0,0,0,0,0,0,0,1,0,0,0,11,4
1.0,0.0,31265,0,0,0,0,296,0,0,0,0,0,0,1,0,0,0,0,0,0,0,0,0,1,0,0,0,4,83
1.0,0.0,31265,0,0,0,0,287,0,0,0,0,0,0,1,0,0,0,0,0,0,0,0,0,1,0,0,0,6,4
1.0,0.0,31265,0,0,0,0,285,0,0,0,0,0,0,1,0,0,0,0,0,0,0,0,0,1,0,0,0,11,4
1.0,0.0,31265,0,0,0,0,285,0,0,0,0,0,0,1,0,0,0,0,0,0,0,0,0,1,0,0,0,8,4
1.0,0.0,0,0,0,0,0,16,0,0,0,0,0,0,1,0,0,0,0,0,0,0,0,0,1,0,0,0,1,3
1.0,0.0,0,0,0,0,0,16,0,0,0,0,0,0,1,0,0,0,0,0,0,0,0,0,1,0,0,0,2,3
1.0,0.0,0,12288,0,0,0,16,0,0,0,0,0,0,1,0,0,0,0,0,0,0,0,0,1,0,0,0,3,3
1.0,0.0,0,0,0,0,0,38,0,0,0,0,0,0,1,0,0,0,0,0,0,0,0,0,1,0,0,0,3,89
1.0,0.0,0,0,0,0,0,28,0,0,0,0,0,0,1,0,0,0,0,0,0,0,0,0,1,0,0,0,35,3
1.0,0.0,0,0,0,0,0,28,0,0,0,0,0,0,1,0,0,0,0,0,0,0,0,0,1,0,0,0,58,3
1.0,0.0,0,0,0,0,0,21,0,0,0,0,0,0,1,0,0,0,0,0,0,0,0,0,1,0,0,0,6,3
1.0,0.0,0,0,0,0,0,16,0,0,0,0,0,0,1,0,0,0,0,0,0,0,0,0,1,0,0,0,11,3
1.0,0.0,0,0,0,0,0,20,0,0,0,0,0,0,1,0,0,0,0,0,0,0,0,0,1,0,0,0,1,3
1.0,0.0,0,0,0,0,0,18,0,0,0,0,0,0,1,0,0,0,0,0,0,0,0,0,1,0,0,0,1,3
1.0,0.0,0,0,0,0,0,22,0,0,0,0,0,0,1,0,0,0,0,0,0,0,0,0,1,0,0,0,29,3
1.0,0.0,0,0,0,0,0,16,0,0,0,0,0,0,1,0,0,0,0,0,0,0,0,0,1,0,0,0,59,3
1.0,0.0,0,0,0,0,0,16,0,0,0,0,0,0,1,0,0,0,0,0,0,0,0,0,1,0,0,0,2,3
1.0,0.0,0,12288,0,0,0,16,0,0,0,0,0,0,1,0,0,0,0,0,0,0,0,0,1,0,0,0,3,3
1.0,0.0,0,0,0,0,0,16,0,0,0,0,0,0,1,0,0,0,0,0,0,0,0,0,1,0,0,0,1,3
1.0,0.0,0,0,0,0,0,16,0,0,0,0,0,0,1,0,0,0,0,0,0,0,0,0,1,0,0,0,2,3
1.0,0.0,0,12288,0,0,0,16,0,0,0,0,0,0,1,0,0,0,0,0,0,0,0,0,1,0,0,0,3,3
1.0,0.0,0,0,0,0,0,16,0,0,0,0,0,0,1,0,0,0,0,0,0,0,0,0,1,0,0,0,1,3
1.0,0.0,0,0,0,0,0,16,0,0,0,0,0,0,1,0,0,0,0,0,0,0,0,0,1,0,0,0,2,3
1.0,0.0,0,12288,0,0,0,16,0,0,0,0,0,0,1,0,0,0,0,0,0,0,0,0,1,0,0,0,3,3
1.0,10.0,31265,0,0,0,0,294,0,0,0,0,0,0,1,0,0,0,0,0,0,0,0,0,1,0,0,0,4,83
1.0,0.0,31265,0,0,0,0,285,0,0,0,0,0,0,1,0,0,0,0,0,0,0,0,0,1,0,0,0,5,4
1.0,0.0,31265,0,0,0,0,285,0,0,0,0,0,0,1,0,0,0,0,0,0,0,0,0,1,0,0,0,6,4
1.0,0.0,31265,0,0,0,0,285,0,0,0,0,0,0,1,0,0,0,0,0,0,0,0,0,1,0,0,0,7,4
1.0,0.0,31265,0,0,0,0,285,0,0,0,0,0,0,1,0,0,0,0,0,0,0,0,0,1,0,0,0,8,4
1.0,0.0,31265,0,0,0,0,294,0,0,0,0,0,0,1,0,0,0,0,0,0,0,0,0,1,0,0,0,4,83
1.0,0.0,31265,0,0,0,0,285,0,0,0,0,0,0,1,0,0,0,0,0,0,0,0,0,1,0,0,0,5,4
1.0,0.0,31265,0,0,0,0,285,0,0,0,0,0,0,1,0,0,0,0,0,0,0,0,0,1,0,0,0,6,4
1.0,0.0,31265,0,0,0,0,285,0,0,0,0,0,0,1,0,0,0,0,0,0,0,0,0,1,0,0,0,7,4
1.0,0.0,31265,0,0,0,0,285,0,0,0,0,0,0,1,0,0,0,0,0,0,0,0,0,1,0,0,0,8,4
1.0,0.0,31265,0,0,0,0,294,0,0,0,0,0,0,1,0,0,0,0,0,0,0,0,0,1,0,0,0,4,83
1.0,0.0,31265,0,0,0,0,285,0,0,0,0,0,0,1,0,0,0,0,0,0,0,0,0,1,0,0,0,5,4
1.0,0.0,31265,0,0,0,0,285,0,0,0,0,0,0,1,0,0,0,0,0,0,0,0,0,1,0,0,0,6,4
1.0,0.0,31265,0,0,0,0,285,0,0,0,0,0,0,1,0,0,0,0,0,0,0,0,0,1,0,0,0,7,4
1.0,0.0,31265,0,0,0,0,285,0,0,0,0,0,0,1,0,0,0,0,0,0,0,0,0,1,0,0,0,8,4
1.0,0.0,31265,0,0,0,0,294,0,0,0,0,0,0,1,0,0,0,0,0,0,0,0,0,1,0,0,0,4,83
1.0,0.0,31265,0,0,0,0,285,0,0,0,0,0,0,1,0,0,0,0,0,0,0,0,0,1,0,0,0,5,4
1.0,0.0,31265,0,0,0,0,285,0,0,0,0,0,0,1,0,0,0,0,0,0,0,0,0,1,0,0,0,6,4
1.0,0.0,31265,0,0,0,0,285,0,0,0,0,0,0,1,0,0,0,0,0,0,0,0,0,1,0,0,0,7,4
1.0,0.0,31265,0,0,0,0,285,0,0,0,0,0,0,1,0,0,0,0,0,0,0,0,0,1,0,0,0,8,4
1.0,0.0,31265,0,0,0,0,294,0,0,0,0,0,0,1,0,0,0,0,0,0,0,0,0,1,0,0,0,4,83
1.0,0.0,31265,0,0,0,0,285,0,0,0,0,0,0,1,0,0,0,0,0,0,0,0,0,1,0,0,0,5,4
1.0,0.0,31265,0,0,0,0,285,0,0,0,0,0,0,1,0,0,0,0,0,0,0,0,0,1,0,0,0,6,4
1.0,0.0,31265,0,0,0,0,285,0,0,0,0,0,0,1,0,0,0,0,0,0,0,0,0,1,0,0,0,7,4
1.0,0.0,31265,0,0,0,0,285,0,0,0,0,0,0,1,0,0,0,0,0,0,0,0,0,1,0,0,0,8,4
1.0,0.0,31265,0,0,0,0,294,0,0,0,0,0,0,1,0,0,0,0,0,0,0,0,0,1,0,0,0,4,83
1.0,0.0,31265,0,0,0,0,285,0,0,0,0,0,0,1,0,0,0,0,0,0,0,0,0,1,0,0,0,5,4
1.0,0.0,31265,0,0,0,0,285,0,0,0,0,0,0,1,0,0,0,0,0,0,0,0,0,1,0,0,0,6,4
1.0,0.0,31265,0,0,0,0,285,0,0,0,0,0,0,1,0,0,0,0,0,0,0,0,0,1,0,0,0,7,4
1.0,0.0,31265,0,0,0,0,285,0,0,0,0,0,0,1,0,0,0,0,0,0,0,0,0,1,0,0,0,8,4
1.0,0.0,31265,0,0,0,0,285,0,0,0,0,0,0,1,0,0,0,0,0,0,0,0,0,1,0,0,0,9,4
1.0,0.0,31265,0,0,0,0,294,0,0,0,0,0,0,1,0,0,0,0,0,0,0,0,0,1,0,0,0,4,83
1.0,0.0,31265,0,0,0,0,285,0,0,0,0,0,0,1,0,0,0,0,0,0,0,0,0,1,0,0,0,5,4
1.0,0.0,31265,0,0,0,0,285,0,0,0,0,0,0,1,0,0,0,0,0,0,0,0,0,1,0,0,0,6,4
1.0,0.0,31265,0,0,0,0,285,0,0,0,0,0,0,1,0,0,0,0,0,0,0,0,0,1,0,0,0,7,4
1.0,0.0,31265,0,0,0,0,285,0,0,0,0,0,0,1,0,0,0,0,0,0,0,0,0,1,0,0,0,8,4
1.0,0.0,31265,0,0,0,0,294,0,0,0,0,0,0,1,0,0,0,0,0,0,0,0,0,1,0,0,0,4,83
1.0,0.0,31265,0,0,0,0,285,0,0,0,0,0,0,1,0,0,0,0,0,0,0,0,0,1,0,0,0,5,4
1.0,0.0,31265,0,0,0,0,285,0,0,0,0,0,0,1,0,0,0,0,0,0,0,0,0,1,0,0,0,6,4
1.0,0.0,31265,0,0,0,0,285,0,0,0,0,0,0,1,0,0,0,0,0,0,0,0,0,1,0,0,0,7,4
1.0,0.0,31265,0,0,0,0,285,0,0,0,0,0,0,1,0,0,0,0,0,0,0,0,0,1,0,0,0,8,4
1.0,0.0,31265,0,0,0,0,285,0,0,0,0,0,0,1,0,0,0,0,0,0,0,0,0,1,0,0,0,9,4
1.0,0.0,31265,0,0,0,0,294,0,0,0,0,0,0,1,0,0,0,0,0,0,0,0,0,1,0,0,0,4,83
1.0,0.0,31265,0,0,0,0,285,0,0,0,0,0,0,1,0,0,0,0,0,0,0,0,0,1,0,0,0,5,4
1.0,0.0,31265,0,0,0,0,285,0,0,0,0,0,0,1,0,0,0,0,0,0,0,0,0,1,0,0,0,6,4
1.0,0.0,31265,0,0,0,0,285,0,0,0,0,0,0,1,0,0,0,0,0,0,0,0,0,1,0,0,0,7,4
1.0,0.0,31265,0,0,0,0,285,0,0,0,0,0,0,1,0,0,0,0,0,0,0,0,0,1,0,0,0,8,4
1.0,0.0,31265,0,0,0,0,285,0,0,0,0,0,0,1,0,0,0,0,0,0,0,0,0,1,0,0,0,9,4
1.0,0.0,31265,0,0,0,0,294,0,0,0,0,0,0,1,0,0,0,0,0,0,0,0,0,1,0,0,0,4,83
1.0,0.0,31265,0,0,0,0,285,0,0,0,0,0,0,1,0,0,0,0,0,0,0,0,0,1,0,0,0,5,4
1.0,0.0,31265,0,0,0,0,285,0,0,0,0,0,0,1,0,0,0,0,0,0,0,0,0,1,0,0,0,6,4
1.0,0.0,31265,0,0,0,0,285,0,0,0,0,0,0,1,0,0,0,0,0,0,0,0,0,1,0,0,0,7,4
1.0,0.0,31265,0,0,0,0,285,0,0,0,0,0,0,1,0,0,0,0,0,0,0,0,0,1,0,0,0,8,4
1.0,0.0,31265,0,0,0,0,285,0,0,0,0,0,0,1,0,0,0,0,0,0,0,0,0,1,0,0,0,9,4
1.0,0.0,31265,0,0,0,0,294,0,0,0,0,0,0,1,0,0,0,0,0,0,0,0,0,1,0,0,0,4,83
1.0,0.0,31265,0,0,0,0,285,0,0,0,0,0,0,1,0,0,0,0,0,0,0,0,0,1,0,0,0,5,4
1.0,0.0,31265,0,0,0,0,285,0,0,0,0,0,0,1,0,0,0,0,0,0,0,0,0,1,0,0,0,6,4
1.0,0.0,31265,0,0,0,0,285,0,0,0,0,0,0,1,0,0,0,0,0,0,0,0,0,1,0,0,0,7,4
1.0,0.0,31265,0,0,0,0,285,0,0,0,0,0,0,1,0,0,0,0,0,0,0,0,0,1,0,0,0,8,4
1.0,0.0,31265,0,0,0,0,285,0,0,0,0,0,0,1,0,0,0,0,0,0,0,0,0,1,0,0,0,9,4
1.0,0.0,31265,0,0,0,0,294,0,0,0,0,0,0,1,0,0,0,0,0,0,0,0,0,1,0,0,0,4,83
1.0,0.0,31265,0,0,0,0,285,0,0,0,0,0,0,1,0,0,0,0,0,0,0,0,0,1,0,0,0,5,4
1.0,0.0,31265,0,0,0,0,285,0,0,0,0,0,0,1,0,0,0,0,0,0,0,0,0,1,0,0,0,6,4
1.0,0.0,31265,0,0,0,0,285,0,0,0,0,0,0,1,0,0,0,0,0,0,0,0,0,1,0,0,0,7,4
1.0,0.0,31265,0,0,0,0,285,0,0,0,0,0,0,1,0,0,0,0,0,0,0,0,0,1,0,0,0,8,4
1.0,0.0,31265,0,0,0,0,294,0,0,0,0,0,0,1,0,0,0,0,0,0,0,0,0,1,0,0,0,4,83
1.0,0.0,31265,0,0,0,0,285,0,0,0,0,0,0,1,0,0,0,0,0,0,0,0,0,1,0,0,0,5,4
1.0,0.0,31265,0,0,0,0,285,0,0,0,0,0,0,1,0,0,0,0,0,0,0,0,0,1,0,0,0,6,4
1.0,0.0,31265,0,0,0,0,285,0,0,0,0,0,0,1,0,0,0,0,0,0,0,0,0,1,0,0,0,7,4
1.0,0.0,31265,0,0,0,0,285,0,0,0,0,0,0,1,0,0,0,0,0,0,0,0,0,1,0,0,0,8,4
1.0,0.0,31265,0,0,0,0,294,0,0,0,0,0,0,1,0,0,0,0,0,0,0,0,0,1,0,0,0,4,83
1.0,0.0,31265,0,0,0,0,285,0,0,0,0,0,0,1,0,0,0,0,0,0,0,0,0,1,0,0,0,5,4
1.0,0.0,31265,0,0,0,0,285,0,0,0,0,0,0,1,0,0,0,0,0,0,0,0,0,1,0,0,0,6,4
1.0,0.0,31265,0,0,0,0,285,0,0,0,0,0,0,1,0,0,0,0,0,0,0,0,0,1,0,0,0,7,4
1.0,0.0,31265,0,0,0,0,285,0,0,0,0,0,0,1,0,0,0,0,0,0,0,0,0,1,0,0,0,8,4
1.0,0.0,31265,0,0,0,0,294,0,0,0,0,0,0,1,0,0,0,0,0,0,0,0,0,1,0,0,0,4,83
1.0,0.0,31265,0,0,0,0,285,0,0,0,0,0,0,1,0,0,0,0,0,0,0,0,0,1,0,0,0,5,4
1.0,0.0,31265,0,0,0,0,285,0,0,0,0,0,0,1,0,0,0,0,0,0,0,0,0,1,0,0,0,6,4
1.0,0.0,31265,0,0,0,0,285,0,0,0,0,0,0,1,0,0,0,0,0,0,0,0,0,1,0,0,0,7,4
1.0,0.0,31265,0,0,0,0,285,0,0,0,0,0,0,1,0,0,0,0,0,0,0,0,0,1,0,0,0,8,4
1.0,0.0,31265,0,0,0,0,294,0,0,0,0,0,0,1,0,0,0,0,0,0,0,0,0,1,0,0,0,4,83
1.0,0.0,31265,0,0,0,0,285,0,0,0,0,0,0,1,0,0,0,0,0,0,0,0,0,1,0,0,0,5,4
1.0,0.0,31265,0,0,0,0,285,0,0,0,0,0,0,1,0,0,0,0,0,0,0,0,0,1,0,0,0,6,4
1.0,0.0,31265,0,0,0,0,285,0,0,0,0,0,0,1,0,0,0,0,0,0,0,0,0,1,0,0,0,7,4
1.0,0.0,31265,0,0,0,0,285,0,0,0,0,0,0,1,0,0,0,0,0,0,0,0,0,1,0,0,0,8,4
1.0,0.0,31265,0,0,0,0,296,0,0,0,0,0,0,1,0,0,0,0,0,0,0,0,0,1,0,0,0,4,83
1.0,0.0,31265,0,0,0,0,287,0,0,0,0,0,0,1,0,0,0,0,0,0,0,0,0,1,0,0,0,6,4
1.0,0.0,31265,0,0,0,0,285,0,0,0,0,0,0,1,0,0,0,0,0,0,0,0,0,1,0,0,0,11,4
1.0,0.0,31265,0,0,0,0,296,0,0,0,0,0,0,1,0,0,0,0,0,0,0,0,0,1,0,0,0,4,83
1.0,0.0,31265,0,0,0,0,287,0,0,0,0,0,0,1,0,0,0,0,0,0,0,0,0,1,0,0,0,6,4
1.0,0.0,31265,0,0,0,0,285,0,0,0,0,0,0,1,0,0,0,0,0,0,0,0,0,1,0,0,0,11,4
1.0,0.0,31265,0,0,0,0,285,0,0,0,0,0,0,1,0,0,0,0,0,0,0,0,0,1,0,0,0,8,4
1.0,0.0,31265,0,0,0,0,296,0,0,0,0,0,0,1,0,0,0,0,0,0,0,0,0,1,0,0,0,4,83
1.0,0.0,31265,0,0,0,0,287,0,0,0,0,0,0,1,0,0,0,0,0,0,0,0,0,1,0,0,0,6,4
1.0,0.0,31265,0,0,0,0,285,0,0,0,0,0,0,1,0,0,0,0,0,0,0,0,0,1,0,0,0,11,4
1.0,0.0,31265,0,0,0,0,296,0,0,0,0,0,0,1,0,0,0,0,0,0,0,0,0,1,0,0,0,4,83
1.0,0.0,31265,0,0,0,0,287,0,0,0,0,0,0,1,0,0,0,0,0,0,0,0,0,1,0,0,0,6,4
1.0,0.0,31265,0,0,0,0,285,0,0,0,0,0,0,1,0,0,0,0,0,0,0,0,0,1,0,0,0,11,4
1.0,0.0,31265,0,0,0,0,285,0,0,0,0,0,0,1,0,0,0,0,0,0,0,0,0,1,0,0,0,8,4
1.0,0.0,0,0,0,0,0,16,0,0,0,0,0,0,1,0,0,0,0,0,0,0,0,0,1,0,0,0,1,3
1.0,0.0,0,0,0,0,0,16,0,0,0,0,0,0,1,0,0,0,0,0,0,0,0,0,1,0,0,0,2,3
1.0,0.0,0,12288,0,0,0,16,0,0,0,0,0,0,1,0,0,0,0,0,0,0,0,0,1,0,0,0,3,3
1.0,0.0,0,0,0,0,0,21,0,0,0,0,0,0,1,0,0,0,0,0,0,0,0,0,1,0,0,0,8,84
1.0,0.0,0,0,0,0,0,16,0,0,0,0,0,0,1,0,0,0,0,0,0,0,0,0,1,0,0,0,1,3
1.0,0.0,0,0,0,0,0,16,0,0,0,0,0,0,1,0,0,0,0,0,0,0,0,0,1,0,0,0,2,3
1.0,0.0,0,12288,0,0,0,16,0,0,0,0,0,0,1,0,0,0,0,0,0,0,0,0,1,0,0,0,3,3
1.0,0.0,0,0,0,0,0,16,0,0,0,0,0,0,1,0,0,0,0,0,0,0,0,0,1,0,0,0,1,3
1.0,0.0,0,0,0,0,0,16,0,0,0,0,0,0,1,0,0,0,0,0,0,0,0,0,1,0,0,0,2,3
1.0,0.0,0,12288,0,0,0,16,0,0,0,0,0,0,1,0,0,0,0,0,0,0,0,0,1,0,0,0,3,3
1.0,0.0,0,0,0,0,0,16,0,0,0,0,0,0,1,0,0,0,0,0,0,0,0,0,1,0,0,0,1,3
1.0,0.0,0,0,0,0,0,16,0,0,0,0,0,0,1,0,0,0,0,0,0,0,0,0,1,0,0,0,2,3
1.0,0.0,0,12288,0,0,0,16,0,0,0,0,0,0,1,0,0,0,0,0,0,0,0,0,1,0,0,0,3,3
1.0,0.0,0,0,0,0,0,16,0,0,0,0,0,0,1,0,0,0,0,0,0,0,0,0,1,0,0,0,1,3
1.0,0.0,0,0,0,0,0,16,0,0,0,0,0,0,1,0,0,0,0,0,0,0,0,0,1,0,0,0,1,3
1.0,0.0,0,0,0,0,0,16,0,0,0,0,0,0,1,0,0,0,0,0,0,0,0,0,1,0,0,0,10,3
1.0,0.0,0,0,0,0,0,16,0,0,0,0,0,0,1,0,0,0,0,0,0,0,0,0,1,0,0,0,1,3
1.0,0.0,0,0,0,0,0,16,0,0,0,0,0,0,1,0,0,0,0,0,0,0,0,0,1,0,0,0,2,3
1.0,0.0,0,12288,0,0,0,16,0,0,0,0,0,0,1,0,0,0,0,0,0,0,0,0,1,0,0,0,3,3
1.0,0.0,31265,0,0,0,0,294,0,0,0,0,0,0,1,0,0,0,0,0,0,0,0,0,1,0,0,0,4,83
1.0,0.0,31265,0,0,0,0,285,0,0,0,0,0,0,1,0,0,0,0,0,0,0,0,0,1,0,0,0,5,4
1.0,0.0,31265,0,0,0,0,285,0,0,0,0,0,0,1,0,0,0,0,0,0,0,0,0,1,0,0,0,6,4
1.0,0.0,31265,0,0,0,0,285,0,0,0,0,0,0,1,0,0,0,0,0,0,0,0,0,1,0,0,0,7,4
1.0,0.0,31265,0,0,0,0,285,0,0,0,0,0,0,1,0,0,0,0,0,0,0,0,0,1,0,0,0,8,4
1.0,0.0,31265,0,0,0,0,294,0,0,0,0,0,0,1,0,0,0,0,0,0,0,0,0,1,0,0,0,4,83
1.0,0.0,31265,0,0,0,0,285,0,0,0,0,0,0,1,0,0,0,0,0,0,0,0,0,1,0,0,0,5,4
1.0,0.0,31265,0,0,0,0,285,0,0,0,0,0,0,1,0,0,0,0,0,0,0,0,0,1,0,0,0,6,4
1.0,0.0,31265,0,0,0,0,285,0,0,0,0,0,0,1,0,0,0,0,0,0,0,0,0,1,0,0,0,7,4
1.0,0.0,31265,0,0,0,0,285,0,0,0,0,0,0,1,0,0,0,0,0,0,0,0,0,1,0,0,0,8,4
1.0,0.0,31265,0,0,0,0,294,0,0,0,0,0,0,1,0,0,0,0,0,0,0,0,0,1,0,0,0,4,83
1.0,0.0,31265,0,0,0,0,285,0,0,0,0,0,0,1,0,0,0,0,0,0,0,0,0,1,0,0,0,5,4
1.0,0.0,31265,0,0,0,0,285,0,0,0,0,0,0,1,0,0,0,0,0,0,0,0,0,1,0,0,0,6,4
1.0,0.0,31265,0,0,0,0,285,0,0,0,0,0,0,1,0,0,0,0,0,0,0,0,0,1,0,0,0,7,4
1.0,0.0,31265,0,0,0,0,285,0,0,0,0,0,0,1,0,0,0,0,0,0,0,0,0,1,0,0,0,8,4
1.0,0.0,31265,0,0,0,0,294,0,0,0,0,0,0,1,0,0,0,0,0,0,0,0,0,1,0,0,0,4,83
1.0,0.0,31265,0,0,0,0,285,0,0,0,0,0,0,1,0,0,0,0,0,0,0,0,0,1,0,0,0,5,4
1.0,0.0,31265,0,0,0,0,285,0,0,0,0,0,0,1,0,0,0,0,0,0,0,0,0,1,0,0,0,6,4
1.0,0.0,31265,0,0,0,0,285,0,0,0,0,0,0,1,0,0,0,0,0,0,0,0,0,1,0,0,0,7,4
1.0,0.0,31265,0,0,0,0,285,0,0,0,0,0,0,1,0,0,0,0,0,0,0,0,0,1,0,0,0,8,4
1.0,0.0,31265,0,0,0,0,294,0,0,0,0,0,0,1,0,0,0,0,0,0,0,0,0,1,0,0,0,4,83
1.0,0.0,31265,0,0,0,0,285,0,0,0,0,0,0,1,0,0,0,0,0,0,0,0,0,1,0,0,0,5,4
1.0,0.0,31265,0,0,0,0,285,0,0,0,0,0,0,1,0,0,0,0,0,0,0,0,0,1,0,0,0,6,4
1.0,0.0,31265,0,0,0,0,285,0,0,0,0,0,0,1,0,0,0,0,0,0,0,0,0,1,0,0,0,7,4
1.0,0.0,31265,0,0,0,0,285,0,0,0,0,0,0,1,0,0,0,0,0,0,0,0,0,1,0,0,0,8,4
1.0,0.0,31265,0,0,0,0,294,0,0,0,0,0,0,1,0,0,0,0,0,0,0,0,0,1,0,0,0,4,83
1.0,0.0,31265,0,0,0,0,285,0,0,0,0,0,0,1,0,0,0,0,0,0,0,0,0,1,0,0,0,5,4
1.0,0.0,31265,0,0,0,0,285,0,0,0,0,0,0,1,0,0,0,0,0,0,0,0,0,1,0,0,0,6,4
1.0,0.0,31265,0,0,0,0,285,0,0,0,0,0,0,1,0,0,0,0,0,0,0,0,0,1,0,0,0,7,4
1.0,0.0,31265,0,0,0,0,285,0,0,0,0,0,0,1,0,0,0,0,0,0,0,0,0,1,0,0,0,8,4
1.0,0.0,31265,0,0,0,0,285,0,0,0,0,0,0,1,0,0,0,0,0,0,0,0,0,1,0,0,0,9,4
1.0,0.0,31265,0,0,0,0,294,0,0,0,0,0,0,1,0,0,0,0,0,0,0,0,0,1,0,0,0,4,83
1.0,0.0,31265,0,0,0,0,285,0,0,0,0,0,0,1,0,0,0,0,0,0,0,0,0,1,0,0,0,5,4
1.0,0.0,31265,0,0,0,0,285,0,0,0,0,0,0,1,0,0,0,0,0,0,0,0,0,1,0,0,0,6,4
1.0,0.0,31265,0,0,0,0,285,0,0,0,0,0,0,1,0,0,0,0,0,0,0,0,0,1,0,0,0,7,4
1.0,0.0,31265,0,0,0,0,285,0,0,0,0,0,0,1,0,0,0,0,0,0,0,0,0,1,0,0,0,8,4
1.0,0.0,31265,0,0,0,0,294,0,0,0,0,0,0,1,0,0,0,0,0,0,0,0,0,1,0,0,0,4,83
1.0,0.0,31265,0,0,0,0,285,0,0,0,0,0,0,1,0,0,0,0,0,0,0,0,0,1,0,0,0,5,4
1.0,0.0,31265,0,0,0,0,285,0,0,0,0,0,0,1,0,0,0,0,0,0,0,0,0,1,0,0,0,6,4
1.0,0.0,31265,0,0,0,0,285,0,0,0,0,0,0,1,0,0,0,0,0,0,0,0,0,1,0,0,0,7,4
1.0,0.0,31265,0,0,0,0,285,0,0,0,0,0,0,1,0,0,0,0,0,0,0,0,0,1,0,0,0,8,4
1.0,0.0,31265,0,0,0,0,285,0,0,0,0,0,0,1,0,0,0,0,0,0,0,0,0,1,0,0,0,9,4
1.0,0.0,31265,0,0,0,0,294,0,0,0,0,0,0,1,0,0,0,0,0,0,0,0,0,1,0,0,0,4,83
1.0,0.0,31265,0,0,0,0,285,0,0,0,0,0,0,1,0,0,0,0,0,0,0,0,0,1,0,0,0,5,4
1.0,0.0,31265,0,0,0,0,285,0,0,0,0,0,0,1,0,0,0,0,0,0,0,0,0,1,0,0,0,6,4
1.0,0.0,31265,0,0,0,0,285,0,0,0,0,0,0,1,0,0,0,0,0,0,0,0,0,1,0,0,0,7,4
1.0,0.0,31265,0,0,0,0,285,0,0,0,0,0,0,1,0,0,0,0,0,0,0,0,0,1,0,0,0,8,4
1.0,0.0,31265,0,0,0,0,285,0,0,0,0,0,0,1,0,0,0,0,0,0,0,0,0,1,0,0,0,9,4
1.0,0.0,31265,0,0,0,0,294,0,0,0,0,0,0,1,0,0,0,0,0,0,0,0,0,1,0,0,0,4,83
1.0,0.0,31265,0,0,0,0,285,0,0,0,0,0,0,1,0,0,0,0,0,0,0,0,0,1,0,0,0,5,4
1.0,0.0,31265,0,0,0,0,285,0,0,0,0,0,0,1,0,0,0,0,0,0,0,0,0,1,0,0,0,6,4
1.0,0.0,31265,0,0,0,0,285,0,0,0,0,0,0,1,0,0,0,0,0,0,0,0,0,1,0,0,0,7,4
1.0,0.0,31265,0,0,0,0,285,0,0,0,0,0,0,1,0,0,0,0,0,0,0,0,0,1,0,0,0,8,4
1.0,0.0,31265,0,0,0,0,285,0,0,0,0,0,0,1,0,0,0,0,0,0,0,0,0,1,0,0,0,9,4
1.0,0.0,31265,0,0,0,0,294,0,0,0,0,0,0,1,0,0,0,0,0,0,0,0,0,1,0,0,0,4,83
1.0,0.0,31265,0,0,0,0,285,0,0,0,0,0,0,1,0,0,0,0,0,0,0,0,0,1,0,0,0,5,4
1.0,0.0,31265,0,0,0,0,285,0,0,0,0,0,0,1,0,0,0,0,0,0,0,0,0,1,0,0,0,6,4
1.0,0.0,31265,0,0,0,0,285,0,0,0,0,0,0,1,0,0,0,0,0,0,0,0,0,1,0,0,0,7,4
1.0,0.0,31265,0,0,0,0,285,0,0,0,0,0,0,1,0,0,0,0,0,0,0,0,0,1,0,0,0,8,4
1.0,0.0,31265,0,0,0,0,285,0,0,0,0,0,0,1,0,0,0,0,0,0,0,0,0,1,0,0,0,9,4
1.0,0.0,31265,0,0,0,0,294,0,0,0,0,0,0,1,0,0,0,0,0,0,0,0,0,1,0,0,0,4,83
1.0,0.0,31265,0,0,0,0,285,0,0,0,0,0,0,1,0,0,0,0,0,0,0,0,0,1,0,0,0,5,4
1.0,0.0,31265,0,0,0,0,285,0,0,0,0,0,0,1,0,0,0,0,0,0,0,0,0,1,0,0,0,6,4
1.0,0.0,31265,0,0,0,0,285,0,0,0,0,0,0,1,0,0,0,0,0,0,0,0,0,1,0,0,0,7,4
1.0,0.0,31265,0,0,0,0,285,0,0,0,0,0,0,1,0,0,0,0,0,0,0,0,0,1,0,0,0,8,4
1.0,0.0,31265,0,0,0,0,294,0,0,0,0,0,0,1,0,0,0,0,0,0,0,0,0,1,0,0,0,4,83
1.0,0.0,31265,0,0,0,0,285,0,0,0,0,0,0,1,0,0,0,0,0,0,0,0,0,1,0,0,0,5,4
1.0,0.0,31265,0,0,0,0,285,0,0,0,0,0,0,1,0,0,0,0,0,0,0,0,0,1,0,0,0,6,4
1.0,0.0,31265,0,0,0,0,285,0,0,0,0,0,0,1,0,0,0,0,0,0,0,0,0,1,0,0,0,7,4
1.0,0.0,31265,0,0,0,0,285,0,0,0,0,0,0,1,0,0,0,0,0,0,0,0,0,1,0,0,0,8,4
1.0,0.0,31265,0,0,0,0,294,0,0,0,0,0,0,1,0,0,0,0,0,0,0,0,0,1,0,0,0,4,83
1.0,0.0,31265,0,0,0,0,285,0,0,0,0,0,0,1,0,0,0,0,0,0,0,0,0,1,0,0,0,5,4
1.0,0.0,31265,0,0,0,0,285,0,0,0,0,0,0,1,0,0,0,0,0,0,0,0,0,1,0,0,0,6,4
1.0,0.0,31265,0,0,0,0,285,0,0,0,0,0,0,1,0,0,0,0,0,0,0,0,0,1,0,0,0,7,4
1.0,0.0,31265,0,0,0,0,285,0,0,0,0,0,0,1,0,0,0,0,0,0,0,0,0,1,0,0,0,8,4
1.0,0.0,31265,0,0,0,0,294,0,0,0,0,0,0,1,0,0,0,0,0,0,0,0,0,1,0,0,0,4,83
1.0,0.0,31265,0,0,0,0,285,0,0,0,0,0,0,1,0,0,0,0,0,0,0,0,0,1,0,0,0,5,4
1.0,0.0,31265,0,0,0,0,285,0,0,0,0,0,0,1,0,0,0,0,0,0,0,0,0,1,0,0,0,6,4
1.0,0.0,31265,0,0,0,0,285,0,0,0,0,0,0,1,0,0,0,0,0,0,0,0,0,1,0,0,0,7,4
1.0,0.0,31265,0,0,0,0,285,0,0,0,0,0,0,1,0,0,0,0,0,0,0,0,0,1,0,0,0,8,4
1.0,0.0,31265,0,0,0,0,294,0,0,0,0,0,0,1,0,0,0,0,0,0,0,0,0,1,0,0,0,4,83
1.0,0.0,31265,0,0,0,0,285,0,0,0,0,0,0,1,0,0,0,0,0,0,0,0,0,1,0,0,0,5,4
1.0,0.0,31265,0,0,0,0,285,0,0,0,0,0,0,1,0,0,0,0,0,0,0,0,0,1,0,0,0,6,4
1.0,0.0,31265,0,0,0,0,285,0,0,0,0,0,0,1,0,0,0,0,0,0,0,0,0,1,0,0,0,7,4
1.0,0.0,31265,0,0,0,0,285,0,0,0,0,0,0,1,0,0,0,0,0,0,0,0,0,1,0,0,0,8,4
1.0,0.0,31265,0,0,0,0,296,0,0,0,0,0,0,1,0,0,0,0,0,0,0,0,0,1,0,0,0,4,83
1.0,0.0,31265,0,0,0,0,287,0,0,0,0,0,0,1,0,0,0,0,0,0,0,0,0,1,0,0,0,6,4
1.0,0.0,31265,0,0,0,0,285,0,0,0,0,0,0,1,0,0,0,0,0,0,0,0,0,1,0,0,0,11,4
1.0,0.0,31265,0,0,0,0,296,0,0,0,0,0,0,1,0,0,0,0,0,0,0,0,0,1,0,0,0,4,83
1.0,0.0,31265,0,0,0,0,287,0,0,0,0,0,0,1,0,0,0,0,0,0,0,0,0,1,0,0,0,6,4
1.0,0.0,31265,0,0,0,0,285,0,0,0,0,0,0,1,0,0,0,0,0,0,0,0,0,1,0,0,0,11,4
1.0,0.0,31265,0,0,0,0,285,0,0,0,0,0,0,1,0,0,0,0,0,0,0,0,0,1,0,0,0,8,4
1.0,0.0,31265,0,0,0,0,296,0,0,0,0,0,0,1,0,0,0,0,0,0,0,0,0,1,0,0,0,4,83
1.0,0.0,31265,0,0,0,0,287,0,0,0,0,0,0,1,0,0,0,0,0,0,0,0,0,1,0,0,0,6,4
1.0,0.0,31265,0,0,0,0,285,0,0,0,0,0,0,1,0,0,0,0,0,0,0,0,0,1,0,0,0,11,4
1.0,0.0,31265,0,0,0,0,296,0,0,0,0,0,0,1,0,0,0,0,0,0,0,0,0,1,0,0,0,4,83
1.0,0.0,31265,0,0,0,0,287,0,0,0,0,0,0,1,0,0,0,0,0,0,0,0,0,1,0,0,0,6,4
1.0,0.0,31265,0,0,0,0,285,0,0,0,0,0,0,1,0,0,0,0,0,0,0,0,0,1,0,0,0,11,4
1.0,0.0,31265,0,0,0,0,285,0,0,0,0,0,0,1,0,0,0,0,0,0,0,0,0,1,0,0,0,8,4
1.0,0.0,126551,0,0,2,0,21,0,0,0,0,0,0,1,0,0,0,0,0,0,0,0,0,1,0,0,0,63,23
1.0,0.0,0,0,0,0,0,19,0,0,0,0,0,0,1,0,0,0,0,0,0,0,0,0,1,0,0,0,12,12
1.0,0.0,-1,-1,-1,0,0,4,0,0,0,0,0,0,1,0,0,0,0,0,0,0,0,0,1,0,0,0,13,13
1.0,0.0,-1,-1,-1,0,0,4,0,0,0,0,0,0,1,0,0,0,0,0,0,0,0,0,1,0,0,0,13,13
1.0,0.0,-1,-1,-1,0,0,4,0,0,0,0,0,0,1,0,0,0,0,0,0,0,0,0,1,0,0,0,13,13
1.0,0.0,-1,-1,-1,0,0,4,0,0,0,0,0,0,1,0,0,0,0,0,0,0,0,0,1,0,0,0,13,13
1.0,0.0,-1,-1,-1,0,0,4,0,0,0,0,0,0,1,0,0,0,0,0,0,0,0,0,1,0,0,0,13,13
1.0,0.0,65534,0,0,0,0,19,0,0,0,0,0,0,1,0,0,0,0,0,0,0,0,0,1,0,0,0,14,12
1.0,0.0,-1,-1,-1,0,0,4,0,0,0,0,0,0,1,0,0,0,0,0,0,0,0,0,1,0,0,0,13,13
1.0,0.0,-1,-1,-1,0,0,4,0,0,0,0,0,0,1,0,0,0,0,0,0,0,0,0,1,0,0,0,13,13
1.0,0.0,0,0,0,0,0,16,0,0,0,0,0,0,1,0,0,0,0,0,0,0,0,0,1,0,0,0,1,3
1.0,0.0,0,0,0,0,0,16,0,0,0,0,0,0,1,0,0,0,0,0,0,0,0,0,1,0,0,0,1,3
1.0,0.0,0,0,0,0,0,16,0,0,0,0,0,0,1,0,0,0,0,0,0,0,0,0,1,0,0,0,10,3
1.0,0.0,-1,-1,-1,0,0,4,0,0,0,0,0,0,1,0,0,0,0,0,0,0,0,0,1,0,0,0,13,13
1.0,0.0,-1,-1,-1,0,0,4,0,0,0,0,0,0,1,0,0,0,0,0,0,0,0,0,1,0,0,0,13,13
1.0,0.0,-1,-1,-1,0,0,4,0,0,0,0,0,0,1,0,0,0,0,0,0,0,0,0,1,0,0,0,13,13
1.0,0.0,0,-1,5,0,0,10,0,0,0,0,0,0,1,0,0,0,0,0,0,0,0,0,1,0,0,0,12,12
1.0,0.0,-1,-1,-1,0,0,5,0,0,0,0,0,0,1,0,0,0,0,0,0,0,0,0,1,0,0,0,13,13
1.0,0.0,0,0,0,0,0,24,0,0,0,0,0,0,1,0,0,0,0,0,0,0,0,0,1,0,0,0,16,20
1.0,0.0,-1,-1,-1,0,0,5,0,0,0,0,0,0,1,0,0,0,0,0,0,0,0,0,1,0,0,0,13,13
1.0,0.0,0,-1,5,0,0,9,0,0,0,0,0,0,1,0,0,0,0,0,0,0,0,0,1,0,0,0,17,20
1.0,0.0,-1,-1,-1,0,0,5,0,0,0,0,0,0,1,0,0,0,0,0,0,0,0,0,1,0,0,0,13,13
1.0,0.0,12571,0,0,0,0,20,0,0,0,0,0,0,1,0,0,0,0,0,0,0,0,0,1,0,0,0,20,20
1.0,0.0,12571,0,0,0,0,28,0,0,0,0,0,0,1,0,0,0,0,0,0,0,0,0,1,0,0,0,21,85
1.0,0.0,12571,0,0,0,0,31,0,0,0,0,0,0,1,0,0,0,0,0,0,0,0,0,1,0,0,0,22,20
1.0,0.0,-1,-1,-1,0,0,5,0,0,0,0,0,0,1,0,0,0,0,0,0,0,0,0,1,0,0,0,13,13
1.0,0.0,-1,-1,-1,0,0,4,0,0,0,0,0,0,1,0,0,0,0,0,0,0,0,0,1,0,0,0,13,13
1.0,0.0,-1,-1,-1,0,0,4,0,0,0,0,0,0,1,0,0,0,0,0,0,0,0,0,1,0,0,0,13,13
1.0,0.0,-1,-1,-1,0,0,4,0,0,0,0,0,0,1,0,0,0,0,0,0,0,0,0,1,0,0,0,13,13
1.0,0.0,-1,-1,-1,0,0,4,0,0,0,0,0,0,1,0,0,0,0,0,0,0,0,0,1,0,0,0,13,13
1.0,0.0,-1,-1,-1,0,0,4,0,0,0,0,0,0,1,0,0,0,0,0,0,0,0,0,1,0,0,0,13,13
1.0,0.0,-1,-1,-1,0,0,4,0,0,0,0,0,0,1,0,0,0,0,0,0,0,0,0,1,0,0,0,13,13
1.0,0.0,-1,-1,-1,0,0,4,0,0,0,0,0,0,1,0,0,0,0,0,0,0,0,0,1,0,0,0,13,13
1.0,0.0,-1,-1,-1,0,0,4,0,0,0,0,0,0,1,0,0,0,0,0,0,0,0,0,1,0,0,0,13,13
1.0,0.0,12571,0,0,0,0,19,0,0,0,0,0,0,1,0,0,0,0,0,0,0,0,0,1,0,0,0,23,12
1.0,0.0,12571,0,0,0,0,22,0,0,0,0,0,0,1,0,0,0,0,0,0,0,0,0,1,0,0,0,24,23
1.0,0.0,12571,0,0,0,0,22,0,0,0,0,0,0,1,0,0,0,0,0,0,0,0,0,1,0,0,0,24,23
1.0,0.0,12571,0,0,0,0,31,0,0,0,0,0,0,1,0,0,0,0,0,0,0,0,0,1,0,0,0,25,23
1.0,0.0,12571,0,0,0,0,31,0,0,0,0,0,0,1,0,0,0,0,0,0,0,0,0,1,0,0,0,26,23
1.0,0.0,12571,0,0,0,0,16,0,0,0,0,0,0,1,0,0,0,0,0,0,0,0,0,1,0,0,0,27,23
1.0,0.0,12571,0,0,0,0,22,0,0,0,0,0,0,1,0,0,0,0,0,0,0,0,0,1,0,0,0,24,23
1.0,0.0,12571,0,0,0,0,28,0,0,0,0,0,0,1,0,0,0,0,0,0,0,0,0,1,0,0,0,28,23
1.0,0.0,12571,0,0,2,0,20,0,0,0,0,0,0,1,0,0,0,0,0,0,0,0,0,1,0,0,0,6,28
1.0,0.0,12571,0,0,0,0,28,0,0,0,0,0,0,1,0,0,0,0,0,0,0,0,0,1,0,0,0,28,23
1.0,0.0,12571,0,0,2,0,20,0,0,0,0,0,0,1,0,0,0,0,0,0,0,0,0,1,0,0,0,6,28
1.0,0.0,12571,0,0,0,0,28,0,0,0,0,0,0,1,0,0,0,0,0,0,0,0,0,1,0,0,0,28,23
1.0,0.0,12571,0,0,2,0,20,0,0,0,0,0,0,1,0,0,0,0,0,0,0,0,0,1,0,0,0,6,28
1.0,0.0,12571,0,0,0,0,20,0,0,0,0,0,0,1,0,0,0,0,0,0,0,0,0,1,0,0,0,29,23
1.0,0.0,12571,0,0,0,0,16,0,0,0,0,0,0,1,0,0,0,0,0,0,0,0,0,1,0,0,0,27,23
1.0,0.0,12571,0,0,2,0,31,0,0,0,0,0,0,1,0,0,0,0,0,0,0,0,0,1,0,0,0,29,23
1.0,0.0,12571,0,0,0,0,40,0,0,0,0,0,0,1,0,0,0,0,0,0,0,0,0,1,0,0,0,30,23
1.0,0.0,12571,0,0,0,0,16,0,0,0,0,0,0,1,0,0,0,0,0,0,0,0,0,1,0,0,0,27,23
1.0,0.0,12571,0,0,0,0,40,0,0,0,0,0,0,1,0,0,0,0,0,0,0,0,0,1,0,0,0,30,23
1.0,0.0,12571,0,0,0,0,40,0,0,0,0,0,0,1,0,0,0,0,0,0,0,0,0,1,0,0,0,30,23
1.0,0.0,12571,0,0,0,0,22,0,0,0,0,0,0,1,0,0,0,0,0,0,0,0,0,1,0,0,0,24,23
1.0,0.0,12571,0,0,0,0,25,0,0,0,0,0,0,1,0,0,0,0,0,0,0,0,0,1,0,0,0,31,23
1.0,0.0,12571,0,0,0,0,40,0,0,0,0,0,0,1,0,0,0,0,0,0,0,0,0,1,0,0,0,30,31
1.0,0.0,12571,0,0,0,0,16,0,0,0,0,0,0,1,0,0,0,0,0,0,0,0,0,1,0,0,0,27,31
1.0,0.0,12571,0,0,0,0,42,0,0,0,0,0,0,1,0,0,0,0,0,0,0,0,0,1,0,0,0,30,31
1.0,0.0,12571,0,0,0,0,57,0,0,0,0,0,0,1,0,0,0,0,0,0,0,0,0,1,0,0,0,32,31
1.0,0.0,-1,-1,-1,0,0,4,0,0,0,0,0,0,1,0,0,0,0,0,0,0,0,0,1,0,0,0,13,13
1.0,0.0,-1,-1,-1,0,0,4,0,0,0,0,0,0,1,0,0,0,0,0,0,0,0,0,1,0,0,0,13,13
1.0,0.0,-1,-1,-1,0,0,4,0,0,0,0,0,0,1,0,0,0,0,0,0,0,0,0,1,0,0,0,13,13
1.0,0.0,-1,-1,-1,0,0,4,0,0,0,0,0,0,1,0,0,0,0,0,0,0,0,0,1,0,0,0,13,13
1.0,0.0,-1,-1,-1,0,0,4,0,0,0,0,0,0,1,0,0,0,0,0,0,0,0,0,1,0,0,0,13,13
1.0,0.0,-1,-1,-1,0,0,4,0,0,0,0,0,0,1,0,0,0,0,0,0,0,0,0,1,0,0,0,13,13
1.0,0.0,-1,-1,-1,0,0,4,0,0,0,0,0,0,1,0,0,0,0,0,0,0,0,0,1,0,0,0,13,13
1.0,0.0,-1,-1,-1,0,0,4,0,0,0,0,0,0,1,0,0,0,0,0,0,0,0,0,1,0,0,0,13,13
1.0,0.0,-1,-1,-1,0,0,4,0,0,0,0,0,0,1,0,0,0,0,0,0,0,0,0,1,0,0,0,13,13
1.0,0.0,12571,0,0,0,0,23,0,0,0,0,0,0,1,0,0,0,0,0,0,0,0,0,1,0,0,0,22,20
1.0,0.0,-1,-1,-1,0,0,5,0,0,0,0,0,0,1,0,0,0,0,0,0,0,0,0,1,0,0,0,13,13
1.0,0.0,0,0,0,0,0,24,0,0,0,0,0,0,1,0,0,0,0,0,0,0,0,0,1,0,0,0,16,20
1.0,0.0,-1,-1,-1,0,0,5,0,0,0,0,0,0,1,0,0,0,0,0,0,0,0,0,1,0,0,0,13,13
1.0,0.0,126551,0,0,2,0,21,0,0,0,0,0,0,1,0,0,0,0,0,0,0,0,0,1,0,0,0,63,23
1.0,0.0,991,0,-2,0,0,15,0,0,0,0,0,0,1,0,0,0,0,0,0,0,0,0,1,0,0,0,64,64
1.0,0.0,991,0,-2,0,0,15,0,0,0,0,0,0,1,0,0,0,0,0,0,0,0,0,1,0,0,0,64,64
1.0,0.0,991,0,-2,0,0,14,0,0,0,0,0,0,1,0,0,0,0,0,0,0,0,0,1,0,0,0,64,64
1.0,0.0,0,0,0,0,0,19,0,0,0,0,0,0,1,0,0,0,0,0,0,0,0,0,1,0,0,0,65,64
1.0,0.0,-1,-1,-1,0,0,4,0,0,0,0,0,0,1,0,0,0,0,0,0,0,0,0,1,0,0,0,13,13
1.0,0.0,-1,-1,-1,0,0,8,0,0,0,0,0,0,1,0,0,0,0,0,0,0,0,0,1,0,0,0,13,13
1.0,0.0,-1,-1,-1,0,0,4,0,0,0,0,0,0,1,0,0,0,0,0,0,0,0,0,1,0,0,0,13,13
1.0,0.0,-1,-1,-1,0,0,4,0,0,0,0,0,0,1,0,0,0,0,0,0,0,0,0,1,0,0,0,13,13
1.0,0.0,0,0,0,0,0,25,0,0,0,0,0,0,1,0,0,0,0,0,0,0,0,0,1,0,0,0,66,65
1.0,0.0,0,0,0,0,0,77,0,0,0,0,0,0,1,0,0,0,0,0,0,0,0,0,1,0,0,0,9,65
1.0,0.0,-1,-1,-1,0,0,4,0,0,0,0,0,0,1,0,0,0,0,0,0,0,0,0,1,0,0,0,13,13
1.0,0.0,-1,-1,-1,0,0,4,0,0,0,0,0,0,1,0,0,0,0,0,0,0,0,0,1,0,0,0,13,13
1.0,0.0,0,0,0,1,0,32,0,0,0,0,0,0,1,0,0,0,0,0,0,0,0,0,1,0,0,0,4,34
1.0,0.0,0,0,0,1,0,33,0,0,0,0,0,0,1,0,0,0,0,0,0,0,0,0,1,0,0,0,67,34
1.0,0.0,0,0,0,1,0,27,0,0,0,0,0,0,1,0,0,0,0,0,0,0,0,0,1,0,0,0,68,67
1.0,0.0,-1,-1,-1,0,0,4,0,0,0,0,0,0,1,0,0,0,0,0,0,0,0,0,1,0,0,0,13,13
1.0,0.0,-1,-1,-1,0,0,4,0,0,0,0,0,0,1,0,0,0,0,0,0,0,0,0,1,0,0,0,13,13
1.0,0.0,12031,0,0,1,0,20,0,0,0,0,0,0,1,0,0,0,0,0,0,0,0,0,1,0,0,0,23,68
1.0,0.0,12031,0,0,1,0,26,0,0,0,0,0,0,1,0,0,0,0,0,0,0,0,0,1,0,0,0,69,68
1.0,0.0,12031,0,0,1,0,13,0,0,0,0,0,0,1,0,0,0,0,0,0,0,0,0,1,0,0,0,1,69
1.0,0.0,0,0,0,4,0,41,0,0,0,0,0,0,1,0,0,0,0,0,0,0,0,0,1,0,0,0,4,34
1.0,0.0,12031,0,0,1,0,13,0,0,0,0,0,0,1,0,0,0,0,0,0,0,0,0,1,0,0,0,70,69
1.0,0.0,12031,0,0,1,0,13,0,0,0,0,0,0,1,0,0,0,0,0,0,0,0,0,1,0,0,0,6,69
1.0,0.0,0,0,0,4,0,42,0,0,0,0,0,0,1,0,0,0,0,0,0,0,0,0,1,0,0,0,67,34
1.0,0.0,0,0,0,5,0,39,0,0,0,0,0,0,1,0,0,0,0,0,0,0,0,0,1,0,0,0,68,67
1.0,0.0,-1,-1,-1,0,0,4,0,0,0,0,0,0,1,0,0,0,0,0,0,0,0,0,1,0,0,0,13,13
1.0,0.0,-1,-1,-1,0,0,4,0,0,0,0,0,0,1,0,0,0,0,0,0,0,0,0,1,0,0,0,13,13
1.0,0.0,0,0,0,5,0,32,0,0,0,0,0,0,1,0,0,0,0,0,0,0,0,0,1,0,0,0,23,68
1.0,0.0,0,0,0,5,0,40,0,0,0,0,0,0,1,0,0,0,0,0,0,0,0,0,1,0,0,0,71,68
1.0,0.0,0,0,0,1,0,47,0,0,0,0,0,0,1,0,0,0,0,0,0,0,0,0,1,0,0,0,4,34
1.0,0.0,0,0,0,1,0,48,0,0,0,0,0,0,1,0,0,0,0,0,0,0,0,0,1,0,0,0,67,34
1.0,0.0,0,0,0,1,0,45,0,0,0,0,0,0,1,0,0,0,0,0,0,0,0,0,1,0,0,0,68,67
1.0,0.0,-1,-1,-1,0,0,4,0,0,0,0,0,0,1,0,0,0,0,0,0,0,0,0,1,0,0,0,13,13
1.0,0.0,-1,-1,-1,0,0,4,0,0,0,0,0,0,1,0,0,0,0,0,0,0,0,0,1,0,0,0,13,13
1.0,0.0,0,0,0,1,0,38,0,0,0,0,0,0,1,0,0,0,0,0,0,0,0,0,1,0,0,0,23,68
1.0,0.0,0,0,0,1,0,46,0,0,0,0,0,0,1,0,0,0,0,0,0,0,0,0,1,0,0,0,71,68
1.0,0.0,0,0,0,1,0,38,0,0,0,0,0,0,1,0,0,0,0,0,0,0,0,0,1,0,0,0,4,34
1.0,0.0,0,0,0,1,0,39,0,0,0,0,0,0,1,0,0,0,0,0,0,0,0,0,1,0,0,0,67,34
1.0,0.0,0,0,0,1,0,33,0,0,0,0,0,0,1,0,0,0,0,0,0,0,0,0,1,0,0,0,68,67
1.0,0.0,-1,-1,-1,0,0,4,0,0,0,0,0,0,1,0,0,0,0,0,0,0,0,0,1,0,0,0,13,13
1.0,0.0,-1,-1,-1,0,0,4,0,0,0,0,0,0,1,0,0,0,0,0,0,0,0,0,1,0,0,0,13,13
1.0,0.0,0,0,0,1,0,26,0,0,0,0,0,0,1,0,0,0,0,0,0,0,0,0,1,0,0,0,23,68
1.0,0.0,0,0,0,1,0,34,0,0,0,0,0,0,1,0,0,0,0,0,0,0,0,0,1,0,0,0,71,68
1.0,0.0,0,0,0,1,0,32,0,0,0,0,0,0,1,0,0,0,0,0,0,0,0,0,1,0,0,0,4,34
1.0,0.0,0,0,0,1,0,33,0,0,0,0,0,0,1,0,0,0,0,0,0,0,0,0,1,0,0,0,67,34
1.0,0.0,0,0,0,1,0,27,0,0,0,0,0,0,1,0,0,0,0,0,0,0,0,0,1,0,0,0,68,67
1.0,0.0,-1,-1,-1,0,0,4,0,0,0,0,0,0,1,0,0,0,0,0,0,0,0,0,1,0,0,0,13,13
1.0,0.0,-1,-1,-1,0,0,4,0,0,0,0,0,0,1,0,0,0,0,0,0,0,0,0,1,0,0,0,13,13
1.0,0.0,0,0,0,1,0,20,0,0,0,0,0,0,1,0,0,0,0,0,0,0,0,0,1,0,0,0,23,68
1.0,0.0,0,0,0,1,0,26,0,0,0,0,0,0,1,0,0,0,0,0,0,0,0,0,1,0,0,0,72,68
1.0,0.0,0,0,0,1,0,13,0,0,0,0,0,0,1,0,0,0,0,0,0,0,0,0,1,0,0,0,73,72
1.0,0.0,0,0,0,1,0,13,0,0,0,0,0,0,1,0,0,0,0,0,0,0,0,0,1,0,0,0,6,72
1.0,0.0,0,0,0,1,0,13,0,0,0,0,0,0,1,0,0,0,0,0,0,0,0,0,1,0,0,0,74,72
1.0,0.0,0,0,0,1,0,32,0,0,0,0,0,0,1,0,0,0,0,0,0,0,0,0,1,0,0,0,4,34
1.0,0.0,0,0,0,1,0,33,0,0,0,0,0,0,1,0,0,0,0,0,0,0,0,0,1,0,0,0,67,34
1.0,0.0,0,0,0,1,0,27,0,0,0,0,0,0,1,0,0,0,0,0,0,0,0,0,1,0,0,0,68,67
1.0,10.0,-1,-1,-1,0,0,4,0,0,0,0,0,0,1,0,0,0,0,0,0,0,0,0,1,0,0,0,13,13
1.0,0.0,-1,-1,-1,0,0,4,0,0,0,0,0,0,1,0,0,0,0,0,0,0,0,0,1,0,0,0,13,13
1.0,0.0,12031,0,0,1,0,20,0,0,0,0,0,0,1,0,0,0,0,0,0,0,0,0,1,0,0,0,23,68
1.0,0.0,12031,0,0,1,0,26,0,0,0,0,0,0,1,0,0,0,0,0,0,0,0,0,1,0,0,0,75,68
1.0,0.0,12031,0,0,1,0,13,0,0,0,0,0,0,1,0,0,0,0,0,0,0,0,0,1,0,0,0,76,75
1.0,0.0,12031,0,0,1,0,13,0,0,0,0,0,0,1,0,0,0,0,0,0,0,0,0,1,0,0,0,74,75
1.0,0.0,-1,-1,-1,0,0,4,0,0,0,0,0,0,1,0,0,0,0,0,0,0,0,0,1,0,0,0,13,13
1.0,0.0,-1,-1,-1,0,0,4,0,0,0,0,0,0,1,0,0,0,0,0,0,0,0,0,1,0,0,0,13,13
1.0,0.0,0,0,0,1,0,32,0,0,0,0,0,0,1,0,0,0,0,0,0,0,0,0,1,0,0,0,4,34
1.0,0.0,0,0,0,1,0,33,0,0,0,0,0,0,1,0,0,0,0,0,0,0,0,0,1,0,0,0,67,34
1.0,0.0,0,0,0,1,0,27,0,0,0,0,0,0,1,0,0,0,0,0,0,0,0,0,1,0,0,0,68,67
1.0,0.0,0,0,0,1,0,32,0,0,0,0,0,0,1,0,0,0,0,0,0,0,0,0,1,0,0,0,4,34
1.0,0.0,0,0,0,1,0,33,0,0,0,0,0,0,1,0,0,0,0,0,0,0,0,0,1,0,0,0,67,34
1.0,0.0,0,0,0,1,0,27,0,0,0,0,0,0,1,0,0,0,0,0,0,0,0,0,1,0,0,0,68,67
1.0,0.0,-1,-1,-1,0,0,4,0,0,0,0,0,0,1,0,0,0,0,0,0,0,0,0,1,0,0,0,13,13
1.0,0.0,-1,-1,-1,0,0,4,0,0,0,0,0,0,1,0,0,0,0,0,0,0,0,0,1,0,0,0,13,13
1.0,0.0,-1,-1,-1,0,0,4,0,0,0,0,0,0,1,0,0,0,0,0,0,0,0,0,1,0,0,0,13,13
1.0,0.0,-1,-1,-1,0,0,4,0,0,0,0,0,0,1,0,0,0,0,0,0,0,0,0,1,0,0,0,13,13
1.0,0.0,12031,0,0,1,0,20,0,0,0,0,0,0,1,0,0,0,0,0,0,0,0,0,1,0,0,0,23,68
1.0,0.0,0,0,0,1,0,20,0,0,0,0,0,0,1,0,0,0,0,0,0,0,0,0,1,0,0,0,23,68
1.0,0.0,12031,0,0,1,0,26,0,0,0,0,0,0,1,0,0,0,0,0,0,0,0,0,1,0,0,0,77,68
1.0,0.0,0,0,0,1,0,26,0,0,0,0,0,0,1,0,0,0,0,0,0,0,0,0,1,0,0,0,78,68
1.0,0.0,-1,-1,-1,0,0,4,0,0,0,0,0,0,1,0,0,0,0,0,0,0,0,0,1,0,0,0,13,13
1.0,0.0,-1,-1,-1,0,0,4,0,0,0,0,0,0,1,0,0,0,0,0,0,0,0,0,1,0,0,0,13,13
1.0,0.0,12031,0,0,1,0,19,0,0,0,0,0,0,1,0,0,0,0,0,0,0,0,0,1,0,0,0,79,77
1.0,0.0,12031,0,0,1,0,13,0,0,0,0,0,0,1,0,0,0,0,0,0,0,0,0,1,0,0,0,6,77
1.0,0.0,0,0,0,1,0,13,0,0,0,0,0,0,1,0,0,0,0,0,0,0,0,0,1,0,0,0,22,78
1.0,0.0,12031,0,0,1,0,13,0,0,0,0,0,0,1,0,0,0,0,0,0,0,0,0,1,0,0,0,11,77
1.0,0.0,12031,0,0,1,0,13,0,0,0,0,0,0,1,0,0,0,0,0,0,0,0,0,1,0,0,0,54,77
1.0,0.0,0,0,0,1,0,32,0,0,0,0,0,0,1,0,0,0,0,0,0,0,0,0,1,0,0,0,4,34
1.0,0.0,0,0,0,1,0,33,0,0,0,0,0,0,1,0,0,0,0,0,0,0,0,0,1,0,0,0,67,34
1.0,0.0,0,0,0,1,0,27,0,0,0,0,0,0,1,0,0,0,0,0,0,0,0,0,1,0,0,0,68,67
1.0,0.0,0,0,0,1,0,19,0,0,0,0,0,0,1,0,0,0,0,0,0,0,0,0,1,0,0,0,80,71
1.0,0.0,-1,-1,-1,0,0,4,0,0,0,0,0,0,1,0,0,0,0,0,0,0,0,0,1,0,0,0,13,13
1.0,0.0,0,0,0,1,0,13,0,0,0,0,0,0,1,0,0,0,0,0,0,0,0,0,1,0,0,0,22,78
1.0,0.0,0,0,0,1,0,13,0,0,0,0,0,0,1,0,0,0,0,0,0,0,0,0,1,0,0,0,6,78
1.0,0.0,0,0,0,1,0,13,0,0,0,0,0,0,1,0,0,0,0,0,0,0,0,0,1,0,0,0,6,78
1.0,0.0,-1,-1,-1,0,0,4,0,0,0,0,0,0,1,0,0,0,0,0,0,0,0,0,1,0,0,0,13,13
1.0,0.0,0,0,0,1,0,20,0,0,0,0,0,0,1,0,0,0,0,0,0,0,0,0,1,0,0,0,23,68
1.0,0.0,0,0,0,1,0,28,0,0,0,0,0,0,1,0,0,0,0,0,0,0,0,0,1,0,0,0,81,68
1.0,0.0,0,0,0,1,0,32,0,0,0,0,0,0,1,0,0,0,0,0,0,0,0,0,1,0,0,0,4,34
1.0,0.0,0,0,0,1,0,33,0,0,0,0,0,0,1,0,0,0,0,0,0,0,0,0,1,0,0,0,67,34
1.0,0.0,0,0,0,1,0,27,0,0,0,0,0,0,1,0,0,0,0,0,0,0,0,0,1,0,0,0,68,67
1.0,0.0,0,0,0,1,0,19,0,0,0,0,0,0,1,0,0,0,0,0,0,0,0,0,1,0,0,0,80,71
1.0,0.0,-1,-1,-1,0,0,4,0,0,0,0,0,0,1,0,0,0,0,0,0,0,0,0,1,0,0,0,13,13
1.0,0.0,-1,-1,-1,0,0,4,0,0,0,0,0,0,1,0,0,0,0,0,0,0,0,0,1,0,0,0,13,13
1.0,0.0,12031,0,0,1,0,20,0,0,0,0,0,0,1,0,0,0,0,0,0,0,0,0,1,0,0,0,23,68
1.0,0.0,12031,0,0,1,0,26,0,0,0,0,0,0,1,0,0,0,0,0,0,0,0,0,1,0,0,0,82,68
1.0,0.0,12031,0,0,1,0,17,0,0,0,0,0,0,1,0,0,0,0,0,0,0,0,0,1,0,0,0,5,82
1.0,0.0,0,0,0,1,0,32,0,0,0,0,0,0,1,0,0,0,0,0,0,0,0,0,1,0,0,0,4,34
1.0,0.0,12031,0,0,1,0,13,0,0,0,0,0,0,1,0,0,0,0,0,0,0,0,0,1,0,0,0,6,82
1.0,0.0,12031,0,0,1,0,13,0,0,0,0,0,0,1,0,0,0,0,0,0,0,0,0,1,0,0,0,11,82
1.0,0.0,0,0,0,1,0,33,0,0,0,0,0,0,1,0,0,0,0,0,0,0,0,0,1,0,0,0,67,34
1.0,0.0,0,0,0,1,0,27,0,0,0,0,0,0,1,0,0,0,0,0,0,0,0,0,1,0,0,0,68,67
