severity_scores,timedelta,suid,cap_fp,exit,n_dang,n_dang_no_cron,fp_length,col_0,col_1,col_2,col_3,col_4,col_5,col_6,col_7,col_8,col_9,col_10,col_11,col_12,col_13,col_14,col_15,col_16,col_17,col_18,col_19,enc_comm,enc_parent_comm
1.0,0.0,0,0,0,0,0,19,0,0,0,0,0,0,0,0,0,1,0,0,0,0,0,0,1,0,0,0,1,1
1.0,0.0,-1,-1,-1,0,0,4,0,0,0,0,0,0,0,0,0,1,0,0,0,0,0,0,1,0,0,0,2,2
1.0,0.0,-1,-1,-1,0,0,4,0,0,0,0,0,0,0,0,0,1,0,0,0,0,0,0,1,0,0,0,2,2
1.0,0.0,-1,-1,-1,0,0,4,0,0,0,0,0,0,0,0,0,1,0,0,0,0,0,0,1,0,0,0,2,2
1.0,0.0,-1,-1,-1,0,0,4,0,0,0,0,0,0,0,0,0,1,0,0,0,0,0,0,1,0,0,0,2,2
1.0,0.0,-1,-1,-1,0,0,4,0,0,0,0,0,0,0,0,0,1,0,0,0,0,0,0,1,0,0,0,2,2
1.0,0.0,-1,-1,-1,0,0,5,0,0,0,0,0,0,0,0,0,1,0,0,0,0,0,0,1,0,0,0,2,2
1.0,0.0,65534,0,0,0,0,19,0,0,0,0,0,0,0,0,0,1,0,0,0,0,0,0,1,0,0,0,3,1
1.0,0.0,997,0,0,4,0,38,0,0,0,0,0,0,0,0,0,1,0,0,0,0,0,0,1,0,0,0,4,10
1.0,0.0,-1,-1,-1,0,0,4,0,0,0,0,0,0,0,0,0,1,0,0,0,0,0,0,1,0,0,0,2,2
1.0,0.0,-1,-1,-1,0,0,4,0,0,0,0,0,0,0,0,0,1,0,0,0,0,0,0,1,0,0,0,2,2
1.0,0.0,-1,-1,-1,0,0,5,0,0,0,0,0,0,0,0,0,1,0,0,0,0,0,0,1,0,0,0,2,2
1.0,0.0,-1,-1,-1,0,0,5,0,0,0,0,0,0,0,0,0,1,0,0,0,0,0,0,1,0,0,0,2,2
1.0,0.0,-1,-1,-1,0,0,4,0,0,0,0,0,0,0,0,0,1,0,0,0,0,0,0,1,0,0,0,2,2
1.0,0.0,-1,-1,-1,0,0,4,0,0,0,0,0,0,0,0,0,1,0,0,0,0,0,0,1,0,0,0,2,2
1.0,0.0,-1,-1,-1,0,0,4,0,0,0,0,0,0,0,0,0,1,0,0,0,0,0,0,1,0,0,0,2,2
1.0,0.0,0,-1,5,0,0,10,0,0,0,0,0,0,0,0,0,1,0,0,0,0,0,0,1,0,0,0,1,1
1.0,0.0,-1,-1,-1,0,0,5,0,0,0,0,0,0,0,0,0,1,0,0,0,0,0,0,1,0,0,0,2,2
1.0,0.0,0,0,0,0,0,24,0,0,0,0,0,0,0,0,0,1,0,0,0,0,0,0,1,0,0,0,5,10
1.0,0.0,-1,-1,-1,0,0,5,0,0,0,0,0,0,0,0,0,1,0,0,0,0,0,0,1,0,0,0,2,2
1.0,0.0,0,-1,5,0,0,9,0,0,0,0,0,0,0,0,0,1,0,0,0,0,0,0,1,0,0,0,6,10
1.0,0.0,0,0,0,0,0,26,0,0,0,0,0,0,0,0,0,1,0,0,0,0,0,0,1,0,0,0,7,10
1.0,0.0,0,0,0,0,0,13,0,0,0,0,0,0,0,0,0,1,0,0,0,0,0,0,1,0,0,0,8,7
1.0,0.0,-1,-1,-1,0,0,5,0,0,0,0,0,0,0,0,0,1,0,0,0,0,0,0,1,0,0,0,2,2
1.0,0.0,0,0,0,0,0,19,0,0,0,0,0,0,0,0,0,1,0,0,0,0,0,0,1,0,0,0,9,7
1.0,0.0,12571,0,0,0,0,20,0,0,0,0,0,0,0,0,0,1,0,0,0,0,0,0,1,0,0,0,10,10
1.0,0.0,12571,0,0,0,0,28,0,0,0,0,0,0,0,0,0,1,0,0,0,0,0,0,1,0,0,0,11,55
1.0,0.0,12571,0,0,0,0,31,0,0,0,0,0,0,0,0,0,1,0,0,0,0,0,0,1,0,0,0,12,10
1.0,0.0,-1,-1,-1,0,0,5,0,0,0,0,0,0,0,0,0,1,0,0,0,0,0,0,1,0,0,0,2,2
1.0,0.0,-1,-1,-1,0,0,4,0,0,0,0,0,0,0,0,0,1,0,0,0,0,0,0,1,0,0,0,2,2
1.0,0.0,-1,-1,-1,0,0,4,0,0,0,0,0,0,0,0,0,1,0,0,0,0,0,0,1,0,0,0,2,2
1.0,0.0,-1,-1,-1,0,0,4,0,0,0,0,0,0,0,0,0,1,0,0,0,0,0,0,1,0,0,0,2,2
1.0,0.0,-1,-1,-1,0,0,4,0,0,0,0,0,0,0,0,0,1,0,0,0,0,0,0,1,0,0,0,2,2
1.0,0.0,-1,-1,-1,0,0,4,0,0,0,0,0,0,0,0,0,1,0,0,0,0,0,0,1,0,0,0,2,2
1.0,0.0,-1,-1,-1,0,0,4,0,0,0,0,0,0,0,0,0,1,0,0,0,0,0,0,1,0,0,0,2,2
1.0,0.0,-1,-1,-1,0,0,4,0,0,0,0,0,0,0,0,0,1,0,0,0,0,0,0,1,0,0,0,2,2
1.0,0.0,-1,-1,-1,0,0,4,0,0,0,0,0,0,0,0,0,1,0,0,0,0,0,0,1,0,0,0,2,2
1.0,0.0,12571,0,0,0,0,19,0,0,0,0,0,0,0,0,0,1,0,0,0,0,0,0,1,0,0,0,13,1
1.0,0.0,12571,0,0,0,0,22,0,0,0,0,0,0,0,0,0,1,0,0,0,0,0,0,1,0,0,0,14,13
1.0,0.0,12571,0,0,0,0,22,0,0,0,0,0,0,0,0,0,1,0,0,0,0,0,0,1,0,0,0,14,13
1.0,0.0,12571,0,0,0,0,31,0,0,0,0,0,0,0,0,0,1,0,0,0,0,0,0,1,0,0,0,15,13
1.0,0.0,12571,0,0,0,0,31,0,0,0,0,0,0,0,0,0,1,0,0,0,0,0,0,1,0,0,0,16,13
1.0,0.0,12571,0,0,0,0,16,0,0,0,0,0,0,0,0,0,1,0,0,0,0,0,0,1,0,0,0,17,13
1.0,0.0,12571,0,0,0,0,22,0,0,0,0,0,0,0,0,0,1,0,0,0,0,0,0,1,0,0,0,14,13
1.0,0.0,12571,0,0,0,0,28,0,0,0,0,0,0,0,0,0,1,0,0,0,0,0,0,1,0,0,0,18,13
1.0,0.0,12571,0,0,2,0,20,0,0,0,0,0,0,0,0,0,1,0,0,0,0,0,0,1,0,0,0,19,18
1.0,0.0,12571,0,0,0,0,28,0,0,0,0,0,0,0,0,0,1,0,0,0,0,0,0,1,0,0,0,18,13
1.0,0.0,12571,0,0,2,0,20,0,0,0,0,0,0,0,0,0,1,0,0,0,0,0,0,1,0,0,0,19,18
1.0,0.0,12571,0,0,0,0,28,0,0,0,0,0,0,0,0,0,1,0,0,0,0,0,0,1,0,0,0,18,13
1.0,0.0,12571,0,0,2,0,20,0,0,0,0,0,0,0,0,0,1,0,0,0,0,0,0,1,0,0,0,19,18
1.0,0.0,12571,0,0,0,0,20,0,0,0,0,0,0,0,0,0,1,0,0,0,0,0,0,1,0,0,0,20,13
1.0,0.0,12571,0,0,0,0,16,0,0,0,0,0,0,0,0,0,1,0,0,0,0,0,0,1,0,0,0,17,13
1.0,0.0,12571,0,0,2,0,31,0,0,0,0,0,0,0,0,0,1,0,0,0,0,0,0,1,0,0,0,20,13
1.0,0.0,12571,0,0,0,0,40,0,0,0,0,0,0,0,0,0,1,0,0,0,0,0,0,1,0,0,0,21,13
1.0,0.0,12571,0,0,0,0,16,0,0,0,0,0,0,0,0,0,1,0,0,0,0,0,0,1,0,0,0,17,13
1.0,0.0,12571,0,0,0,0,40,0,0,0,0,0,0,0,0,0,1,0,0,0,0,0,0,1,0,0,0,21,13
1.0,0.0,0,0,0,0,0,16,0,0,0,0,0,0,0,0,0,1,0,0,0,0,0,0,1,0,0,0,22,54
1.0,0.0,0,0,0,0,0,16,0,0,0,0,0,0,0,0,0,1,0,0,0,0,0,0,1,0,0,0,22,54
1.0,0.0,0,0,0,0,0,16,0,0,0,0,0,0,0,0,0,1,0,0,0,0,0,0,1,0,0,0,23,54
1.0,0.0,12571,0,0,0,0,40,0,0,0,0,0,0,0,0,0,1,0,0,0,0,0,0,1,0,0,0,21,13
1.0,0.0,12571,0,0,0,0,22,0,0,0,0,0,0,0,0,0,1,0,0,0,0,0,0,1,0,0,0,14,13
1.0,0.0,12571,0,0,0,0,25,0,0,0,0,0,0,0,0,0,1,0,0,0,0,0,0,1,0,0,0,24,13
1.0,0.0,12571,0,0,0,0,40,0,0,0,0,0,0,0,0,0,1,0,0,0,0,0,0,1,0,0,0,21,24
1.0,0.0,12571,0,0,0,0,16,0,0,0,0,0,0,0,0,0,1,0,0,0,0,0,0,1,0,0,0,17,24
1.0,0.0,12571,0,0,0,0,42,0,0,0,0,0,0,0,0,0,1,0,0,0,0,0,0,1,0,0,0,21,24
1.0,0.0,12571,0,0,0,0,57,0,0,0,0,0,0,0,0,0,1,0,0,0,0,0,0,1,0,0,0,25,24
1.0,0.0,-1,-1,-1,0,0,5,0,0,0,0,0,0,0,0,0,1,0,0,0,0,0,0,1,0,0,0,2,2
1.0,0.0,-1,-1,-1,0,0,4,0,0,0,0,0,0,0,0,0,1,0,0,0,0,0,0,1,0,0,0,2,2
1.0,0.0,-1,-1,-1,0,0,4,0,0,0,0,0,0,0,0,0,1,0,0,0,0,0,0,1,0,0,0,2,2
1.0,0.0,-1,-1,-1,0,0,4,0,0,0,0,0,0,0,0,0,1,0,0,0,0,0,0,1,0,0,0,2,2
1.0,0.0,-1,-1,-1,0,0,4,0,0,0,0,0,0,0,0,0,1,0,0,0,0,0,0,1,0,0,0,2,2
1.0,0.0,-1,-1,-1,0,0,4,0,0,0,0,0,0,0,0,0,1,0,0,0,0,0,0,1,0,0,0,2,2
1.0,0.0,-1,-1,-1,0,0,4,0,0,0,0,0,0,0,0,0,1,0,0,0,0,0,0,1,0,0,0,2,2
1.0,0.0,-1,-1,-1,0,0,4,0,0,0,0,0,0,0,0,0,1,0,0,0,0,0,0,1,0,0,0,2,2
1.0,0.0,-1,-1,-1,0,0,4,0,0,0,0,0,0,0,0,0,1,0,0,0,0,0,0,1,0,0,0,2,2
1.0,0.0,-1,-1,-1,0,0,4,0,0,0,0,0,0,0,0,0,1,0,0,0,0,0,0,1,0,0,0,2,2
1.0,0.0,12571,0,0,0,0,23,0,0,0,0,0,0,0,0,0,1,0,0,0,0,0,0,1,0,0,0,12,10
1.0,0.0,-1,-1,-1,0,0,5,0,0,0,0,0,0,0,0,0,1,0,0,0,0,0,0,1,0,0,0,2,2
1.0,0.0,0,0,0,0,0,24,0,0,0,0,0,0,0,0,0,1,0,0,0,0,0,0,1,0,0,0,5,10
1.0,0.0,-1,-1,-1,0,0,5,0,0,0,0,0,0,0,0,0,1,0,0,0,0,0,0,1,0,0,0,2,2
1.0,0.0,-1,-1,-1,0,0,4,0,0,0,0,0,0,0,0,0,1,0,0,0,0,0,0,1,0,0,0,2,2
1.0,0.0,-1,-1,-1,0,0,4,0,0,0,0,0,0,0,0,0,1,0,0,0,0,0,0,1,0,0,0,2,2
1.0,0.0,-1,-1,-1,0,0,4,0,0,0,0,0,0,0,0,0,1,0,0,0,0,0,0,1,0,0,0,2,2
1.0,0.0,-1,-1,-1,0,0,4,0,0,0,0,0,0,0,0,0,1,0,0,0,0,0,0,1,0,0,0,2,2
1.0,0.0,-1,-1,-1,0,0,4,0,0,0,0,0,0,0,0,0,1,0,0,0,0,0,0,1,0,0,0,2,2
1.0,0.0,-1,-1,-1,0,0,4,0,0,0,0,0,0,0,0,0,1,0,0,0,0,0,0,1,0,0,0,2,2
1.0,0.0,0,0,0,0,0,19,0,0,0,0,0,0,0,0,0,1,0,0,0,0,0,0,1,0,0,0,1,1
1.0,0.0,-1,-1,-1,0,0,4,0,0,0,0,0,0,0,0,0,1,0,0,0,0,0,0,1,0,0,0,2,2
1.0,0.0,-1,-1,-1,0,0,4,0,0,0,0,0,0,0,0,0,1,0,0,0,0,0,0,1,0,0,0,2,2
1.0,0.0,-1,-1,-1,0,0,4,0,0,0,0,0,0,0,0,0,1,0,0,0,0,0,0,1,0,0,0,2,2
1.0,0.0,-1,-1,-1,0,0,4,0,0,0,0,0,0,0,0,0,1,0,0,0,0,0,0,1,0,0,0,2,2
1.0,0.0,-1,-1,-1,0,0,4,0,0,0,0,0,0,0,0,0,1,0,0,0,0,0,0,1,0,0,0,2,2
1.0,0.0,65534,0,0,0,0,19,0,0,0,0,0,0,0,0,0,1,0,0,0,0,0,0,1,0,0,0,3,1
1.0,0.0,-1,-1,-1,0,0,4,0,0,0,0,0,0,0,0,0,1,0,0,0,0,0,0,1,0,0,0,2,2
1.0,0.0,-1,-1,-1,0,0,4,0,0,0,0,0,0,0,0,0,1,0,0,0,0,0,0,1,0,0,0,2,2
1.0,0.0,0,0,0,0,0,16,0,0,0,0,0,0,0,0,0,1,0,0,0,0,0,0,1,0,0,0,22,54
1.0,0.0,0,0,0,0,0,16,0,0,0,0,0,0,0,0,0,1,0,0,0,0,0,0,1,0,0,0,22,54
1.0,0.0,0,0,0,0,0,16,0,0,0,0,0,0,0,0,0,1,0,0,0,0,0,0,1,0,0,0,23,54
1.0,0.0,-1,-1,-1,0,0,4,0,0,0,0,0,0,0,0,0,1,0,0,0,0,0,0,1,0,0,0,2,2
1.0,0.0,0,0,0,0,0,19,0,0,0,0,0,0,0,0,0,1,0,0,0,0,0,0,1,0,0,0,1,1
1.0,0.0,-1,-1,-1,0,0,4,0,0,0,0,0,0,0,0,0,1,0,0,0,0,0,0,1,0,0,0,2,2
1.0,0.0,-1,-1,-1,0,0,4,0,0,0,0,0,0,0,0,0,1,0,0,0,0,0,0,1,0,0,0,2,2
1.0,0.0,0,-1,5,0,0,10,0,0,0,0,0,0,0,0,0,1,0,0,0,0,0,0,1,0,0,0,1,1
1.0,0.0,0,0,0,0,0,19,0,0,0,0,0,0,0,0,0,1,0,0,0,0,0,0,1,0,0,0,1,1
1.0,0.0,-1,-1,-1,0,0,4,0,0,0,0,0,0,0,0,0,1,0,0,0,0,0,0,1,0,0,0,2,2
1.0,0.0,-1,-1,-1,0,0,4,0,0,0,0,0,0,0,0,0,1,0,0,0,0,0,0,1,0,0,0,2,2
1.0,0.0,-1,-1,-1,0,0,4,0,0,0,0,0,0,0,0,0,1,0,0,0,0,0,0,1,0,0,0,2,2
1.0,0.0,-1,-1,-1,0,0,4,0,0,0,0,0,0,0,0,0,1,0,0,0,0,0,0,1,0,0,0,2,2
1.0,0.0,-1,-1,-1,0,0,4,0,0,0,0,0,0,0,0,0,1,0,0,0,0,0,0,1,0,0,0,2,2
1.0,0.0,-1,-1,-1,0,0,5,0,0,0,0,0,0,0,0,0,1,0,0,0,0,0,0,1,0,0,0,2,2
1.0,0.0,-1,-1,-1,0,0,4,0,0,0,0,0,0,0,0,0,1,0,0,0,0,0,0,1,0,0,0,2,2
1.0,0.0,-1,-1,-1,0,0,4,0,0,0,0,0,0,0,0,0,1,0,0,0,0,0,0,1,0,0,0,2,2
1.0,0.0,-1,-1,-1,0,0,4,0,0,0,0,0,0,0,0,0,1,0,0,0,0,0,0,1,0,0,0,2,2
1.0,0.0,-1,-1,-1,0,0,4,0,0,0,0,0,0,0,0,0,1,0,0,0,0,0,0,1,0,0,0,2,2
1.0,0.0,-1,-1,-1,0,0,4,0,0,0,0,0,0,0,0,0,1,0,0,0,0,0,0,1,0,0,0,2,2
1.0,0.0,0,0,0,0,0,24,0,0,0,0,0,0,0,0,0,1,0,0,0,0,0,0,1,0,0,0,5,10
1.0,0.0,-1,-1,-1,0,0,5,0,0,0,0,0,0,0,0,0,1,0,0,0,0,0,0,1,0,0,0,2,2
1.0,0.0,0,-1,5,0,0,9,0,0,0,0,0,0,0,0,0,1,0,0,0,0,0,0,1,0,0,0,6,10
1.0,0.0,65534,0,0,0,0,19,0,0,0,0,0,0,0,0,0,1,0,0,0,0,0,0,1,0,0,0,3,1
1.0,0.0,-1,-1,-1,0,0,5,0,0,0,0,0,0,0,0,0,1,0,0,0,0,0,0,1,0,0,0,2,2
1.0,0.0,12503,0,0,0,0,20,0,0,0,0,0,0,0,0,0,1,0,0,0,0,0,0,1,0,0,0,10,10
1.0,0.0,12503,0,0,0,0,28,0,0,0,0,0,0,0,0,0,1,0,0,0,0,0,0,1,0,0,0,11,55
1.0,0.0,125715,0,0,0,0,18,0,0,0,0,0,0,0,0,0,1,0,0,0,0,0,0,1,0,0,0,26,56
1.0,0.0,65534,0,0,0,0,19,0,0,0,0,0,0,0,0,0,1,0,0,0,0,0,0,1,0,0,0,3,1
1.0,0.0,125715,0,0,0,0,19,0,0,0,0,0,0,0,0,0,1,0,0,0,0,0,0,1,0,0,0,19,26
1.0,0.0,125715,0,0,0,0,15,0,0,0,0,0,0,0,0,0,1,0,0,0,0,0,0,1,0,0,0,27,26
1.0,0.0,125715,0,0,0,0,15,0,0,0,0,0,0,0,0,0,1,0,0,0,0,0,0,1,0,0,0,19,26
1.0,0.0,-1,-1,-1,0,0,4,0,0,0,0,0,0,0,0,0,1,0,0,0,0,0,0,1,0,0,0,2,2
1.0,0.0,-1,-1,-1,0,0,4,0,0,0,0,0,0,0,0,0,1,0,0,0,0,0,0,1,0,0,0,2,2
1.0,0.0,12503,0,0,0,0,31,0,0,0,0,0,0,0,0,0,1,0,0,0,0,0,0,1,0,0,0,12,10
1.0,0.0,65534,0,0,0,0,19,0,0,0,0,0,0,0,0,0,1,0,0,0,0,0,0,1,0,0,0,3,1
1.0,0.0,-1,-1,-1,0,0,5,0,0,0,0,0,0,0,0,0,1,0,0,0,0,0,0,1,0,0,0,2,2
1.0,0.0,-1,-1,-1,0,0,4,0,0,0,0,0,0,0,0,0,1,0,0,0,0,0,0,1,0,0,0,2,2
1.0,0.0,-1,-1,-1,0,0,4,0,0,0,0,0,0,0,0,0,1,0,0,0,0,0,0,1,0,0,0,2,2
1.0,0.0,-1,-1,-1,0,0,4,0,0,0,0,0,0,0,0,0,1,0,0,0,0,0,0,1,0,0,0,2,2
1.0,0.0,0,-1,5,0,0,10,0,0,0,0,0,0,0,0,0,1,0,0,0,0,0,0,1,0,0,0,1,1
1.0,0.0,65534,0,0,0,0,19,0,0,0,0,0,0,0,0,0,1,0,0,0,0,0,0,1,0,0,0,3,1
1.0,0.0,-1,-1,-1,0,0,4,0,0,0,0,0,0,0,0,0,1,0,0,0,0,0,0,1,0,0,0,2,2
1.0,0.0,-1,-1,-1,0,0,4,0,0,0,0,0,0,0,0,0,1,0,0,0,0,0,0,1,0,0,0,2,2
1.0,0.0,-1,-1,-1,0,0,4,0,0,0,0,0,0,0,0,0,1,0,0,0,0,0,0,1,0,0,0,2,2
1.0,0.0,-1,-1,-1,0,0,4,0,0,0,0,0,0,0,0,0,1,0,0,0,0,0,0,1,0,0,0,2,2
1.0,0.0,-1,-1,-1,0,0,4,0,0,0,0,0,0,0,0,0,1,0,0,0,0,0,0,1,0,0,0,2,2
1.0,0.0,0,-1,1,0,0,10,0,0,0,0,0,0,0,0,0,1,0,0,0,0,0,0,1,0,0,0,1,1
1.0,0.0,-1,-1,-1,0,0,4,0,0,0,0,0,0,0,0,0,1,0,0,0,0,0,0,1,0,0,0,2,2
1.0,0.0,-1,-1,-1,0,0,4,0,0,0,0,0,0,0,0,0,1,0,0,0,0,0,0,1,0,0,0,2,2
1.0,0.0,-1,-1,-1,0,0,4,0,0,0,0,0,0,0,0,0,1,0,0,0,0,0,0,1,0,0,0,2,2
1.0,0.0,-1,-1,-1,0,0,4,0,0,0,0,0,0,0,0,0,1,0,0,0,0,0,0,1,0,0,0,2,2
1.0,0.0,-1,-1,-1,0,0,4,0,0,0,0,0,0,0,0,0,1,0,0,0,0,0,0,1,0,0,0,2,2
1.0,0.0,-1,-1,-1,0,0,4,0,0,0,0,0,0,0,0,0,1,0,0,0,0,0,0,1,0,0,0,2,2
1.0,0.0,-1,-1,-1,0,0,4,0,0,0,0,0,0,0,0,0,1,0,0,0,0,0,0,1,0,0,0,2,2
1.0,0.0,-1,-1,-1,0,0,4,0,0,0,0,0,0,0,0,0,1,0,0,0,0,0,0,1,0,0,0,2,2
1.0,0.0,-1,-1,-1,0,0,4,0,0,0,0,0,0,0,0,0,1,0,0,0,0,0,0,1,0,0,0,2,2
1.0,0.0,-1,-1,-1,0,0,4,0,0,0,0,0,0,0,0,0,1,0,0,0,0,0,0,1,0,0,0,2,2
1.0,0.0,-1,-1,-1,0,0,4,0,0,0,0,0,0,0,0,0,1,0,0,0,0,0,0,1,0,0,0,2,2
1.0,0.0,-1,-1,-1,0,0,4,0,0,0,0,0,0,0,0,0,1,0,0,0,0,0,0,1,0,0,0,2,2
1.0,0.0,-1,-1,-1,0,0,4,0,0,0,0,0,0,0,0,0,1,0,0,0,0,0,0,1,0,0,0,2,2
1.0,0.0,-1,-1,-1,0,0,4,0,0,0,0,0,0,0,0,0,1,0,0,0,0,0,0,1,0,0,0,2,2
1.0,0.0,-1,-1,-1,0,0,4,0,0,0,0,0,0,0,0,0,1,0,0,0,0,0,0,1,0,0,0,2,2
1.0,0.0,-1,-1,-1,0,0,4,0,0,0,0,0,0,0,0,0,1,0,0,0,0,0,0,1,0,0,0,2,2
1.0,0.0,-1,-1,-1,0,0,4,0,0,0,0,0,0,0,0,0,1,0,0,0,0,0,0,1,0,0,0,2,2
1.0,0.0,-1,-1,-1,0,0,4,0,0,0,0,0,0,0,0,0,1,0,0,0,0,0,0,1,0,0,0,2,2
1.0,0.0,12503,0,0,0,0,23,0,0,0,0,0,0,0,0,0,1,0,0,0,0,0,0,1,0,0,0,13,1
1.0,0.0,12503,0,0,0,0,22,0,0,0,0,0,0,0,0,0,1,0,0,0,0,0,0,1,0,0,0,14,13
1.0,0.0,12503,0,0,0,0,22,0,0,0,0,0,0,0,0,0,1,0,0,0,0,0,0,1,0,0,0,14,13
1.0,0.0,12503,0,0,0,0,31,0,0,0,0,0,0,0,0,0,1,0,0,0,0,0,0,1,0,0,0,15,13
1.0,0.0,-1,-1,-1,0,0,4,0,0,0,0,0,0,0,0,0,1,0,0,0,0,0,0,1,0,0,0,2,2
1.0,0.0,-1,-1,-1,0,0,4,0,0,0,0,0,0,0,0,0,1,0,0,0,0,0,0,1,0,0,0,2,2
1.0,0.0,-1,-1,-1,0,0,4,0,0,0,0,0,0,0,0,0,1,0,0,0,0,0,0,1,0,0,0,2,2
1.0,0.0,12503,0,0,0,0,23,0,0,0,0,0,0,0,0,0,1,0,0,0,0,0,0,1,0,0,0,13,1
1.0,0.0,12503,0,0,0,0,31,0,0,0,0,0,0,0,0,0,1,0,0,0,0,0,0,1,0,0,0,16,13
1.0,0.0,12503,0,0,0,0,22,0,0,0,0,0,0,0,0,0,1,0,0,0,0,0,0,1,0,0,0,14,13
1.0,0.0,-1,-1,-1,0,0,4,0,0,0,0,0,0,0,0,0,1,0,0,0,0,0,0,1,0,0,0,2,2
1.0,0.0,-1,-1,-1,0,0,4,0,0,0,0,0,0,0,0,0,1,0,0,0,0,0,0,1,0,0,0,2,2
1.0,0.0,12503,0,0,0,0,22,0,0,0,0,0,0,0,0,0,1,0,0,0,0,0,0,1,0,0,0,14,13
1.0,0.0,-1,-1,-1,0,0,4,0,0,0,0,0,0,0,0,0,1,0,0,0,0,0,0,1,0,0,0,2,2
1.0,0.0,0,0,0,1,0,18,0,0,0,0,0,0,0,0,0,1,0,0,0,0,0,0,1,0,0,0,13,1
1.0,0.0,12503,0,0,0,0,31,0,0,0,0,0,0,0,0,0,1,0,0,0,0,0,0,1,0,0,0,15,13
1.0,0.0,0,0,0,1,0,13,0,0,0,0,0,0,0,0,0,1,0,0,0,0,0,0,1,0,0,0,17,13
1.0,0.0,0,0,0,1,0,25,0,0,0,0,0,0,0,0,0,1,0,0,0,0,0,0,1,0,0,0,18,13
1.0,0.0,0,0,0,3,0,17,0,0,0,0,0,0,0,0,0,1,0,0,0,0,0,0,1,0,0,0,19,18
1.0,0.0,0,0,0,1,0,25,0,0,0,0,0,0,0,0,0,1,0,0,0,0,0,0,1,0,0,0,18,13
1.0,0.0,0,0,0,3,0,17,0,0,0,0,0,0,0,0,0,1,0,0,0,0,0,0,1,0,0,0,19,18
1.0,0.0,0,0,0,1,0,25,0,0,0,0,0,0,0,0,0,1,0,0,0,0,0,0,1,0,0,0,18,13
1.0,0.0,0,0,0,3,0,17,0,0,0,0,0,0,0,0,0,1,0,0,0,0,0,0,1,0,0,0,19,18
1.0,0.0,0,0,0,1,0,17,0,0,0,0,0,0,0,0,0,1,0,0,0,0,0,0,1,0,0,0,20,13
1.0,0.0,0,0,0,1,0,13,0,0,0,0,0,0,0,0,0,1,0,0,0,0,0,0,1,0,0,0,17,13
1.0,0.0,12503,0,0,0,0,16,0,0,0,0,0,0,0,0,0,1,0,0,0,0,0,0,1,0,0,0,17,13
1.0,0.0,0,0,0,3,0,28,0,0,0,0,0,0,0,0,0,1,0,0,0,0,0,0,1,0,0,0,20,13
1.0,0.0,12503,0,0,0,0,22,0,0,0,0,0,0,0,0,0,1,0,0,0,0,0,0,1,0,0,0,14,13
1.0,0.0,12503,0,0,0,0,28,0,0,0,0,0,0,0,0,0,1,0,0,0,0,0,0,1,0,0,0,18,13
1.0,0.0,12503,0,0,2,0,20,0,0,0,0,0,0,0,0,0,1,0,0,0,0,0,0,1,0,0,0,19,18
1.0,0.0,0,0,0,1,0,19,0,0,0,0,0,0,0,0,0,1,0,0,0,0,0,0,1,0,0,0,14,13
1.0,0.0,12503,0,0,0,0,28,0,0,0,0,0,0,0,0,0,1,0,0,0,0,0,0,1,0,0,0,18,13
1.0,0.0,12503,0,0,0,0,31,0,0,0,0,0,0,0,0,0,1,0,0,0,0,0,0,1,0,0,0,16,13
1.0,0.0,12503,0,0,2,0,20,0,0,0,0,0,0,0,0,0,1,0,0,0,0,0,0,1,0,0,0,19,18
1.0,0.0,0,0,0,1,0,13,0,0,0,0,0,0,0,0,0,1,0,0,0,0,0,0,1,0,0,0,28,13
1.0,0.0,12503,0,0,0,0,28,0,0,0,0,0,0,0,0,0,1,0,0,0,0,0,0,1,0,0,0,18,13
1.0,0.0,0,0,0,1,0,19,0,0,0,0,0,0,0,0,0,1,0,0,0,0,0,0,1,0,0,0,29,1
1.0,0.0,12503,0,0,2,0,20,0,0,0,0,0,0,0,0,0,1,0,0,0,0,0,0,1,0,0,0,19,18
1.0,0.0,12503,0,0,0,0,20,0,0,0,0,0,0,0,0,0,1,0,0,0,0,0,0,1,0,0,0,20,13
1.0,0.0,12503,0,0,0,0,16,0,0,0,0,0,0,0,0,0,1,0,0,0,0,0,0,1,0,0,0,17,13
1.0,0.0,12503,0,0,2,0,31,0,0,0,0,0,0,0,0,0,1,0,0,0,0,0,0,1,0,0,0,20,13
1.0,0.0,12503,0,0,0,0,40,0,0,0,0,0,0,0,0,0,1,0,0,0,0,0,0,1,0,0,0,21,13
1.0,0.0,12503,0,0,0,0,16,0,0,0,0,0,0,0,0,0,1,0,0,0,0,0,0,1,0,0,0,17,13
1.0,0.0,-1,-1,-1,0,0,4,0,0,0,0,0,0,0,0,0,1,0,0,0,0,0,0,1,0,0,0,2,2
1.0,0.0,-1,-1,-1,0,0,4,0,0,0,0,0,0,0,0,0,1,0,0,0,0,0,0,1,0,0,0,2,2
1.0,0.0,-1,-1,-1,0,0,4,0,0,0,0,0,0,0,0,0,1,0,0,0,0,0,0,1,0,0,0,2,2
1.0,0.0,-1,-1,-1,0,0,4,0,0,0,0,0,0,0,0,0,1,0,0,0,0,0,0,1,0,0,0,2,2
1.0,0.0,12503,0,0,0,0,22,0,0,0,0,0,0,0,0,0,1,0,0,0,0,0,0,1,0,0,0,14,13
1.0,0.0,-1,-1,-1,0,0,4,0,0,0,0,0,0,0,0,0,1,0,0,0,0,0,0,1,0,0,0,2,2
1.0,0.0,12503,0,0,0,0,28,0,0,0,0,0,0,0,0,0,1,0,0,0,0,0,0,1,0,0,0,18,13
1.0,0.0,-1,-1,-1,0,0,4,0,0,0,0,0,0,0,0,0,1,0,0,0,0,0,0,1,0,0,0,2,2
1.0,0.0,-1,-1,-1,0,0,4,0,0,0,0,0,0,0,0,0,1,0,0,0,0,0,0,1,0,0,0,2,2
1.0,0.0,-1,-1,-1,0,0,4,0,0,0,0,0,0,0,0,0,1,0,0,0,0,0,0,1,0,0,0,2,2
1.0,0.0,12503,0,0,2,0,20,0,0,0,0,0,0,0,0,0,1,0,0,0,0,0,0,1,0,0,0,19,18
1.0,0.0,-1,-1,-1,0,0,4,0,0,0,0,0,0,0,0,0,1,0,0,0,0,0,0,1,0,0,0,2,2
1.0,0.0,12503,0,0,0,0,28,0,0,0,0,0,0,0,0,0,1,0,0,0,0,0,0,1,0,0,0,18,13
1.0,0.0,12503,0,0,2,0,20,0,0,0,0,0,0,0,0,0,1,0,0,0,0,0,0,1,0,0,0,19,18
1.0,0.0,12503,0,0,0,0,28,0,0,0,0,0,0,0,0,0,1,0,0,0,0,0,0,1,0,0,0,18,13
1.0,0.0,12503,0,0,2,0,20,0,0,0,0,0,0,0,0,0,1,0,0,0,0,0,0,1,0,0,0,19,18
1.0,0.0,12503,0,0,0,0,20,0,0,0,0,0,0,0,0,0,1,0,0,0,0,0,0,1,0,0,0,20,13
1.0,0.0,12503,0,0,0,0,16,0,0,0,0,0,0,0,0,0,1,0,0,0,0,0,0,1,0,0,0,17,13
1.0,0.0,12503,0,0,2,0,31,0,0,0,0,0,0,0,0,0,1,0,0,0,0,0,0,1,0,0,0,20,13
1.0,0.0,12503,0,0,0,0,40,0,0,0,0,0,0,0,0,0,1,0,0,0,0,0,0,1,0,0,0,21,13
1.0,0.0,12503,0,0,0,0,16,0,0,0,0,0,0,0,0,0,1,0,0,0,0,0,0,1,0,0,0,17,13
1.0,0.0,12503,0,0,0,0,40,0,0,0,0,0,0,0,0,0,1,0,0,0,0,0,0,1,0,0,0,21,13
1.0,0.0,12503,0,0,0,0,16,0,0,0,0,0,0,0,0,0,1,0,0,0,0,0,0,1,0,0,0,17,13
1.0,0.0,12503,0,0,0,0,40,0,0,0,0,0,0,0,0,0,1,0,0,0,0,0,0,1,0,0,0,21,13
1.0,0.0,12503,0,0,0,0,40,0,0,0,0,0,0,0,0,0,1,0,0,0,0,0,0,1,0,0,0,21,13
1.0,0.0,12503,0,0,0,0,40,0,0,0,0,0,0,0,0,0,1,0,0,0,0,0,0,1,0,0,0,21,13
1.0,0.0,12503,0,0,0,0,22,0,0,0,0,0,0,0,0,0,1,0,0,0,0,0,0,1,0,0,0,14,13
1.0,0.0,12503,0,0,0,0,40,0,0,0,0,0,0,0,0,0,1,0,0,0,0,0,0,1,0,0,0,21,13
1.0,0.0,12503,0,0,0,0,16,0,0,0,0,0,0,0,0,0,1,0,0,0,0,0,0,1,0,0,0,17,13
1.0,0.0,12503,0,0,0,0,50,0,0,0,0,0,0,0,0,0,1,0,0,0,0,0,0,1,0,0,0,21,13
1.0,0.0,12503,0,0,0,0,22,0,0,0,0,0,0,0,0,0,1,0,0,0,0,0,0,1,0,0,0,14,13
1.0,0.0,12503,0,0,0,0,40,0,0,0,0,0,0,0,0,0,1,0,0,0,0,0,0,1,0,0,0,21,13
1.0,0.0,12503,0,0,0,0,50,0,0,0,0,0,0,0,0,0,1,0,0,0,0,0,0,1,0,0,0,21,13
1.0,0.0,12503,0,0,0,0,16,0,0,0,0,0,0,0,0,0,1,0,0,0,0,0,0,1,0,0,0,17,13
1.0,0.0,12503,0,0,0,0,50,0,0,0,0,0,0,0,0,0,1,0,0,0,0,0,0,1,0,0,0,21,13
1.0,0.0,12503,0,0,0,0,40,0,0,0,0,0,0,0,0,0,1,0,0,0,0,0,0,1,0,0,0,21,13
1.0,0.0,12503,0,0,0,0,50,0,0,0,0,0,0,0,0,0,1,0,0,0,0,0,0,1,0,0,0,21,13
1.0,0.0,12503,0,0,0,0,40,0,0,0,0,0,0,0,0,0,1,0,0,0,0,0,0,1,0,0,0,21,13
1.0,0.0,12503,0,0,0,0,26,0,0,0,0,0,0,0,0,0,1,0,0,0,0,0,0,1,0,0,0,30,1
1.0,0.0,12503,0,0,0,0,26,0,0,0,0,0,0,0,0,0,1,0,0,0,0,0,0,1,0,0,0,30,1
1.0,0.0,-1,-1,-1,0,0,4,0,0,0,0,0,0,0,0,0,1,0,0,0,0,0,0,1,0,0,0,2,2
1.0,0.0,-1,-1,-1,0,0,4,0,0,0,0,0,0,0,0,0,1,0,0,0,0,0,0,1,0,0,0,2,2
1.0,0.0,-1,-1,-1,0,0,4,0,0,0,0,0,0,0,0,0,1,0,0,0,0,0,0,1,0,0,0,2,2
1.0,0.0,-1,-1,-1,0,0,4,0,0,0,0,0,0,0,0,0,1,0,0,0,0,0,0,1,0,0,0,2,2
1.0,0.0,-1,-1,-1,0,0,4,0,0,0,0,0,0,0,0,0,1,0,0,0,0,0,0,1,0,0,0,2,2
1.0,0.0,-1,-1,-1,0,0,4,0,0,0,0,0,0,0,0,0,1,0,0,0,0,0,0,1,0,0,0,2,2
1.0,0.0,-1,-1,-1,0,0,4,0,0,0,0,0,0,0,0,0,1,0,0,0,0,0,0,1,0,0,0,2,2
1.0,0.0,-1,-1,-1,0,0,4,0,0,0,0,0,0,0,0,0,1,0,0,0,0,0,0,1,0,0,0,2,2
1.0,0.0,-1,-1,-1,0,0,4,0,0,0,0,0,0,0,0,0,1,0,0,0,0,0,0,1,0,0,0,2,2
1.0,0.0,-1,-1,-1,0,0,4,0,0,0,0,0,0,0,0,0,1,0,0,0,0,0,0,1,0,0,0,2,2
1.0,0.0,-1,-1,-1,0,0,4,0,0,0,0,0,0,0,0,0,1,0,0,0,0,0,0,1,0,0,0,2,2
1.0,0.0,-1,-1,-1,0,0,4,0,0,0,0,0,0,0,0,0,1,0,0,0,0,0,0,1,0,0,0,2,2
1.0,0.0,-1,-1,-1,0,0,4,0,0,0,0,0,0,0,0,0,1,0,0,0,0,0,0,1,0,0,0,2,2
1.0,0.0,-1,-1,-1,0,0,4,0,0,0,0,0,0,0,0,0,1,0,0,0,0,0,0,1,0,0,0,2,2
1.0,0.0,-1,-1,-1,0,0,4,0,0,0,0,0,0,0,0,0,1,0,0,0,0,0,0,1,0,0,0,2,2
1.0,0.0,-1,-1,-1,0,0,4,0,0,0,0,0,0,0,0,0,1,0,0,0,0,0,0,1,0,0,0,2,2
1.0,0.0,-1,-1,-1,0,0,4,0,0,0,0,0,0,0,0,0,1,0,0,0,0,0,0,1,0,0,0,2,2
1.0,0.0,-1,-1,-1,0,0,4,0,0,0,0,0,0,0,0,0,1,0,0,0,0,0,0,1,0,0,0,2,2
1.0,0.0,0,0,0,0,0,19,0,0,0,0,0,0,0,0,0,1,0,0,0,0,0,0,1,0,0,0,1,1
1.0,0.0,12503,0,0,0,0,23,0,0,0,0,0,0,0,0,0,1,0,0,0,0,0,0,1,0,0,0,12,10
1.0,0.0,-1,-1,-1,0,0,4,0,0,0,0,0,0,0,0,0,1,0,0,0,0,0,0,1,0,0,0,2,2
1.0,0.0,-1,-1,-1,0,0,4,0,0,0,0,0,0,0,0,0,1,0,0,0,0,0,0,1,0,0,0,2,2
1.0,0.0,-1,-1,-1,0,0,4,0,0,0,0,0,0,0,0,0,1,0,0,0,0,0,0,1,0,0,0,2,2
1.0,0.0,-1,-1,-1,0,0,4,0,0,0,0,0,0,0,0,0,1,0,0,0,0,0,0,1,0,0,0,2,2
1.0,0.0,-1,-1,-1,0,0,4,0,0,0,0,0,0,0,0,0,1,0,0,0,0,0,0,1,0,0,0,2,2
1.0,0.0,-1,-1,-1,0,0,5,0,0,0,0,0,0,0,0,0,1,0,0,0,0,0,0,1,0,0,0,2,2
1.0,0.0,0,0,0,0,0,24,0,0,0,0,0,0,0,0,0,1,0,0,0,0,0,0,1,0,0,0,5,10
1.0,0.0,65534,0,0,0,0,19,0,0,0,0,0,0,0,0,0,1,0,0,0,0,0,0,1,0,0,0,3,1
1.0,0.0,0,0,0,1,0,22,0,0,0,0,0,0,0,0,0,1,0,0,0,0,0,0,1,0,0,0,26,35
1.0,0.0,0,0,0,1,0,28,0,0,0,0,0,0,0,0,0,1,0,0,0,0,0,0,1,0,0,0,26,35
1.0,0.0,0,0,0,1,0,25,0,0,0,0,0,0,0,0,0,1,0,0,0,0,0,0,1,0,0,0,31,35
1.0,0.0,0,0,0,1,0,31,0,0,0,0,0,0,0,0,0,1,0,0,0,0,0,0,1,0,0,0,32,26
1.0,0.0,0,0,0,1,0,19,0,0,0,0,0,0,0,0,0,1,0,0,0,0,0,0,1,0,0,0,33,31
1.0,0.0,0,0,0,1,0,17,0,0,0,0,0,0,0,0,0,1,0,0,0,0,0,0,1,0,0,0,34,31
1.0,0.0,0,0,0,1,0,21,0,0,0,0,0,0,0,0,0,1,0,0,0,0,0,0,1,0,0,0,8,31
1.0,0.0,0,0,0,1,0,17,0,0,0,0,0,0,0,0,0,1,0,0,0,0,0,0,1,0,0,0,19,31
1.0,0.0,-1,-1,-1,0,0,5,0,0,0,0,0,0,0,0,0,1,0,0,0,0,0,0,1,0,0,0,2,2
1.0,0.0,65534,0,0,0,0,19,0,0,0,0,0,0,0,0,0,1,0,0,0,0,0,0,1,0,0,0,3,1
1.0,0.0,-1,-1,-1,0,0,4,0,0,0,0,0,0,0,0,0,1,0,0,0,0,0,0,1,0,0,0,2,2
1.0,0.0,-1,-1,-1,0,0,4,0,0,0,0,0,0,0,0,0,1,0,0,0,0,0,0,1,0,0,0,2,2
1.0,0.0,-1,-1,-1,0,0,4,0,0,0,0,0,0,0,0,0,1,0,0,0,0,0,0,1,0,0,0,2,2
1.0,0.0,-1,-1,-1,0,0,4,0,0,0,0,0,0,0,0,0,1,0,0,0,0,0,0,1,0,0,0,2,2
1.0,0.0,0,-1,5,0,0,10,0,0,0,0,0,0,0,0,0,1,0,0,0,0,0,0,1,0,0,0,35,35
1.0,0.0,-1,-1,-1,0,0,4,0,0,0,0,0,0,0,0,0,1,0,0,0,0,0,0,1,0,0,0,2,2
1.0,0.0,-1,-1,-1,0,0,4,0,0,0,0,0,0,0,0,0,1,0,0,0,0,0,0,1,0,0,0,2,2
1.0,0.0,-1,-1,-1,0,0,4,0,0,0,0,0,0,0,0,0,1,0,0,0,0,0,0,1,0,0,0,2,2
1.0,0.0,0,-1,5,0,0,10,0,0,0,0,0,0,0,0,0,1,0,0,0,0,0,0,1,0,0,0,1,1
1.0,0.0,-1,-1,-1,0,0,5,0,0,0,0,0,0,0,0,0,1,0,0,0,0,0,0,1,0,0,0,2,2
1.0,0.0,0,0,0,0,0,24,0,0,0,0,0,0,0,0,0,1,0,0,0,0,0,0,1,0,0,0,5,10
1.0,0.0,-1,-1,-1,0,0,5,0,0,0,0,0,0,0,0,0,1,0,0,0,0,0,0,1,0,0,0,2,2
1.0,0.0,0,0,0,0,0,24,0,0,0,0,0,0,0,0,0,1,0,0,0,0,0,0,1,0,0,0,5,10
1.0,0.0,-1,-1,-1,0,0,5,0,0,0,0,0,0,0,0,0,1,0,0,0,0,0,0,1,0,0,0,2,2
1.0,0.0,0,-1,5,0,0,9,0,0,0,0,0,0,0,0,0,1,0,0,0,0,0,0,1,0,0,0,6,10
1.0,0.0,-1,-1,-1,0,0,5,0,0,0,0,0,0,0,0,0,1,0,0,0,0,0,0,1,0,0,0,2,2
1.0,0.0,0,-1,5,0,0,9,0,0,0,0,0,0,0,0,0,1,0,0,0,0,0,0,1,0,0,0,6,10
1.0,0.0,-1,-1,-1,0,0,5,0,0,0,0,0,0,0,0,0,1,0,0,0,0,0,0,1,0,0,0,2,2
1.0,0.0,12542,0,0,0,0,20,0,0,0,0,0,0,0,0,0,1,0,0,0,0,0,0,1,0,0,0,10,10
1.0,0.0,-1,-1,-1,0,0,5,0,0,0,0,0,0,0,0,0,1,0,0,0,0,0,0,1,0,0,0,2,2
1.0,0.0,12503,0,0,0,0,20,0,0,0,0,0,0,0,0,0,1,0,0,0,0,0,0,1,0,0,0,10,10
1.0,0.0,12542,0,0,0,0,28,0,0,0,0,0,0,0,0,0,1,0,0,0,0,0,0,1,0,0,0,11,55
1.0,0.0,12503,0,0,0,0,28,0,0,0,0,0,0,0,0,0,1,0,0,0,0,0,0,1,0,0,0,11,55
1.0,0.0,12503,0,0,0,0,31,0,0,0,0,0,0,0,0,0,1,0,0,0,0,0,0,1,0,0,0,12,10
1.0,0.0,12542,0,0,0,0,31,0,0,0,0,0,0,0,0,0,1,0,0,0,0,0,0,1,0,0,0,12,10
1.0,0.0,-1,-1,-1,0,0,5,0,0,0,0,0,0,0,0,0,1,0,0,0,0,0,0,1,0,0,0,2,2
1.0,0.0,-1,-1,-1,0,0,5,0,0,0,0,0,0,0,0,0,1,0,0,0,0,0,0,1,0,0,0,2,2
1.0,0.0,-1,-1,-1,0,0,4,0,0,0,0,0,0,0,0,0,1,0,0,0,0,0,0,1,0,0,0,2,2
1.0,0.0,-1,-1,-1,0,0,4,0,0,0,0,0,0,0,0,0,1,0,0,0,0,0,0,1,0,0,0,2,2
1.0,0.0,12542,0,0,0,0,39,0,0,0,0,0,0,0,0,0,1,0,0,0,0,0,0,1,0,0,0,26,35
1.0,0.0,-1,-1,-1,0,0,4,0,0,0,0,0,0,0,0,0,1,0,0,0,0,0,0,1,0,0,0,2,2
1.0,0.0,-1,-1,-1,0,0,4,0,0,0,0,0,0,0,0,0,1,0,0,0,0,0,0,1,0,0,0,2,2
1.0,0.0,-1,-1,-1,0,0,4,0,0,0,0,0,0,0,0,0,1,0,0,0,0,0,0,1,0,0,0,2,2
1.0,0.0,-1,-1,-1,0,0,4,0,0,0,0,0,0,0,0,0,1,0,0,0,0,0,0,1,0,0,0,2,2
1.0,0.0,-1,-1,-1,0,0,4,0,0,0,0,0,0,0,0,0,1,0,0,0,0,0,0,1,0,0,0,2,2
1.0,0.0,-1,-1,-1,0,0,4,0,0,0,0,0,0,0,0,0,1,0,0,0,0,0,0,1,0,0,0,2,2
1.0,0.0,-1,-1,-1,0,0,4,0,0,0,0,0,0,0,0,0,1,0,0,0,0,0,0,1,0,0,0,2,2
1.0,0.0,-1,-1,-1,0,0,4,0,0,0,0,0,0,0,0,0,1,0,0,0,0,0,0,1,0,0,0,2,2
1.0,0.0,12503,0,0,0,0,23,0,0,0,0,0,0,0,0,0,1,0,0,0,0,0,0,1,0,0,0,13,1
1.0,0.0,12503,0,0,0,0,22,0,0,0,0,0,0,0,0,0,1,0,0,0,0,0,0,1,0,0,0,14,13
1.0,0.0,12503,0,0,0,0,22,0,0,0,0,0,0,0,0,0,1,0,0,0,0,0,0,1,0,0,0,14,13
1.0,0.0,12542,0,0,0,0,34,0,0,0,0,0,0,0,0,0,1,0,0,0,0,0,0,1,0,0,0,36,26
1.0,0.0,12503,0,0,0,0,31,0,0,0,0,0,0,0,0,0,1,0,0,0,0,0,0,1,0,0,0,15,13
1.0,0.0,12542,0,0,0,0,22,0,0,0,0,0,0,0,0,0,1,0,0,0,0,0,0,1,0,0,0,14,36
1.0,0.0,12542,0,0,0,0,22,0,0,0,0,0,0,0,0,0,1,0,0,0,0,0,0,1,0,0,0,37,36
1.0,0.0,12542,0,0,0,0,22,0,0,0,0,0,0,0,0,0,1,0,0,0,0,0,0,1,0,0,0,14,36
1.0,0.0,12542,0,0,0,0,22,0,0,0,0,0,0,0,0,0,1,0,0,0,0,0,0,1,0,0,0,14,36
1.0,0.0,12542,0,0,0,0,31,0,0,0,0,0,0,0,0,0,1,0,0,0,0,0,0,1,0,0,0,15,36
1.0,0.0,12503,0,0,0,0,31,0,0,0,0,0,0,0,0,0,1,0,0,0,0,0,0,1,0,0,0,16,13
1.0,0.0,12503,0,0,0,0,16,0,0,0,0,0,0,0,0,0,1,0,0,0,0,0,0,1,0,0,0,17,13
1.0,0.0,12503,0,0,0,0,22,0,0,0,0,0,0,0,0,0,1,0,0,0,0,0,0,1,0,0,0,14,13
1.0,0.0,12503,0,0,0,0,28,0,0,0,0,0,0,0,0,0,1,0,0,0,0,0,0,1,0,0,0,18,13
1.0,0.0,12503,0,0,2,0,20,0,0,0,0,0,0,0,0,0,1,0,0,0,0,0,0,1,0,0,0,19,18
1.0,0.0,12503,0,0,0,0,28,0,0,0,0,0,0,0,0,0,1,0,0,0,0,0,0,1,0,0,0,18,13
1.0,0.0,12503,0,0,2,0,20,0,0,0,0,0,0,0,0,0,1,0,0,0,0,0,0,1,0,0,0,19,18
1.0,0.0,12503,0,0,0,0,28,0,0,0,0,0,0,0,0,0,1,0,0,0,0,0,0,1,0,0,0,18,13
1.0,0.0,12503,0,0,2,0,20,0,0,0,0,0,0,0,0,0,1,0,0,0,0,0,0,1,0,0,0,19,18
1.0,0.0,12503,0,0,0,0,20,0,0,0,0,0,0,0,0,0,1,0,0,0,0,0,0,1,0,0,0,20,13
1.0,0.0,12503,0,0,0,0,16,0,0,0,0,0,0,0,0,0,1,0,0,0,0,0,0,1,0,0,0,17,13
1.0,0.0,12503,0,0,2,0,31,0,0,0,0,0,0,0,0,0,1,0,0,0,0,0,0,1,0,0,0,20,13
1.0,0.0,12503,0,0,0,0,40,0,0,0,0,0,0,0,0,0,1,0,0,0,0,0,0,1,0,0,0,21,13
1.0,0.0,12503,0,0,0,0,16,0,0,0,0,0,0,0,0,0,1,0,0,0,0,0,0,1,0,0,0,17,13
1.0,0.0,12503,0,0,0,0,40,0,0,0,0,0,0,0,0,0,1,0,0,0,0,0,0,1,0,0,0,21,13
1.0,0.0,12542,0,0,0,0,31,0,0,0,0,0,0,0,0,0,1,0,0,0,0,0,0,1,0,0,0,16,36
1.0,0.0,12503,0,0,0,0,40,0,0,0,0,0,0,0,0,0,1,0,0,0,0,0,0,1,0,0,0,21,13
1.0,0.0,12503,0,0,0,0,22,0,0,0,0,0,0,0,0,0,1,0,0,0,0,0,0,1,0,0,0,14,13
1.0,0.0,12503,0,0,0,0,40,0,0,0,0,0,0,0,0,0,1,0,0,0,0,0,0,1,0,0,0,21,13
1.0,0.0,12503,0,0,0,0,16,0,0,0,0,0,0,0,0,0,1,0,0,0,0,0,0,1,0,0,0,17,13
1.0,0.0,12503,0,0,0,0,50,0,0,0,0,0,0,0,0,0,1,0,0,0,0,0,0,1,0,0,0,21,13
1.0,0.0,12542,0,0,0,0,16,0,0,0,0,0,0,0,0,0,1,0,0,0,0,0,0,1,0,0,0,17,36
1.0,0.0,12542,0,0,0,0,22,0,0,0,0,0,0,0,0,0,1,0,0,0,0,0,0,1,0,0,0,14,36
1.0,0.0,12542,0,0,0,0,28,0,0,0,0,0,0,0,0,0,1,0,0,0,0,0,0,1,0,0,0,18,36
1.0,0.0,12542,0,0,2,0,20,0,0,0,0,0,0,0,0,0,1,0,0,0,0,0,0,1,0,0,0,19,18
1.0,0.0,12542,0,0,0,0,28,0,0,0,0,0,0,0,0,0,1,0,0,0,0,0,0,1,0,0,0,18,36
1.0,0.0,12542,0,0,2,0,20,0,0,0,0,0,0,0,0,0,1,0,0,0,0,0,0,1,0,0,0,19,18
1.0,0.0,12503,0,0,0,0,50,0,0,0,0,0,0,0,0,0,1,0,0,0,0,0,0,1,0,0,0,21,13
1.0,0.0,12542,0,0,0,0,28,0,0,0,0,0,0,0,0,0,1,0,0,0,0,0,0,1,0,0,0,18,36
1.0,0.0,12542,0,0,2,0,20,0,0,0,0,0,0,0,0,0,1,0,0,0,0,0,0,1,0,0,0,19,18
1.0,0.0,12542,0,0,0,0,20,0,0,0,0,0,0,0,0,0,1,0,0,0,0,0,0,1,0,0,0,20,36
1.0,0.0,12542,0,0,0,0,16,0,0,0,0,0,0,0,0,0,1,0,0,0,0,0,0,1,0,0,0,17,36
1.0,0.0,12542,0,0,2,0,31,0,0,0,0,0,0,0,0,0,1,0,0,0,0,0,0,1,0,0,0,20,36
1.0,0.0,12542,0,0,0,0,40,0,0,0,0,0,0,0,0,0,1,0,0,0,0,0,0,1,0,0,0,21,36
1.0,0.0,12503,0,0,0,0,40,0,0,0,0,0,0,0,0,0,1,0,0,0,0,0,0,1,0,0,0,21,13
1.0,0.0,12542,0,0,0,0,16,0,0,0,0,0,0,0,0,0,1,0,0,0,0,0,0,1,0,0,0,17,36
1.0,0.0,12542,0,0,0,0,40,0,0,0,0,0,0,0,0,0,1,0,0,0,0,0,0,1,0,0,0,21,36
1.0,0.0,12503,0,0,0,0,26,0,0,0,0,0,0,0,0,0,1,0,0,0,0,0,0,1,0,0,0,30,1
1.0,0.0,-1,-1,-1,0,0,4,0,0,0,0,0,0,0,0,0,1,0,0,0,0,0,0,1,0,0,0,2,2
1.0,0.0,-1,-1,-1,0,0,4,0,0,0,0,0,0,0,0,0,1,0,0,0,0,0,0,1,0,0,0,2,2
1.0,0.0,-1,-1,-1,0,0,4,0,0,0,0,0,0,0,0,0,1,0,0,0,0,0,0,1,0,0,0,2,2
1.0,0.0,-1,-1,-1,0,0,4,0,0,0,0,0,0,0,0,0,1,0,0,0,0,0,0,1,0,0,0,2,2
1.0,0.0,-1,-1,-1,0,0,4,0,0,0,0,0,0,0,0,0,1,0,0,0,0,0,0,1,0,0,0,2,2
1.0,0.0,-1,-1,-1,0,0,4,0,0,0,0,0,0,0,0,0,1,0,0,0,0,0,0,1,0,0,0,2,2
1.0,0.0,-1,-1,-1,0,0,4,0,0,0,0,0,0,0,0,0,1,0,0,0,0,0,0,1,0,0,0,2,2
1.0,0.0,-1,-1,-1,0,0,4,0,0,0,0,0,0,0,0,0,1,0,0,0,0,0,0,1,0,0,0,2,2
1.0,0.0,-1,-1,-1,0,0,4,0,0,0,0,0,0,0,0,0,1,0,0,0,0,0,0,1,0,0,0,2,2
1.0,0.0,12503,0,0,0,0,23,0,0,0,0,0,0,0,0,0,1,0,0,0,0,0,0,1,0,0,0,12,10
1.0,0.0,12542,0,0,0,0,40,0,0,0,0,0,0,0,0,0,1,0,0,0,0,0,0,1,0,0,0,21,36
1.0,0.0,-1,-1,-1,0,0,5,0,0,0,0,0,0,0,0,0,1,0,0,0,0,0,0,1,0,0,0,2,2
1.0,0.0,0,0,0,0,0,19,0,0,0,0,0,0,0,0,0,1,0,0,0,0,0,0,1,0,0,0,1,1
1.0,0.0,0,0,0,0,0,24,0,0,0,0,0,0,0,0,0,1,0,0,0,0,0,0,1,0,0,0,5,10
1.0,0.0,-1,-1,-1,0,0,4,0,0,0,0,0,0,0,0,0,1,0,0,0,0,0,0,1,0,0,0,2,2
1.0,0.0,-1,-1,-1,0,0,4,0,0,0,0,0,0,0,0,0,1,0,0,0,0,0,0,1,0,0,0,2,2
1.0,0.0,-1,-1,-1,0,0,4,0,0,0,0,0,0,0,0,0,1,0,0,0,0,0,0,1,0,0,0,2,2
1.0,0.0,-1,-1,-1,0,0,4,0,0,0,0,0,0,0,0,0,1,0,0,0,0,0,0,1,0,0,0,2,2
1.0,0.0,-1,-1,-1,0,0,4,0,0,0,0,0,0,0,0,0,1,0,0,0,0,0,0,1,0,0,0,2,2
1.0,0.0,-1,-1,-1,0,0,5,0,0,0,0,0,0,0,0,0,1,0,0,0,0,0,0,1,0,0,0,2,2
1.0,0.0,65534,0,0,0,0,19,0,0,0,0,0,0,0,0,0,1,0,0,0,0,0,0,1,0,0,0,3,1
1.0,0.0,12542,0,0,0,0,22,0,0,0,0,0,0,0,0,0,1,0,0,0,0,0,0,1,0,0,0,14,36
1.0,0.0,65534,0,0,0,0,19,0,0,0,0,0,0,0,0,0,1,0,0,0,0,0,0,1,0,0,0,3,1
1.0,0.0,-1,-1,-1,0,0,4,0,0,0,0,0,0,0,0,0,1,0,0,0,0,0,0,1,0,0,0,2,2
1.0,0.0,-1,-1,-1,0,0,4,0,0,0,0,0,0,0,0,0,1,0,0,0,0,0,0,1,0,0,0,2,2
1.0,0.0,-1,-1,-1,0,0,4,0,0,0,0,0,0,0,0,0,1,0,0,0,0,0,0,1,0,0,0,2,2
1.0,0.0,-1,-1,-1,0,0,4,0,0,0,0,0,0,0,0,0,1,0,0,0,0,0,0,1,0,0,0,2,2
1.0,0.0,-1,-1,-1,0,0,4,0,0,0,0,0,0,0,0,0,1,0,0,0,0,0,0,1,0,0,0,2,2
1.0,0.0,0,-1,5,0,0,10,0,0,0,0,0,0,0,0,0,1,0,0,0,0,0,0,1,0,0,0,1,1
1.0,0.0,-1,-1,-1,0,0,5,0,0,0,0,0,0,0,0,0,1,0,0,0,0,0,0,1,0,0,0,2,2
1.0,0.0,0,0,0,0,0,24,0,0,0,0,0,0,0,0,0,1,0,0,0,0,0,0,1,0,0,0,5,10
1.0,0.0,-1,-1,-1,0,0,5,0,0,0,0,0,0,0,0,0,1,0,0,0,0,0,0,1,0,0,0,2,2
1.0,0.0,0,-1,5,0,0,9,0,0,0,0,0,0,0,0,0,1,0,0,0,0,0,0,1,0,0,0,6,10
1.0,0.0,-1,-1,-1,0,0,5,0,0,0,0,0,0,0,0,0,1,0,0,0,0,0,0,1,0,0,0,2,2
1.0,0.0,12503,0,0,0,0,20,0,0,0,0,0,0,0,0,0,1,0,0,0,0,0,0,1,0,0,0,10,10
1.0,0.0,12503,0,0,0,0,28,0,0,0,0,0,0,0,0,0,1,0,0,0,0,0,0,1,0,0,0,11,55
1.0,0.0,12503,0,0,0,0,31,0,0,0,0,0,0,0,0,0,1,0,0,0,0,0,0,1,0,0,0,12,10
1.0,0.0,-1,-1,-1,0,0,5,0,0,0,0,0,0,0,0,0,1,0,0,0,0,0,0,1,0,0,0,2,2
1.0,0.0,12542,0,0,0,0,16,0,0,0,0,0,0,0,0,0,1,0,0,0,0,0,0,1,0,0,0,38,36
1.0,0.0,12542,0,0,0,0,16,0,0,0,0,0,0,0,0,0,1,0,0,0,0,0,0,1,0,0,0,38,36
1.0,0.0,12542,0,0,0,0,40,0,0,0,0,0,0,0,0,0,1,0,0,0,0,0,0,1,0,0,0,21,36
1.0,0.0,-1,-1,-1,0,0,4,0,0,0,0,0,0,0,0,0,1,0,0,0,0,0,0,1,0,0,0,2,2
1.0,0.0,-1,-1,-1,0,0,4,0,0,0,0,0,0,0,0,0,1,0,0,0,0,0,0,1,0,0,0,2,2
1.0,0.0,-1,-1,-1,0,0,4,0,0,0,0,0,0,0,0,0,1,0,0,0,0,0,0,1,0,0,0,2,2
1.0,0.0,-1,-1,-1,0,0,4,0,0,0,0,0,0,0,0,0,1,0,0,0,0,0,0,1,0,0,0,2,2
1.0,0.0,-1,-1,-1,0,0,4,0,0,0,0,0,0,0,0,0,1,0,0,0,0,0,0,1,0,0,0,2,2
1.0,0.0,12542,0,0,0,0,16,0,0,0,0,0,0,0,0,0,1,0,0,0,0,0,0,1,0,0,0,17,36
1.0,0.0,12542,0,0,0,0,16,0,0,0,0,0,0,0,0,0,1,0,0,0,0,0,0,1,0,0,0,39,36
1.0,0.0,12542,0,0,0,0,16,0,0,0,0,0,0,0,0,0,1,0,0,0,0,0,0,1,0,0,0,39,36
1.0,0.0,12542,0,0,0,0,40,0,0,0,0,0,0,0,0,0,1,0,0,0,0,0,0,1,0,0,0,40,36
1.0,0.0,-1,-1,-1,0,0,4,0,0,0,0,0,0,0,0,0,1,0,0,0,0,0,0,1,0,0,0,2,2
1.0,0.0,-1,-1,-1,0,0,4,0,0,0,0,0,0,0,0,0,1,0,0,0,0,0,0,1,0,0,0,2,2
1.0,0.0,-1,-1,-1,0,0,4,0,0,0,0,0,0,0,0,0,1,0,0,0,0,0,0,1,0,0,0,2,2
1.0,0.0,12503,0,0,0,0,23,0,0,0,0,0,0,0,0,0,1,0,0,0,0,0,0,1,0,0,0,13,1
1.0,0.0,12503,0,0,0,0,22,0,0,0,0,0,0,0,0,0,1,0,0,0,0,0,0,1,0,0,0,14,13
1.0,0.0,12503,0,0,0,0,22,0,0,0,0,0,0,0,0,0,1,0,0,0,0,0,0,1,0,0,0,14,13
1.0,0.0,12503,0,0,0,0,31,0,0,0,0,0,0,0,0,0,1,0,0,0,0,0,0,1,0,0,0,15,13
1.0,0.0,12503,0,0,0,0,31,0,0,0,0,0,0,0,0,0,1,0,0,0,0,0,0,1,0,0,0,16,13
1.0,0.0,12503,0,0,0,0,16,0,0,0,0,0,0,0,0,0,1,0,0,0,0,0,0,1,0,0,0,17,13
1.0,0.0,12503,0,0,0,0,22,0,0,0,0,0,0,0,0,0,1,0,0,0,0,0,0,1,0,0,0,14,13
1.0,0.0,12503,0,0,0,0,28,0,0,0,0,0,0,0,0,0,1,0,0,0,0,0,0,1,0,0,0,18,13
1.0,0.0,12503,0,0,2,0,20,0,0,0,0,0,0,0,0,0,1,0,0,0,0,0,0,1,0,0,0,19,18
1.0,0.0,12503,0,0,0,0,28,0,0,0,0,0,0,0,0,0,1,0,0,0,0,0,0,1,0,0,0,18,13
1.0,0.0,12503,0,0,2,0,20,0,0,0,0,0,0,0,0,0,1,0,0,0,0,0,0,1,0,0,0,19,18
1.0,0.0,12503,0,0,0,0,28,0,0,0,0,0,0,0,0,0,1,0,0,0,0,0,0,1,0,0,0,18,13
1.0,0.0,12503,0,0,2,0,20,0,0,0,0,0,0,0,0,0,1,0,0,0,0,0,0,1,0,0,0,19,18
1.0,0.0,12503,0,0,0,0,20,0,0,0,0,0,0,0,0,0,1,0,0,0,0,0,0,1,0,0,0,20,13
1.0,0.0,12503,0,0,0,0,16,0,0,0,0,0,0,0,0,0,1,0,0,0,0,0,0,1,0,0,0,17,13
1.0,0.0,12503,0,0,2,0,31,0,0,0,0,0,0,0,0,0,1,0,0,0,0,0,0,1,0,0,0,20,13
1.0,0.0,12503,0,0,0,0,40,0,0,0,0,0,0,0,0,0,1,0,0,0,0,0,0,1,0,0,0,21,13
1.0,0.0,12503,0,0,0,0,16,0,0,0,0,0,0,0,0,0,1,0,0,0,0,0,0,1,0,0,0,17,13
1.0,0.0,12503,0,0,0,0,40,0,0,0,0,0,0,0,0,0,1,0,0,0,0,0,0,1,0,0,0,21,13
1.0,0.0,12542,0,0,0,0,42,0,0,0,0,0,0,0,0,0,1,0,0,0,0,0,0,1,0,0,0,41,36
1.0,0.0,12503,0,0,0,0,40,0,0,0,0,0,0,0,0,0,1,0,0,0,0,0,0,1,0,0,0,21,13
1.0,0.0,12503,0,0,0,0,22,0,0,0,0,0,0,0,0,0,1,0,0,0,0,0,0,1,0,0,0,14,13
1.0,0.0,12503,0,0,0,0,40,0,0,0,0,0,0,0,0,0,1,0,0,0,0,0,0,1,0,0,0,21,13
1.0,0.0,12503,0,0,0,0,16,0,0,0,0,0,0,0,0,0,1,0,0,0,0,0,0,1,0,0,0,17,13
1.0,0.0,12503,0,0,0,0,50,0,0,0,0,0,0,0,0,0,1,0,0,0,0,0,0,1,0,0,0,21,13
1.0,0.0,12503,0,0,0,0,50,0,0,0,0,0,0,0,0,0,1,0,0,0,0,0,0,1,0,0,0,21,13
1.0,0.0,12503,0,0,0,0,40,0,0,0,0,0,0,0,0,0,1,0,0,0,0,0,0,1,0,0,0,21,13
1.0,0.0,12503,0,0,0,0,26,0,0,0,0,0,0,0,0,0,1,0,0,0,0,0,0,1,0,0,0,30,1
1.0,0.0,-1,-1,-1,0,0,4,0,0,0,0,0,0,0,0,0,1,0,0,0,0,0,0,1,0,0,0,2,2
1.0,0.0,-1,-1,-1,0,0,4,0,0,0,0,0,0,0,0,0,1,0,0,0,0,0,0,1,0,0,0,2,2
1.0,0.0,-1,-1,-1,0,0,4,0,0,0,0,0,0,0,0,0,1,0,0,0,0,0,0,1,0,0,0,2,2
1.0,0.0,-1,-1,-1,0,0,4,0,0,0,0,0,0,0,0,0,1,0,0,0,0,0,0,1,0,0,0,2,2
1.0,0.0,-1,-1,-1,0,0,4,0,0,0,0,0,0,0,0,0,1,0,0,0,0,0,0,1,0,0,0,2,2
1.0,0.0,-1,-1,-1,0,0,4,0,0,0,0,0,0,0,0,0,1,0,0,0,0,0,0,1,0,0,0,2,2
1.0,0.0,-1,-1,-1,0,0,4,0,0,0,0,0,0,0,0,0,1,0,0,0,0,0,0,1,0,0,0,2,2
1.0,0.0,-1,-1,-1,0,0,4,0,0,0,0,0,0,0,0,0,1,0,0,0,0,0,0,1,0,0,0,2,2
1.0,0.0,-1,-1,-1,0,0,4,0,0,0,0,0,0,0,0,0,1,0,0,0,0,0,0,1,0,0,0,2,2
1.0,0.0,12503,0,0,0,0,23,0,0,0,0,0,0,0,0,0,1,0,0,0,0,0,0,1,0,0,0,12,10
1.0,0.0,0,0,0,0,0,19,0,0,0,0,0,0,0,0,0,1,0,0,0,0,0,0,1,0,0,0,1,1
1.0,0.0,-1,-1,-1,0,0,5,0,0,0,0,0,0,0,0,0,1,0,0,0,0,0,0,1,0,0,0,2,2
1.0,0.0,-1,-1,-1,0,0,4,0,0,0,0,0,0,0,0,0,1,0,0,0,0,0,0,1,0,0,0,2,2
1.0,0.0,-1,-1,-1,0,0,4,0,0,0,0,0,0,0,0,0,1,0,0,0,0,0,0,1,0,0,0,2,2
1.0,0.0,-1,-1,-1,0,0,4,0,0,0,0,0,0,0,0,0,1,0,0,0,0,0,0,1,0,0,0,2,2
1.0,0.0,-1,-1,-1,0,0,4,0,0,0,0,0,0,0,0,0,1,0,0,0,0,0,0,1,0,0,0,2,2
1.0,0.0,-1,-1,-1,0,0,4,0,0,0,0,0,0,0,0,0,1,0,0,0,0,0,0,1,0,0,0,2,2
1.0,0.0,0,0,0,0,0,24,0,0,0,0,0,0,0,0,0,1,0,0,0,0,0,0,1,0,0,0,5,10
1.0,0.0,65534,0,0,0,0,19,0,0,0,0,0,0,0,0,0,1,0,0,0,0,0,0,1,0,0,0,3,1
1.0,0.0,-1,-1,-1,0,0,5,0,0,0,0,0,0,0,0,0,1,0,0,0,0,0,0,1,0,0,0,2,2
1.0,0.0,65534,0,0,0,0,19,0,0,0,0,0,0,0,0,0,1,0,0,0,0,0,0,1,0,0,0,3,1
1.0,0.0,-1,-1,-1,0,0,4,0,0,0,0,0,0,0,0,0,1,0,0,0,0,0,0,1,0,0,0,2,2
1.0,0.0,-1,-1,-1,0,0,4,0,0,0,0,0,0,0,0,0,1,0,0,0,0,0,0,1,0,0,0,2,2
1.0,0.0,-1,-1,-1,0,0,4,0,0,0,0,0,0,0,0,0,1,0,0,0,0,0,0,1,0,0,0,2,2
1.0,0.0,-1,-1,-1,0,0,4,0,0,0,0,0,0,0,0,0,1,0,0,0,0,0,0,1,0,0,0,2,2
1.0,0.0,-1,-1,-1,0,0,4,0,0,0,0,0,0,0,0,0,1,0,0,0,0,0,0,1,0,0,0,2,2
1.0,0.0,0,-1,5,0,0,10,0,0,0,0,0,0,0,0,0,1,0,0,0,0,0,0,1,0,0,0,1,1
1.0,0.0,-1,-1,-1,0,0,5,0,0,0,0,0,0,0,0,0,1,0,0,0,0,0,0,1,0,0,0,2,2
1.0,0.0,0,0,0,0,0,24,0,0,0,0,0,0,0,0,0,1,0,0,0,0,0,0,1,0,0,0,5,10
1.0,0.0,-1,-1,-1,0,0,5,0,0,0,0,0,0,0,0,0,1,0,0,0,0,0,0,1,0,0,0,2,2
1.0,0.0,0,-1,5,0,0,9,0,0,0,0,0,0,0,0,0,1,0,0,0,0,0,0,1,0,0,0,6,10
1.0,0.0,991,0,-2,0,0,15,0,0,0,0,0,0,0,0,0,1,0,0,0,0,0,0,1,0,0,0,42,42
1.0,0.0,991,0,-2,0,0,15,0,0,0,0,0,0,0,0,0,1,0,0,0,0,0,0,1,0,0,0,42,42
1.0,0.0,991,0,-2,0,0,14,0,0,0,0,0,0,0,0,0,1,0,0,0,0,0,0,1,0,0,0,42,42
1.0,0.0,-1,-1,-1,0,0,5,0,0,0,0,0,0,0,0,0,1,0,0,0,0,0,0,1,0,0,0,2,2
1.0,0.0,0,0,0,0,0,19,0,0,0,0,0,0,0,0,0,1,0,0,0,0,0,0,1,0,0,0,43,42
1.0,0.0,12503,0,0,0,0,20,0,0,0,0,0,0,0,0,0,1,0,0,0,0,0,0,1,0,0,0,10,10
1.0,0.0,12503,0,0,0,0,28,0,0,0,0,0,0,0,0,0,1,0,0,0,0,0,0,1,0,0,0,11,55
1.0,0.0,-1,-1,-1,0,0,4,0,0,0,0,0,0,0,0,0,1,0,0,0,0,0,0,1,0,0,0,2,2
1.0,0.0,-1,-1,-1,0,0,8,0,0,0,0,0,0,0,0,0,1,0,0,0,0,0,0,1,0,0,0,2,2
1.0,0.0,-1,-1,-1,0,0,4,0,0,0,0,0,0,0,0,0,1,0,0,0,0,0,0,1,0,0,0,2,2
1.0,0.0,-1,-1,-1,0,0,4,0,0,0,0,0,0,0,0,0,1,0,0,0,0,0,0,1,0,0,0,2,2
1.0,0.0,0,0,0,0,0,25,0,0,0,0,0,0,0,0,0,1,0,0,0,0,0,0,1,0,0,0,44,43
1.0,0.0,0,0,0,0,0,77,0,0,0,0,0,0,0,0,0,1,0,0,0,0,0,0,1,0,0,0,45,43
1.0,0.0,-1,-1,-1,0,0,4,0,0,0,0,0,0,0,0,0,1,0,0,0,0,0,0,1,0,0,0,2,2
1.0,0.0,-1,-1,-1,0,0,4,0,0,0,0,0,0,0,0,0,1,0,0,0,0,0,0,1,0,0,0,2,2
1.0,0.0,12503,0,0,0,0,31,0,0,0,0,0,0,0,0,0,1,0,0,0,0,0,0,1,0,0,0,12,10
1.0,0.0,-1,-1,-1,0,0,5,0,0,0,0,0,0,0,0,0,1,0,0,0,0,0,0,1,0,0,0,2,2
1.0,0.0,-1,-1,-1,0,0,4,0,0,0,0,0,0,0,0,0,1,0,0,0,0,0,0,1,0,0,0,2,2
1.0,0.0,-1,-1,-1,0,0,4,0,0,0,0,0,0,0,0,0,1,0,0,0,0,0,0,1,0,0,0,2,2
1.0,0.0,-1,-1,-1,0,0,4,0,0,0,0,0,0,0,0,0,1,0,0,0,0,0,0,1,0,0,0,2,2
1.0,0.0,-1,-1,-1,0,0,4,0,0,0,0,0,0,0,0,0,1,0,0,0,0,0,0,1,0,0,0,2,2
1.0,0.0,-1,-1,-1,0,0,4,0,0,0,0,0,0,0,0,0,1,0,0,0,0,0,0,1,0,0,0,2,2
1.0,0.0,-1,-1,-1,0,0,4,0,0,0,0,0,0,0,0,0,1,0,0,0,0,0,0,1,0,0,0,2,2
1.0,0.0,-1,-1,-1,0,0,4,0,0,0,0,0,0,0,0,0,1,0,0,0,0,0,0,1,0,0,0,2,2
1.0,0.0,-1,-1,-1,0,0,4,0,0,0,0,0,0,0,0,0,1,0,0,0,0,0,0,1,0,0,0,2,2
1.0,0.0,12503,0,0,0,0,23,0,0,0,0,0,0,0,0,0,1,0,0,0,0,0,0,1,0,0,0,13,1
1.0,0.0,12503,0,0,0,0,22,0,0,0,0,0,0,0,0,0,1,0,0,0,0,0,0,1,0,0,0,14,13
1.0,0.0,12503,0,0,0,0,22,0,0,0,0,0,0,0,0,0,1,0,0,0,0,0,0,1,0,0,0,14,13
1.0,0.0,12503,0,0,0,0,31,0,0,0,0,0,0,0,0,0,1,0,0,0,0,0,0,1,0,0,0,15,13
1.0,0.0,12503,0,0,0,0,31,0,0,0,0,0,0,0,0,0,1,0,0,0,0,0,0,1,0,0,0,16,13
1.0,0.0,12503,0,0,0,0,16,0,0,0,0,0,0,0,0,0,1,0,0,0,0,0,0,1,0,0,0,17,13
1.0,0.0,12503,0,0,0,0,22,0,0,0,0,0,0,0,0,0,1,0,0,0,0,0,0,1,0,0,0,14,13
1.0,0.0,12503,0,0,0,0,28,0,0,0,0,0,0,0,0,0,1,0,0,0,0,0,0,1,0,0,0,18,13
1.0,0.0,12503,0,0,2,0,20,0,0,0,0,0,0,0,0,0,1,0,0,0,0,0,0,1,0,0,0,19,18
1.0,0.0,12503,0,0,0,0,28,0,0,0,0,0,0,0,0,0,1,0,0,0,0,0,0,1,0,0,0,18,13
1.0,0.0,12503,0,0,2,0,20,0,0,0,0,0,0,0,0,0,1,0,0,0,0,0,0,1,0,0,0,19,18
1.0,0.0,12503,0,0,0,0,28,0,0,0,0,0,0,0,0,0,1,0,0,0,0,0,0,1,0,0,0,18,13
1.0,0.0,12503,0,0,2,0,20,0,0,0,0,0,0,0,0,0,1,0,0,0,0,0,0,1,0,0,0,19,18
1.0,0.0,12503,0,0,0,0,20,0,0,0,0,0,0,0,0,0,1,0,0,0,0,0,0,1,0,0,0,20,13
1.0,0.0,12503,0,0,0,0,16,0,0,0,0,0,0,0,0,0,1,0,0,0,0,0,0,1,0,0,0,17,13
1.0,0.0,12503,0,0,2,0,31,0,0,0,0,0,0,0,0,0,1,0,0,0,0,0,0,1,0,0,0,20,13
1.0,0.0,12503,0,0,0,0,40,0,0,0,0,0,0,0,0,0,1,0,0,0,0,0,0,1,0,0,0,21,13
1.0,0.0,12503,0,0,0,0,16,0,0,0,0,0,0,0,0,0,1,0,0,0,0,0,0,1,0,0,0,17,13
1.0,0.0,12503,0,0,0,0,40,0,0,0,0,0,0,0,0,0,1,0,0,0,0,0,0,1,0,0,0,21,13
1.0,0.0,12503,0,0,0,0,40,0,0,0,0,0,0,0,0,0,1,0,0,0,0,0,0,1,0,0,0,21,13
1.0,0.0,12503,0,0,0,0,22,0,0,0,0,0,0,0,0,0,1,0,0,0,0,0,0,1,0,0,0,14,13
1.0,0.0,12503,0,0,0,0,40,0,0,0,0,0,0,0,0,0,1,0,0,0,0,0,0,1,0,0,0,21,13
1.0,0.0,12503,0,0,0,0,16,0,0,0,0,0,0,0,0,0,1,0,0,0,0,0,0,1,0,0,0,17,13
1.0,0.0,12503,0,0,0,0,50,0,0,0,0,0,0,0,0,0,1,0,0,0,0,0,0,1,0,0,0,21,13
1.0,0.0,12503,0,0,0,0,50,0,0,0,0,0,0,0,0,0,1,0,0,0,0,0,0,1,0,0,0,21,13
1.0,0.0,12503,0,0,0,0,40,0,0,0,0,0,0,0,0,0,1,0,0,0,0,0,0,1,0,0,0,21,13
1.0,0.0,12503,0,0,0,0,26,0,0,0,0,0,0,0,0,0,1,0,0,0,0,0,0,1,0,0,0,30,1
1.0,0.0,125715,0,0,0,0,18,0,0,0,0,0,0,0,0,0,1,0,0,0,0,0,0,1,0,0,0,26,56
1.0,0.0,125715,0,0,0,0,19,0,0,0,0,0,0,0,0,0,1,0,0,0,0,0,0,1,0,0,0,19,26
1.0,0.0,125715,0,0,0,0,15,0,0,0,0,0,0,0,0,0,1,0,0,0,0,0,0,1,0,0,0,19,26
1.0,0.0,125715,0,0,0,0,15,0,0,0,0,0,0,0,0,0,1,0,0,0,0,0,0,1,0,0,0,27,26
1.0,0.0,0,0,0,0,0,19,0,0,0,0,0,0,0,0,0,1,0,0,0,0,0,0,1,0,0,0,1,1
1.0,0.0,-1,-1,-1,0,0,4,0,0,0,0,0,0,0,0,0,1,0,0,0,0,0,0,1,0,0,0,2,2
1.0,0.0,-1,-1,-1,0,0,4,0,0,0,0,0,0,0,0,0,1,0,0,0,0,0,0,1,0,0,0,2,2
1.0,0.0,-1,-1,-1,0,0,4,0,0,0,0,0,0,0,0,0,1,0,0,0,0,0,0,1,0,0,0,2,2
1.0,0.0,-1,-1,-1,0,0,4,0,0,0,0,0,0,0,0,0,1,0,0,0,0,0,0,1,0,0,0,2,2
1.0,0.0,-1,-1,-1,0,0,4,0,0,0,0,0,0,0,0,0,1,0,0,0,0,0,0,1,0,0,0,2,2
1.0,0.0,65534,0,0,0,0,19,0,0,0,0,0,0,0,0,0,1,0,0,0,0,0,0,1,0,0,0,3,1
1.0,0.0,-1,-1,-1,0,0,4,0,0,0,0,0,0,0,0,0,1,0,0,0,0,0,0,1,0,0,0,2,2
1.0,0.0,-1,-1,-1,0,0,4,0,0,0,0,0,0,0,0,0,1,0,0,0,0,0,0,1,0,0,0,2,2
1.0,0.0,12542,0,0,0,0,40,0,0,0,0,0,0,0,0,0,1,0,0,0,0,0,0,1,0,0,0,40,36
1.0,0.0,12542,0,0,0,0,42,0,0,0,0,0,0,0,0,0,1,0,0,0,0,0,0,1,0,0,0,41,36
1.0,0.0,-1,-1,-1,0,0,4,0,0,0,0,0,0,0,0,0,1,0,0,0,0,0,0,1,0,0,0,2,2
1.0,0.0,-1,-1,-1,0,0,4,0,0,0,0,0,0,0,0,0,1,0,0,0,0,0,0,1,0,0,0,2,2
1.0,0.0,-1,-1,-1,0,0,4,0,0,0,0,0,0,0,0,0,1,0,0,0,0,0,0,1,0,0,0,2,2
1.0,0.0,0,-1,5,0,0,10,0,0,0,0,0,0,0,0,0,1,0,0,0,0,0,0,1,0,0,0,1,1
1.0,0.0,-1,-1,-1,0,0,5,0,0,0,0,0,0,0,0,0,1,0,0,0,0,0,0,1,0,0,0,2,2
1.0,0.0,0,0,0,0,0,24,0,0,0,0,0,0,0,0,0,1,0,0,0,0,0,0,1,0,0,0,5,10
1.0,0.0,-1,-1,-1,0,0,5,0,0,0,0,0,0,0,0,0,1,0,0,0,0,0,0,1,0,0,0,2,2
1.0,0.0,0,-1,5,0,0,9,0,0,0,0,0,0,0,0,0,1,0,0,0,0,0,0,1,0,0,0,6,10
1.0,0.0,-1,-1,-1,0,0,5,0,0,0,0,0,0,0,0,0,1,0,0,0,0,0,0,1,0,0,0,2,2
1.0,0.0,12546,0,0,0,0,20,0,0,0,0,0,0,0,0,0,1,0,0,0,0,0,0,1,0,0,0,10,10
1.0,0.0,12546,0,0,0,0,28,0,0,0,0,0,0,0,0,0,1,0,0,0,0,0,0,1,0,0,0,11,55
1.0,0.0,12546,0,0,0,0,31,0,0,0,0,0,0,0,0,0,1,0,0,0,0,0,0,1,0,0,0,12,10
1.0,0.0,12542,0,0,0,0,40,0,0,0,0,0,0,0,0,0,1,0,0,0,0,0,0,1,0,0,0,40,36
1.0,0.0,12542,0,0,0,0,42,0,0,0,0,0,0,0,0,0,1,0,0,0,0,0,0,1,0,0,0,41,36
1.0,0.0,-1,-1,-1,0,0,5,0,0,0,0,0,0,0,0,0,1,0,0,0,0,0,0,1,0,0,0,2,2
1.0,0.0,-1,-1,-1,0,0,4,0,0,0,0,0,0,0,0,0,1,0,0,0,0,0,0,1,0,0,0,2,2
1.0,0.0,-1,-1,-1,0,0,4,0,0,0,0,0,0,0,0,0,1,0,0,0,0,0,0,1,0,0,0,2,2
1.0,0.0,-1,-1,-1,0,0,4,0,0,0,0,0,0,0,0,0,1,0,0,0,0,0,0,1,0,0,0,2,2
1.0,0.0,-1,-1,-1,0,0,4,0,0,0,0,0,0,0,0,0,1,0,0,0,0,0,0,1,0,0,0,2,2
1.0,0.0,-1,-1,-1,0,0,4,0,0,0,0,0,0,0,0,0,1,0,0,0,0,0,0,1,0,0,0,2,2
1.0,0.0,-1,-1,-1,0,0,4,0,0,0,0,0,0,0,0,0,1,0,0,0,0,0,0,1,0,0,0,2,2
1.0,0.0,-1,-1,-1,0,0,4,0,0,0,0,0,0,0,0,0,1,0,0,0,0,0,0,1,0,0,0,2,2
1.0,0.0,-1,-1,-1,0,0,4,0,0,0,0,0,0,0,0,0,1,0,0,0,0,0,0,1,0,0,0,2,2
1.0,0.0,12546,0,0,0,0,15,0,0,0,0,0,0,0,0,0,1,0,0,0,0,0,0,1,0,0,0,13,1
1.0,0.0,12546,0,0,0,0,22,0,0,0,0,0,0,0,0,0,1,0,0,0,0,0,0,1,0,0,0,14,13
1.0,0.0,12546,0,0,0,0,22,0,0,0,0,0,0,0,0,0,1,0,0,0,0,0,0,1,0,0,0,14,13
1.0,0.0,12546,0,0,0,0,31,0,0,0,0,0,0,0,0,0,1,0,0,0,0,0,0,1,0,0,0,15,13
1.0,0.0,-1,-1,-1,0,0,4,0,0,0,0,0,0,0,0,0,1,0,0,0,0,0,0,1,0,0,0,2,2
1.0,0.0,12546,0,0,0,0,31,0,0,0,0,0,0,0,0,0,1,0,0,0,0,0,0,1,0,0,0,16,13
1.0,0.0,-1,-1,-1,0,0,4,0,0,0,0,0,0,0,0,0,1,0,0,0,0,0,0,1,0,0,0,2,2
1.0,0.0,12542,0,0,0,0,23,0,0,0,0,0,0,0,0,0,1,0,0,0,0,0,0,1,0,0,0,12,10
1.0,0.0,12546,0,0,0,0,16,0,0,0,0,0,0,0,0,0,1,0,0,0,0,0,0,1,0,0,0,17,13
1.0,0.0,12546,0,0,0,0,22,0,0,0,0,0,0,0,0,0,1,0,0,0,0,0,0,1,0,0,0,14,13
1.0,0.0,-1,-1,-1,0,0,5,0,0,0,0,0,0,0,0,0,1,0,0,0,0,0,0,1,0,0,0,2,2
1.0,0.0,12546,0,0,0,0,28,0,0,0,0,0,0,0,0,0,1,0,0,0,0,0,0,1,0,0,0,18,13
1.0,0.0,12546,0,0,2,0,20,0,0,0,0,0,0,0,0,0,1,0,0,0,0,0,0,1,0,0,0,19,18
1.0,0.0,12546,0,0,0,0,28,0,0,0,0,0,0,0,0,0,1,0,0,0,0,0,0,1,0,0,0,18,13
1.0,0.0,0,0,0,0,0,24,0,0,0,0,0,0,0,0,0,1,0,0,0,0,0,0,1,0,0,0,5,10
1.0,0.0,12546,0,0,2,0,20,0,0,0,0,0,0,0,0,0,1,0,0,0,0,0,0,1,0,0,0,19,18
1.0,0.0,12546,0,0,0,0,28,0,0,0,0,0,0,0,0,0,1,0,0,0,0,0,0,1,0,0,0,18,13
1.0,0.0,12546,0,0,2,0,20,0,0,0,0,0,0,0,0,0,1,0,0,0,0,0,0,1,0,0,0,19,18
1.0,0.0,12546,0,0,0,0,20,0,0,0,0,0,0,0,0,0,1,0,0,0,0,0,0,1,0,0,0,20,13
1.0,0.0,12546,0,0,0,0,16,0,0,0,0,0,0,0,0,0,1,0,0,0,0,0,0,1,0,0,0,17,13
1.0,0.0,12546,0,0,2,0,31,0,0,0,0,0,0,0,0,0,1,0,0,0,0,0,0,1,0,0,0,20,13
1.0,0.0,12546,0,0,0,0,40,0,0,0,0,0,0,0,0,0,1,0,0,0,0,0,0,1,0,0,0,21,13
1.0,0.0,-1,-1,-1,0,0,5,0,0,0,0,0,0,0,0,0,1,0,0,0,0,0,0,1,0,0,0,2,2
1.0,0.0,12546,0,0,0,0,16,0,0,0,0,0,0,0,0,0,1,0,0,0,0,0,0,1,0,0,0,17,13
1.0,0.0,0,0,0,0,0,19,0,0,0,0,0,0,0,0,0,1,0,0,0,0,0,0,1,0,0,0,1,1
1.0,0.0,12546,0,0,0,0,40,0,0,0,0,0,0,0,0,0,1,0,0,0,0,0,0,1,0,0,0,21,13
1.0,0.0,-1,-1,-1,0,0,4,0,0,0,0,0,0,0,0,0,1,0,0,0,0,0,0,1,0,0,0,2,2
1.0,0.0,-1,-1,-1,0,0,4,0,0,0,0,0,0,0,0,0,1,0,0,0,0,0,0,1,0,0,0,2,2
1.0,0.0,-1,-1,-1,0,0,4,0,0,0,0,0,0,0,0,0,1,0,0,0,0,0,0,1,0,0,0,2,2
1.0,0.0,-1,-1,-1,0,0,4,0,0,0,0,0,0,0,0,0,1,0,0,0,0,0,0,1,0,0,0,2,2
1.0,0.0,-1,-1,-1,0,0,4,0,0,0,0,0,0,0,0,0,1,0,0,0,0,0,0,1,0,0,0,2,2
1.0,0.0,12546,0,0,0,0,40,0,0,0,0,0,0,0,0,0,1,0,0,0,0,0,0,1,0,0,0,21,13
1.0,0.0,12546,0,0,0,0,22,0,0,0,0,0,0,0,0,0,1,0,0,0,0,0,0,1,0,0,0,14,13
1.0,0.0,12546,0,0,2,0,20,0,0,0,0,0,0,0,0,0,1,0,0,0,0,0,0,1,0,0,0,46,1
1.0,0.0,-1,-1,-1,0,0,4,0,0,0,0,0,0,0,0,0,1,0,0,0,0,0,0,1,0,0,0,2,2
1.0,0.0,-1,-1,-1,0,0,4,0,0,0,0,0,0,0,0,0,1,0,0,0,0,0,0,1,0,0,0,2,2
1.0,0.0,-1,-1,-1,0,0,4,0,0,0,0,0,0,0,0,0,1,0,0,0,0,0,0,1,0,0,0,2,2
1.0,0.0,-1,-1,-1,0,0,4,0,0,0,0,0,0,0,0,0,1,0,0,0,0,0,0,1,0,0,0,2,2
1.0,0.0,-1,-1,-1,0,0,4,0,0,0,0,0,0,0,0,0,1,0,0,0,0,0,0,1,0,0,0,2,2
1.0,0.0,-1,-1,-1,0,0,4,0,0,0,0,0,0,0,0,0,1,0,0,0,0,0,0,1,0,0,0,2,2
1.0,0.0,-1,-1,-1,0,0,4,0,0,0,0,0,0,0,0,0,1,0,0,0,0,0,0,1,0,0,0,2,2
1.0,0.0,-1,-1,-1,0,0,4,0,0,0,0,0,0,0,0,0,1,0,0,0,0,0,0,1,0,0,0,2,2
1.0,0.0,-1,-1,-1,0,0,4,0,0,0,0,0,0,0,0,0,1,0,0,0,0,0,0,1,0,0,0,2,2
1.0,0.0,65534,0,0,0,0,19,0,0,0,0,0,0,0,0,0,1,0,0,0,0,0,0,1,0,0,0,3,1
1.0,0.0,12546,0,0,0,0,23,0,0,0,0,0,0,0,0,0,1,0,0,0,0,0,0,1,0,0,0,12,10
1.0,0.0,-1,-1,-1,0,0,4,0,0,0,0,0,0,0,0,0,1,0,0,0,0,0,0,1,0,0,0,2,2
1.0,0.0,-1,-1,-1,0,0,4,0,0,0,0,0,0,0,0,0,1,0,0,0,0,0,0,1,0,0,0,2,2
1.0,0.0,-1,-1,-1,0,0,5,0,0,0,0,0,0,0,0,0,1,0,0,0,0,0,0,1,0,0,0,2,2
1.0,0.0,0,0,0,0,0,24,0,0,0,0,0,0,0,0,0,1,0,0,0,0,0,0,1,0,0,0,5,10
1.0,0.0,-1,-1,-1,0,0,4,0,0,0,0,0,0,0,0,0,1,0,0,0,0,0,0,1,0,0,0,2,2
1.0,0.0,-1,-1,-1,0,0,4,0,0,0,0,0,0,0,0,0,1,0,0,0,0,0,0,1,0,0,0,2,2
1.0,0.0,-1,-1,-1,0,0,5,0,0,0,0,0,0,0,0,0,1,0,0,0,0,0,0,1,0,0,0,2,2
1.0,0.0,-1,-1,-1,0,0,4,0,0,0,0,0,0,0,0,0,1,0,0,0,0,0,0,1,0,0,0,2,2
1.0,0.0,0,-1,5,0,0,10,0,0,0,0,0,0,0,0,0,1,0,0,0,0,0,0,1,0,0,0,1,1
1.0,0.0,-1,-1,-1,0,0,5,0,0,0,0,0,0,0,0,0,1,0,0,0,0,0,0,1,0,0,0,2,2
1.0,0.0,0,0,0,0,0,24,0,0,0,0,0,0,0,0,0,1,0,0,0,0,0,0,1,0,0,0,5,10
1.0,0.0,-1,-1,-1,0,0,5,0,0,0,0,0,0,0,0,0,1,0,0,0,0,0,0,1,0,0,0,2,2
1.0,0.0,0,-1,5,0,0,9,0,0,0,0,0,0,0,0,0,1,0,0,0,0,0,0,1,0,0,0,6,10
1.0,0.0,-1,-1,-1,0,0,5,0,0,0,0,0,0,0,0,0,1,0,0,0,0,0,0,1,0,0,0,2,2
1.0,0.0,12546,0,0,0,0,20,0,0,0,0,0,0,0,0,0,1,0,0,0,0,0,0,1,0,0,0,10,10
1.0,0.0,12546,0,0,0,0,28,0,0,0,0,0,0,0,0,0,1,0,0,0,0,0,0,1,0,0,0,11,55
1.0,0.0,12546,0,0,0,0,31,0,0,0,0,0,0,0,0,0,1,0,0,0,0,0,0,1,0,0,0,12,10
1.0,0.0,-1,-1,-1,0,0,5,0,0,0,0,0,0,0,0,0,1,0,0,0,0,0,0,1,0,0,0,2,2
1.0,0.0,-1,-1,-1,0,0,4,0,0,0,0,0,0,0,0,0,1,0,0,0,0,0,0,1,0,0,0,2,2
1.0,0.0,-1,-1,-1,0,0,4,0,0,0,0,0,0,0,0,0,1,0,0,0,0,0,0,1,0,0,0,2,2
1.0,0.0,-1,-1,-1,0,0,4,0,0,0,0,0,0,0,0,0,1,0,0,0,0,0,0,1,0,0,0,2,2
1.0,0.0,-1,-1,-1,0,0,4,0,0,0,0,0,0,0,0,0,1,0,0,0,0,0,0,1,0,0,0,2,2
1.0,0.0,-1,-1,-1,0,0,4,0,0,0,0,0,0,0,0,0,1,0,0,0,0,0,0,1,0,0,0,2,2
1.0,0.0,-1,-1,-1,0,0,4,0,0,0,0,0,0,0,0,0,1,0,0,0,0,0,0,1,0,0,0,2,2
1.0,0.0,-1,-1,-1,0,0,4,0,0,0,0,0,0,0,0,0,1,0,0,0,0,0,0,1,0,0,0,2,2
1.0,0.0,-1,-1,-1,0,0,4,0,0,0,0,0,0,0,0,0,1,0,0,0,0,0,0,1,0,0,0,2,2
1.0,0.0,12546,0,0,0,0,15,0,0,0,0,0,0,0,0,0,1,0,0,0,0,0,0,1,0,0,0,13,1
1.0,0.0,12546,0,0,0,0,22,0,0,0,0,0,0,0,0,0,1,0,0,0,0,0,0,1,0,0,0,14,13
1.0,0.0,12546,0,0,0,0,22,0,0,0,0,0,0,0,0,0,1,0,0,0,0,0,0,1,0,0,0,14,13
1.0,0.0,12546,0,0,0,0,31,0,0,0,0,0,0,0,0,0,1,0,0,0,0,0,0,1,0,0,0,15,13
1.0,0.0,12546,0,0,0,0,31,0,0,0,0,0,0,0,0,0,1,0,0,0,0,0,0,1,0,0,0,16,13
1.0,0.0,12546,0,0,0,0,16,0,0,0,0,0,0,0,0,0,1,0,0,0,0,0,0,1,0,0,0,17,13
1.0,0.0,12546,0,0,0,0,22,0,0,0,0,0,0,0,0,0,1,0,0,0,0,0,0,1,0,0,0,14,13
1.0,0.0,12546,0,0,0,0,28,0,0,0,0,0,0,0,0,0,1,0,0,0,0,0,0,1,0,0,0,18,13
1.0,0.0,12546,0,0,2,0,20,0,0,0,0,0,0,0,0,0,1,0,0,0,0,0,0,1,0,0,0,19,18
1.0,0.0,12546,0,0,0,0,28,0,0,0,0,0,0,0,0,0,1,0,0,0,0,0,0,1,0,0,0,18,13
1.0,0.0,12546,0,0,2,0,20,0,0,0,0,0,0,0,0,0,1,0,0,0,0,0,0,1,0,0,0,19,18
1.0,0.0,12546,0,0,0,0,28,0,0,0,0,0,0,0,0,0,1,0,0,0,0,0,0,1,0,0,0,18,13
1.0,0.0,12546,0,0,2,0,20,0,0,0,0,0,0,0,0,0,1,0,0,0,0,0,0,1,0,0,0,19,18
1.0,0.0,12546,0,0,0,0,20,0,0,0,0,0,0,0,0,0,1,0,0,0,0,0,0,1,0,0,0,20,13
1.0,0.0,12546,0,0,0,0,16,0,0,0,0,0,0,0,0,0,1,0,0,0,0,0,0,1,0,0,0,17,13
1.0,0.0,12546,0,0,2,0,31,0,0,0,0,0,0,0,0,0,1,0,0,0,0,0,0,1,0,0,0,20,13
1.0,0.0,12546,0,0,0,0,40,0,0,0,0,0,0,0,0,0,1,0,0,0,0,0,0,1,0,0,0,21,13
1.0,0.0,12546,0,0,0,0,16,0,0,0,0,0,0,0,0,0,1,0,0,0,0,0,0,1,0,0,0,17,13
1.0,0.0,12546,0,0,0,0,40,0,0,0,0,0,0,0,0,0,1,0,0,0,0,0,0,1,0,0,0,21,13
1.0,0.0,12546,0,0,0,0,40,0,0,0,0,0,0,0,0,0,1,0,0,0,0,0,0,1,0,0,0,21,13
1.0,0.0,12546,0,0,0,0,22,0,0,0,0,0,0,0,0,0,1,0,0,0,0,0,0,1,0,0,0,14,13
1.0,0.0,12546,0,0,2,0,20,0,0,0,0,0,0,0,0,0,1,0,0,0,0,0,0,1,0,0,0,47,13
1.0,0.0,12546,0,0,0,0,16,0,0,0,0,0,0,0,0,0,1,0,0,0,0,0,0,1,0,0,0,27,13
1.0,0.0,12546,0,0,2,0,20,0,0,0,0,0,0,0,0,0,1,0,0,0,0,0,0,1,0,0,0,47,13
1.0,0.0,12546,0,0,0,0,16,0,0,0,0,0,0,0,0,0,1,0,0,0,0,0,0,1,0,0,0,19,13
1.0,0.0,12546,0,0,0,0,16,0,0,0,0,0,0,0,0,0,1,0,0,0,0,0,0,1,0,0,0,27,13
1.0,0.0,-1,-1,-1,0,0,4,0,0,0,0,0,0,0,0,0,1,0,0,0,0,0,0,1,0,0,0,2,2
1.0,0.0,-1,-1,-1,0,0,4,0,0,0,0,0,0,0,0,0,1,0,0,0,0,0,0,1,0,0,0,2,2
1.0,0.0,-1,-1,-1,0,0,4,0,0,0,0,0,0,0,0,0,1,0,0,0,0,0,0,1,0,0,0,2,2
1.0,0.0,-1,-1,-1,0,0,4,0,0,0,0,0,0,0,0,0,1,0,0,0,0,0,0,1,0,0,0,2,2
1.0,0.0,-1,-1,-1,0,0,4,0,0,0,0,0,0,0,0,0,1,0,0,0,0,0,0,1,0,0,0,2,2
1.0,0.0,-1,-1,-1,0,0,4,0,0,0,0,0,0,0,0,0,1,0,0,0,0,0,0,1,0,0,0,2,2
1.0,0.0,-1,-1,-1,0,0,4,0,0,0,0,0,0,0,0,0,1,0,0,0,0,0,0,1,0,0,0,2,2
1.0,0.0,-1,-1,-1,0,0,4,0,0,0,0,0,0,0,0,0,1,0,0,0,0,0,0,1,0,0,0,2,2
1.0,0.0,-1,-1,-1,0,0,4,0,0,0,0,0,0,0,0,0,1,0,0,0,0,0,0,1,0,0,0,2,2
1.0,0.0,12546,0,0,0,0,23,0,0,0,0,0,0,0,0,0,1,0,0,0,0,0,0,1,0,0,0,12,10
1.0,0.0,-1,-1,-1,0,0,5,0,0,0,0,0,0,0,0,0,1,0,0,0,0,0,0,1,0,0,0,2,2
1.0,0.0,0,0,0,0,0,24,0,0,0,0,0,0,0,0,0,1,0,0,0,0,0,0,1,0,0,0,5,10
1.0,0.0,-1,-1,-1,0,0,5,0,0,0,0,0,0,0,0,0,1,0,0,0,0,0,0,1,0,0,0,2,2
1.0,0.0,0,0,0,0,0,16,0,0,0,0,0,0,0,0,0,1,0,0,0,0,0,0,1,0,0,0,26,57
1.0,0.0,0,0,0,0,0,13,0,0,0,0,0,0,0,0,0,1,0,0,0,0,0,0,1,0,0,0,48,26
1.0,0.0,0,0,0,0,0,13,0,0,0,0,0,0,0,0,0,1,0,0,0,0,0,0,1,0,0,0,19,26
1.0,0.0,0,0,0,0,0,16,0,0,0,0,0,0,0,0,0,1,0,0,0,0,0,0,1,0,0,0,26,57
1.0,0.0,0,0,0,0,0,15,0,0,0,0,0,0,0,0,0,1,0,0,0,0,0,0,1,0,0,0,48,57
1.0,0.0,125715,0,0,0,0,18,0,0,0,0,0,0,0,0,0,1,0,0,0,0,0,0,1,0,0,0,26,56
1.0,0.0,125715,0,0,0,0,19,0,0,0,0,0,0,0,0,0,1,0,0,0,0,0,0,1,0,0,0,19,26
1.0,0.0,125715,0,0,0,0,15,0,0,0,0,0,0,0,0,0,1,0,0,0,0,0,0,1,0,0,0,19,26
1.0,0.0,125715,0,0,0,0,15,0,0,0,0,0,0,0,0,0,1,0,0,0,0,0,0,1,0,0,0,27,26
1.0,0.0,-1,-1,-1,0,0,4,0,0,0,0,0,0,0,0,0,1,0,0,0,0,0,0,1,0,0,0,2,2
1.0,0.0,-1,-1,-1,0,0,4,0,0,0,0,0,0,0,0,0,1,0,0,0,0,0,0,1,0,0,0,2,2
1.0,0.0,-1,-1,-1,0,0,4,0,0,0,0,0,0,0,0,0,1,0,0,0,0,0,0,1,0,0,0,2,2
1.0,0.0,-1,-1,-1,0,0,4,0,0,0,0,0,0,0,0,0,1,0,0,0,0,0,0,1,0,0,0,2,2
1.0,0.0,-1,-1,-1,0,0,4,0,0,0,0,0,0,0,0,0,1,0,0,0,0,0,0,1,0,0,0,2,2
1.0,0.0,-1,-1,-1,0,0,4,0,0,0,0,0,0,0,0,0,1,0,0,0,0,0,0,1,0,0,0,2,2
1.0,0.0,-1,-1,-1,0,0,4,0,0,0,0,0,0,0,0,0,1,0,0,0,0,0,0,1,0,0,0,2,2
1.0,0.0,-1,-1,-1,0,0,4,0,0,0,0,0,0,0,0,0,1,0,0,0,0,0,0,1,0,0,0,2,2
1.0,0.0,-1,-1,-1,0,0,4,0,0,0,0,0,0,0,0,0,1,0,0,0,0,0,0,1,0,0,0,2,2
1.0,0.0,12503,0,0,0,0,23,0,0,0,0,0,0,0,0,0,1,0,0,0,0,0,0,1,0,0,0,12,10
1.0,0.0,-1,-1,-1,0,0,5,0,0,0,0,0,0,0,0,0,1,0,0,0,0,0,0,1,0,0,0,2,2
1.0,0.0,0,0,0,0,0,24,0,0,0,0,0,0,0,0,0,1,0,0,0,0,0,0,1,0,0,0,5,10
1.0,0.0,-1,-1,-1,0,0,5,0,0,0,0,0,0,0,0,0,1,0,0,0,0,0,0,1,0,0,0,2,2
1.0,0.0,0,0,0,0,0,19,0,0,0,0,0,0,0,0,0,1,0,0,0,0,0,0,1,0,0,0,1,1
1.0,0.0,-1,-1,-1,0,0,4,0,0,0,0,0,0,0,0,0,1,0,0,0,0,0,0,1,0,0,0,2,2
1.0,0.0,-1,-1,-1,0,0,4,0,0,0,0,0,0,0,0,0,1,0,0,0,0,0,0,1,0,0,0,2,2
1.0,0.0,-1,-1,-1,0,0,4,0,0,0,0,0,0,0,0,0,1,0,0,0,0,0,0,1,0,0,0,2,2
1.0,0.0,-1,-1,-1,0,0,4,0,0,0,0,0,0,0,0,0,1,0,0,0,0,0,0,1,0,0,0,2,2
1.0,0.0,-1,-1,-1,0,0,4,0,0,0,0,0,0,0,0,0,1,0,0,0,0,0,0,1,0,0,0,2,2
1.0,0.0,65534,0,0,0,0,19,0,0,0,0,0,0,0,0,0,1,0,0,0,0,0,0,1,0,0,0,3,1
1.0,0.0,-1,-1,-1,0,0,4,0,0,0,0,0,0,0,0,0,1,0,0,0,0,0,0,1,0,0,0,2,2
1.0,0.0,-1,-1,-1,0,0,4,0,0,0,0,0,0,0,0,0,1,0,0,0,0,0,0,1,0,0,0,2,2
1.0,0.0,-1,-1,-1,0,0,4,0,0,0,0,0,0,0,0,0,1,0,0,0,0,0,0,1,0,0,0,2,2
1.0,0.0,-1,-1,-1,0,0,4,0,0,0,0,0,0,0,0,0,1,0,0,0,0,0,0,1,0,0,0,2,2
1.0,0.0,-1,-1,-1,0,0,4,0,0,0,0,0,0,0,0,0,1,0,0,0,0,0,0,1,0,0,0,2,2
1.0,0.0,0,-1,5,0,0,10,0,0,0,0,0,0,0,0,0,1,0,0,0,0,0,0,1,0,0,0,1,1
1.0,0.0,-1,-1,-1,0,0,5,0,0,0,0,0,0,0,0,0,1,0,0,0,0,0,0,1,0,0,0,2,2
1.0,0.0,0,0,0,0,0,24,0,0,0,0,0,0,0,0,0,1,0,0,0,0,0,0,1,0,0,0,5,10
1.0,0.0,-1,-1,-1,0,0,5,0,0,0,0,0,0,0,0,0,1,0,0,0,0,0,0,1,0,0,0,2,2
1.0,0.0,0,-1,5,0,0,9,0,0,0,0,0,0,0,0,0,1,0,0,0,0,0,0,1,0,0,0,6,10
1.0,0.0,-1,-1,-1,0,0,5,0,0,0,0,0,0,0,0,0,1,0,0,0,0,0,0,1,0,0,0,2,2
1.0,0.0,12546,0,0,0,0,20,0,0,0,0,0,0,0,0,0,1,0,0,0,0,0,0,1,0,0,0,10,10
1.0,0.0,12546,0,0,0,0,28,0,0,0,0,0,0,0,0,0,1,0,0,0,0,0,0,1,0,0,0,11,55
1.0,0.0,12546,0,0,0,0,31,0,0,0,0,0,0,0,0,0,1,0,0,0,0,0,0,1,0,0,0,12,10
1.0,0.0,-1,-1,-1,0,0,5,0,0,0,0,0,0,0,0,0,1,0,0,0,0,0,0,1,0,0,0,2,2
1.0,0.0,-1,-1,-1,0,0,4,0,0,0,0,0,0,0,0,0,1,0,0,0,0,0,0,1,0,0,0,2,2
1.0,0.0,-1,-1,-1,0,0,4,0,0,0,0,0,0,0,0,0,1,0,0,0,0,0,0,1,0,0,0,2,2
1.0,0.0,-1,-1,-1,0,0,4,0,0,0,0,0,0,0,0,0,1,0,0,0,0,0,0,1,0,0,0,2,2
1.0,0.0,-1,-1,-1,0,0,4,0,0,0,0,0,0,0,0,0,1,0,0,0,0,0,0,1,0,0,0,2,2
1.0,0.0,-1,-1,-1,0,0,4,0,0,0,0,0,0,0,0,0,1,0,0,0,0,0,0,1,0,0,0,2,2
1.0,0.0,-1,-1,-1,0,0,4,0,0,0,0,0,0,0,0,0,1,0,0,0,0,0,0,1,0,0,0,2,2
1.0,0.0,-1,-1,-1,0,0,4,0,0,0,0,0,0,0,0,0,1,0,0,0,0,0,0,1,0,0,0,2,2
1.0,0.0,-1,-1,-1,0,0,4,0,0,0,0,0,0,0,0,0,1,0,0,0,0,0,0,1,0,0,0,2,2
1.0,0.0,12546,0,0,0,0,15,0,0,0,0,0,0,0,0,0,1,0,0,0,0,0,0,1,0,0,0,13,1
1.0,0.0,12546,0,0,0,0,22,0,0,0,0,0,0,0,0,0,1,0,0,0,0,0,0,1,0,0,0,14,13
1.0,0.0,12546,0,0,0,0,22,0,0,0,0,0,0,0,0,0,1,0,0,0,0,0,0,1,0,0,0,14,13
1.0,0.0,12546,0,0,0,0,31,0,0,0,0,0,0,0,0,0,1,0,0,0,0,0,0,1,0,0,0,15,13
1.0,0.0,12546,0,0,0,0,31,0,0,0,0,0,0,0,0,0,1,0,0,0,0,0,0,1,0,0,0,16,13
1.0,0.0,12546,0,0,0,0,16,0,0,0,0,0,0,0,0,0,1,0,0,0,0,0,0,1,0,0,0,17,13
1.0,0.0,12546,0,0,0,0,22,0,0,0,0,0,0,0,0,0,1,0,0,0,0,0,0,1,0,0,0,14,13
1.0,0.0,12546,0,0,0,0,28,0,0,0,0,0,0,0,0,0,1,0,0,0,0,0,0,1,0,0,0,18,13
1.0,0.0,12546,0,0,2,0,20,0,0,0,0,0,0,0,0,0,1,0,0,0,0,0,0,1,0,0,0,19,18
1.0,0.0,12546,0,0,0,0,28,0,0,0,0,0,0,0,0,0,1,0,0,0,0,0,0,1,0,0,0,18,13
1.0,0.0,12546,0,0,2,0,20,0,0,0,0,0,0,0,0,0,1,0,0,0,0,0,0,1,0,0,0,19,18
1.0,0.0,12546,0,0,0,0,28,0,0,0,0,0,0,0,0,0,1,0,0,0,0,0,0,1,0,0,0,18,13
1.0,0.0,12546,0,0,2,0,20,0,0,0,0,0,0,0,0,0,1,0,0,0,0,0,0,1,0,0,0,19,18
1.0,0.0,12546,0,0,0,0,20,0,0,0,0,0,0,0,0,0,1,0,0,0,0,0,0,1,0,0,0,20,13
1.0,0.0,12546,0,0,0,0,16,0,0,0,0,0,0,0,0,0,1,0,0,0,0,0,0,1,0,0,0,17,13
1.0,0.0,12546,0,0,2,0,31,0,0,0,0,0,0,0,0,0,1,0,0,0,0,0,0,1,0,0,0,20,13
1.0,0.0,12546,0,0,0,0,40,0,0,0,0,0,0,0,0,0,1,0,0,0,0,0,0,1,0,0,0,21,13
1.0,0.0,12546,0,0,0,0,16,0,0,0,0,0,0,0,0,0,1,0,0,0,0,0,0,1,0,0,0,17,13
1.0,0.0,12546,0,0,0,0,40,0,0,0,0,0,0,0,0,0,1,0,0,0,0,0,0,1,0,0,0,21,13
1.0,0.0,12546,0,0,0,0,40,0,0,0,0,0,0,0,0,0,1,0,0,0,0,0,0,1,0,0,0,21,13
1.0,0.0,12546,0,0,0,0,22,0,0,0,0,0,0,0,0,0,1,0,0,0,0,0,0,1,0,0,0,14,13
1.0,0.0,12546,0,0,0,0,16,0,0,0,0,0,0,0,0,0,1,0,0,0,0,0,0,1,0,0,0,49,13
1.0,0.0,12546,0,0,0,0,16,0,0,0,0,0,0,0,0,0,1,0,0,0,0,0,0,1,0,0,0,8,13
1.0,0.0,12546,0,0,0,0,16,0,0,0,0,0,0,0,0,0,1,0,0,0,0,0,0,1,0,0,0,50,13
1.0,0.0,12546,0,0,0,0,16,0,0,0,0,0,0,0,0,0,1,0,0,0,0,0,0,1,0,0,0,51,13
1.0,0.0,12546,0,0,0,0,16,0,0,0,0,0,0,0,0,0,1,0,0,0,0,0,0,1,0,0,0,52,13
1.0,0.0,-1,-1,-1,0,0,4,0,0,0,0,0,0,0,0,0,1,0,0,0,0,0,0,1,0,0,0,2,2
1.0,0.0,-1,-1,-1,0,0,4,0,0,0,0,0,0,0,0,0,1,0,0,0,0,0,0,1,0,0,0,2,2
1.0,0.0,-1,-1,-1,0,0,4,0,0,0,0,0,0,0,0,0,1,0,0,0,0,0,0,1,0,0,0,2,2
1.0,0.0,-1,-1,-1,0,0,4,0,0,0,0,0,0,0,0,0,1,0,0,0,0,0,0,1,0,0,0,2,2
1.0,0.0,-1,-1,-1,0,0,4,0,0,0,0,0,0,0,0,0,1,0,0,0,0,0,0,1,0,0,0,2,2
1.0,0.0,-1,-1,-1,0,0,4,0,0,0,0,0,0,0,0,0,1,0,0,0,0,0,0,1,0,0,0,2,2
1.0,0.0,-1,-1,-1,0,0,4,0,0,0,0,0,0,0,0,0,1,0,0,0,0,0,0,1,0,0,0,2,2
1.0,0.0,-1,-1,-1,0,0,4,0,0,0,0,0,0,0,0,0,1,0,0,0,0,0,0,1,0,0,0,2,2
1.0,0.0,-1,-1,-1,0,0,4,0,0,0,0,0,0,0,0,0,1,0,0,0,0,0,0,1,0,0,0,2,2
1.0,0.0,12546,0,0,0,0,23,0,0,0,0,0,0,0,0,0,1,0,0,0,0,0,0,1,0,0,0,12,10
1.0,0.0,-1,-1,-1,0,0,5,0,0,0,0,0,0,0,0,0,1,0,0,0,0,0,0,1,0,0,0,2,2
1.0,0.0,0,0,0,0,0,24,0,0,0,0,0,0,0,0,0,1,0,0,0,0,0,0,1,0,0,0,5,10
1.0,0.0,-1,-1,-1,0,0,5,0,0,0,0,0,0,0,0,0,1,0,0,0,0,0,0,1,0,0,0,2,2
1.0,0.0,0,0,0,0,0,19,0,0,0,0,0,0,0,0,0,1,0,0,0,0,0,0,1,0,0,0,1,1
1.0,0.0,-1,-1,-1,0,0,4,0,0,0,0,0,0,0,0,0,1,0,0,0,0,0,0,1,0,0,0,2,2
1.0,0.0,-1,-1,-1,0,0,4,0,0,0,0,0,0,0,0,0,1,0,0,0,0,0,0,1,0,0,0,2,2
1.0,0.0,-1,-1,-1,0,0,4,0,0,0,0,0,0,0,0,0,1,0,0,0,0,0,0,1,0,0,0,2,2
1.0,0.0,-1,-1,-1,0,0,4,0,0,0,0,0,0,0,0,0,1,0,0,0,0,0,0,1,0,0,0,2,2
1.0,0.0,-1,-1,-1,0,0,4,0,0,0,0,0,0,0,0,0,1,0,0,0,0,0,0,1,0,0,0,2,2
1.0,0.0,65534,0,0,0,0,19,0,0,0,0,0,0,0,0,0,1,0,0,0,0,0,0,1,0,0,0,3,1
1.0,0.0,65534,0,0,0,0,19,0,0,0,0,0,0,0,0,0,1,0,0,0,0,0,0,1,0,0,0,3,1
1.0,0.0,-1,-1,-1,0,0,4,0,0,0,0,0,0,0,0,0,1,0,0,0,0,0,0,1,0,0,0,2,2
1.0,0.0,-1,-1,-1,0,0,4,0,0,0,0,0,0,0,0,0,1,0,0,0,0,0,0,1,0,0,0,2,2
1.0,0.0,-1,-1,-1,0,0,4,0,0,0,0,0,0,0,0,0,1,0,0,0,0,0,0,1,0,0,0,2,2
1.0,0.0,-1,-1,-1,0,0,4,0,0,0,0,0,0,0,0,0,1,0,0,0,0,0,0,1,0,0,0,2,2
1.0,0.0,-1,-1,-1,0,0,4,0,0,0,0,0,0,0,0,0,1,0,0,0,0,0,0,1,0,0,0,2,2
1.0,0.0,0,-1,5,0,0,10,0,0,0,0,0,0,0,0,0,1,0,0,0,0,0,0,1,0,0,0,1,1
1.0,0.0,-1,-1,-1,0,0,5,0,0,0,0,0,0,0,0,0,1,0,0,0,0,0,0,1,0,0,0,2,2
1.0,0.0,0,0,0,0,0,24,0,0,0,0,0,0,0,0,0,1,0,0,0,0,0,0,1,0,0,0,5,10
1.0,0.0,-1,-1,-1,0,0,5,0,0,0,0,0,0,0,0,0,1,0,0,0,0,0,0,1,0,0,0,2,2
1.0,0.0,0,-1,5,0,0,9,0,0,0,0,0,0,0,0,0,1,0,0,0,0,0,0,1,0,0,0,6,10
1.0,0.0,-1,-1,-1,0,0,5,0,0,0,0,0,0,0,0,0,1,0,0,0,0,0,0,1,0,0,0,2,2
1.0,0.0,12503,0,0,0,0,20,0,0,0,0,0,0,0,0,0,1,0,0,0,0,0,0,1,0,0,0,10,10
1.0,0.0,12503,0,0,0,0,28,0,0,0,0,0,0,0,0,0,1,0,0,0,0,0,0,1,0,0,0,11,55
1.0,0.0,12503,0,0,0,0,31,0,0,0,0,0,0,0,0,0,1,0,0,0,0,0,0,1,0,0,0,12,10
1.0,0.0,-1,-1,-1,0,0,5,0,0,0,0,0,0,0,0,0,1,0,0,0,0,0,0,1,0,0,0,2,2
1.0,0.0,-1,-1,-1,0,0,4,0,0,0,0,0,0,0,0,0,1,0,0,0,0,0,0,1,0,0,0,2,2
1.0,0.0,-1,-1,-1,0,0,4,0,0,0,0,0,0,0,0,0,1,0,0,0,0,0,0,1,0,0,0,2,2
1.0,0.0,-1,-1,-1,0,0,4,0,0,0,0,0,0,0,0,0,1,0,0,0,0,0,0,1,0,0,0,2,2
1.0,0.0,-1,-1,-1,0,0,4,0,0,0,0,0,0,0,0,0,1,0,0,0,0,0,0,1,0,0,0,2,2
1.0,0.0,-1,-1,-1,0,0,4,0,0,0,0,0,0,0,0,0,1,0,0,0,0,0,0,1,0,0,0,2,2
1.0,0.0,-1,-1,-1,0,0,4,0,0,0,0,0,0,0,0,0,1,0,0,0,0,0,0,1,0,0,0,2,2
1.0,0.0,-1,-1,-1,0,0,4,0,0,0,0,0,0,0,0,0,1,0,0,0,0,0,0,1,0,0,0,2,2
1.0,0.0,-1,-1,-1,0,0,4,0,0,0,0,0,0,0,0,0,1,0,0,0,0,0,0,1,0,0,0,2,2
1.0,0.0,12503,0,0,0,0,23,0,0,0,0,0,0,0,0,0,1,0,0,0,0,0,0,1,0,0,0,13,1
1.0,0.0,12503,0,0,0,0,22,0,0,0,0,0,0,0,0,0,1,0,0,0,0,0,0,1,0,0,0,14,13
1.0,0.0,12503,0,0,0,0,22,0,0,0,0,0,0,0,0,0,1,0,0,0,0,0,0,1,0,0,0,14,13
1.0,0.0,12503,0,0,0,0,31,0,0,0,0,0,0,0,0,0,1,0,0,0,0,0,0,1,0,0,0,15,13
1.0,0.0,12503,0,0,0,0,31,0,0,0,0,0,0,0,0,0,1,0,0,0,0,0,0,1,0,0,0,16,13
1.0,0.0,12503,0,0,0,0,16,0,0,0,0,0,0,0,0,0,1,0,0,0,0,0,0,1,0,0,0,17,13
1.0,0.0,12503,0,0,0,0,22,0,0,0,0,0,0,0,0,0,1,0,0,0,0,0,0,1,0,0,0,14,13
1.0,0.0,12503,0,0,0,0,28,0,0,0,0,0,0,0,0,0,1,0,0,0,0,0,0,1,0,0,0,18,13
1.0,0.0,12503,0,0,2,0,20,0,0,0,0,0,0,0,0,0,1,0,0,0,0,0,0,1,0,0,0,19,18
1.0,0.0,12503,0,0,0,0,28,0,0,0,0,0,0,0,0,0,1,0,0,0,0,0,0,1,0,0,0,18,13
1.0,0.0,12503,0,0,2,0,20,0,0,0,0,0,0,0,0,0,1,0,0,0,0,0,0,1,0,0,0,19,18
1.0,0.0,12503,0,0,0,0,28,0,0,0,0,0,0,0,0,0,1,0,0,0,0,0,0,1,0,0,0,18,13
1.0,0.0,12503,0,0,2,0,20,0,0,0,0,0,0,0,0,0,1,0,0,0,0,0,0,1,0,0,0,19,18
1.0,0.0,12503,0,0,0,0,20,0,0,0,0,0,0,0,0,0,1,0,0,0,0,0,0,1,0,0,0,20,13
1.0,0.0,12503,0,0,0,0,16,0,0,0,0,0,0,0,0,0,1,0,0,0,0,0,0,1,0,0,0,17,13
1.0,0.0,12503,0,0,2,0,31,0,0,0,0,0,0,0,0,0,1,0,0,0,0,0,0,1,0,0,0,20,13
1.0,0.0,125715,0,0,0,0,18,0,0,0,0,0,0,0,0,0,1,0,0,0,0,0,0,1,0,0,0,26,56
1.0,0.0,12503,0,0,0,0,40,0,0,0,0,0,0,0,0,0,1,0,0,0,0,0,0,1,0,0,0,21,13
1.0,0.0,125715,0,0,0,0,19,0,0,0,0,0,0,0,0,0,1,0,0,0,0,0,0,1,0,0,0,19,26
1.0,0.0,125715,0,0,0,0,15,0,0,0,0,0,0,0,0,0,1,0,0,0,0,0,0,1,0,0,0,19,26
1.0,0.0,125715,0,0,0,0,15,0,0,0,0,0,0,0,0,0,1,0,0,0,0,0,0,1,0,0,0,27,26
1.0,0.0,12503,0,0,0,0,16,0,0,0,0,0,0,0,0,0,1,0,0,0,0,0,0,1,0,0,0,17,13
1.0,0.0,12503,0,0,0,0,40,0,0,0,0,0,0,0,0,0,1,0,0,0,0,0,0,1,0,0,0,21,13
1.0,0.0,12503,0,0,0,0,40,0,0,0,0,0,0,0,0,0,1,0,0,0,0,0,0,1,0,0,0,21,13
1.0,0.0,12503,0,0,0,0,22,0,0,0,0,0,0,0,0,0,1,0,0,0,0,0,0,1,0,0,0,14,13
1.0,0.0,12503,0,0,0,0,40,0,0,0,0,0,0,0,0,0,1,0,0,0,0,0,0,1,0,0,0,21,13
1.0,0.0,12503,0,0,0,0,16,0,0,0,0,0,0,0,0,0,1,0,0,0,0,0,0,1,0,0,0,17,13
1.0,0.0,12503,0,0,0,0,50,0,0,0,0,0,0,0,0,0,1,0,0,0,0,0,0,1,0,0,0,21,13
1.0,0.0,12503,0,0,0,0,50,0,0,0,0,0,0,0,0,0,1,0,0,0,0,0,0,1,0,0,0,21,13
1.0,0.0,12503,0,0,0,0,40,0,0,0,0,0,0,0,0,0,1,0,0,0,0,0,0,1,0,0,0,21,13
1.0,0.0,12503,0,0,0,0,26,0,0,0,0,0,0,0,0,0,1,0,0,0,0,0,0,1,0,0,0,30,1
1.0,0.0,-1,-1,-1,0,0,4,0,0,0,0,0,0,0,0,0,1,0,0,0,0,0,0,1,0,0,0,2,2
1.0,0.0,-1,-1,-1,0,0,4,0,0,0,0,0,0,0,0,0,1,0,0,0,0,0,0,1,0,0,0,2,2
1.0,0.0,-1,-1,-1,0,0,4,0,0,0,0,0,0,0,0,0,1,0,0,0,0,0,0,1,0,0,0,2,2
1.0,0.0,-1,-1,-1,0,0,4,0,0,0,0,0,0,0,0,0,1,0,0,0,0,0,0,1,0,0,0,2,2
1.0,0.0,-1,-1,-1,0,0,4,0,0,0,0,0,0,0,0,0,1,0,0,0,0,0,0,1,0,0,0,2,2
1.0,0.0,-1,-1,-1,0,0,4,0,0,0,0,0,0,0,0,0,1,0,0,0,0,0,0,1,0,0,0,2,2
1.0,0.0,-1,-1,-1,0,0,4,0,0,0,0,0,0,0,0,0,1,0,0,0,0,0,0,1,0,0,0,2,2
1.0,0.0,-1,-1,-1,0,0,4,0,0,0,0,0,0,0,0,0,1,0,0,0,0,0,0,1,0,0,0,2,2
1.0,0.0,-1,-1,-1,0,0,4,0,0,0,0,0,0,0,0,0,1,0,0,0,0,0,0,1,0,0,0,2,2
1.0,0.0,12503,0,0,0,0,23,0,0,0,0,0,0,0,0,0,1,0,0,0,0,0,0,1,0,0,0,12,10
1.0,0.0,0,0,0,0,0,19,0,0,0,0,0,0,0,0,0,1,0,0,0,0,0,0,1,0,0,0,1,1
1.0,0.0,-1,-1,-1,0,0,5,0,0,0,0,0,0,0,0,0,1,0,0,0,0,0,0,1,0,0,0,2,2
1.0,0.0,0,0,0,0,0,24,0,0,0,0,0,0,0,0,0,1,0,0,0,0,0,0,1,0,0,0,5,10
1.0,0.0,-1,-1,-1,0,0,4,0,0,0,0,0,0,0,0,0,1,0,0,0,0,0,0,1,0,0,0,2,2
1.0,0.0,-1,-1,-1,0,0,4,0,0,0,0,0,0,0,0,0,1,0,0,0,0,0,0,1,0,0,0,2,2
1.0,0.0,-1,-1,-1,0,0,4,0,0,0,0,0,0,0,0,0,1,0,0,0,0,0,0,1,0,0,0,2,2
1.0,0.0,-1,-1,-1,0,0,4,0,0,0,0,0,0,0,0,0,1,0,0,0,0,0,0,1,0,0,0,2,2
1.0,0.0,-1,-1,-1,0,0,4,0,0,0,0,0,0,0,0,0,1,0,0,0,0,0,0,1,0,0,0,2,2
1.0,0.0,65534,0,0,0,0,19,0,0,0,0,0,0,0,0,0,1,0,0,0,0,0,0,1,0,0,0,3,1
1.0,0.0,-1,-1,-1,0,0,5,0,0,0,0,0,0,0,0,0,1,0,0,0,0,0,0,1,0,0,0,2,2
1.0,0.0,65534,0,0,0,0,19,0,0,0,0,0,0,0,0,0,1,0,0,0,0,0,0,1,0,0,0,3,1
1.0,0.0,-1,-1,-1,0,0,4,0,0,0,0,0,0,0,0,0,1,0,0,0,0,0,0,1,0,0,0,2,2
1.0,0.0,-1,-1,-1,0,0,4,0,0,0,0,0,0,0,0,0,1,0,0,0,0,0,0,1,0,0,0,2,2
1.0,0.0,-1,-1,-1,0,0,4,0,0,0,0,0,0,0,0,0,1,0,0,0,0,0,0,1,0,0,0,2,2
1.0,0.0,-1,-1,-1,0,0,4,0,0,0,0,0,0,0,0,0,1,0,0,0,0,0,0,1,0,0,0,2,2
1.0,0.0,-1,-1,-1,0,0,4,0,0,0,0,0,0,0,0,0,1,0,0,0,0,0,0,1,0,0,0,2,2
1.0,0.0,0,-1,5,0,0,10,0,0,0,0,0,0,0,0,0,1,0,0,0,0,0,0,1,0,0,0,1,1
1.0,0.0,-1,-1,-1,0,0,5,0,0,0,0,0,0,0,0,0,1,0,0,0,0,0,0,1,0,0,0,2,2
1.0,0.0,0,0,0,0,0,24,0,0,0,0,0,0,0,0,0,1,0,0,0,0,0,0,1,0,0,0,5,10
1.0,0.0,-1,-1,-1,0,0,5,0,0,0,0,0,0,0,0,0,1,0,0,0,0,0,0,1,0,0,0,2,2
1.0,0.0,0,-1,5,0,0,9,0,0,0,0,0,0,0,0,0,1,0,0,0,0,0,0,1,0,0,0,6,10
1.0,0.0,-1,-1,-1,0,0,5,0,0,0,0,0,0,0,0,0,1,0,0,0,0,0,0,1,0,0,0,2,2
1.0,0.0,12503,0,0,0,0,20,0,0,0,0,0,0,0,0,0,1,0,0,0,0,0,0,1,0,0,0,10,10
1.0,0.0,12503,0,0,0,0,28,0,0,0,0,0,0,0,0,0,1,0,0,0,0,0,0,1,0,0,0,11,55
1.0,0.0,12503,0,0,0,0,31,0,0,0,0,0,0,0,0,0,1,0,0,0,0,0,0,1,0,0,0,12,10
1.0,0.0,-1,-1,-1,0,0,5,0,0,0,0,0,0,0,0,0,1,0,0,0,0,0,0,1,0,0,0,2,2
1.0,0.0,-1,-1,-1,0,0,4,0,0,0,0,0,0,0,0,0,1,0,0,0,0,0,0,1,0,0,0,2,2
1.0,0.0,-1,-1,-1,0,0,4,0,0,0,0,0,0,0,0,0,1,0,0,0,0,0,0,1,0,0,0,2,2
1.0,0.0,-1,-1,-1,0,0,4,0,0,0,0,0,0,0,0,0,1,0,0,0,0,0,0,1,0,0,0,2,2
1.0,0.0,-1,-1,-1,0,0,4,0,0,0,0,0,0,0,0,0,1,0,0,0,0,0,0,1,0,0,0,2,2
1.0,0.0,-1,-1,-1,0,0,4,0,0,0,0,0,0,0,0,0,1,0,0,0,0,0,0,1,0,0,0,2,2
1.0,0.0,-1,-1,-1,0,0,4,0,0,0,0,0,0,0,0,0,1,0,0,0,0,0,0,1,0,0,0,2,2
1.0,0.0,-1,-1,-1,0,0,4,0,0,0,0,0,0,0,0,0,1,0,0,0,0,0,0,1,0,0,0,2,2
1.0,0.0,-1,-1,-1,0,0,4,0,0,0,0,0,0,0,0,0,1,0,0,0,0,0,0,1,0,0,0,2,2
1.0,0.0,12503,0,0,0,0,23,0,0,0,0,0,0,0,0,0,1,0,0,0,0,0,0,1,0,0,0,13,1
1.0,0.0,12503,0,0,0,0,22,0,0,0,0,0,0,0,0,0,1,0,0,0,0,0,0,1,0,0,0,14,13
1.0,0.0,12503,0,0,0,0,22,0,0,0,0,0,0,0,0,0,1,0,0,0,0,0,0,1,0,0,0,14,13
1.0,0.0,12503,0,0,0,0,31,0,0,0,0,0,0,0,0,0,1,0,0,0,0,0,0,1,0,0,0,15,13
1.0,0.0,12503,0,0,0,0,31,0,0,0,0,0,0,0,0,0,1,0,0,0,0,0,0,1,0,0,0,16,13
1.0,0.0,12503,0,0,0,0,16,0,0,0,0,0,0,0,0,0,1,0,0,0,0,0,0,1,0,0,0,17,13
1.0,0.0,12503,0,0,0,0,22,0,0,0,0,0,0,0,0,0,1,0,0,0,0,0,0,1,0,0,0,14,13
1.0,0.0,12503,0,0,0,0,28,0,0,0,0,0,0,0,0,0,1,0,0,0,0,0,0,1,0,0,0,18,13
1.0,0.0,12503,0,0,2,0,20,0,0,0,0,0,0,0,0,0,1,0,0,0,0,0,0,1,0,0,0,19,18
1.0,0.0,12503,0,0,0,0,28,0,0,0,0,0,0,0,0,0,1,0,0,0,0,0,0,1,0,0,0,18,13
1.0,0.0,12503,0,0,2,0,20,0,0,0,0,0,0,0,0,0,1,0,0,0,0,0,0,1,0,0,0,19,18
1.0,0.0,12503,0,0,0,0,28,0,0,0,0,0,0,0,0,0,1,0,0,0,0,0,0,1,0,0,0,18,13
1.0,0.0,12503,0,0,2,0,20,0,0,0,0,0,0,0,0,0,1,0,0,0,0,0,0,1,0,0,0,19,18
1.0,0.0,12503,0,0,0,0,20,0,0,0,0,0,0,0,0,0,1,0,0,0,0,0,0,1,0,0,0,20,13
1.0,0.0,12503,0,0,0,0,16,0,0,0,0,0,0,0,0,0,1,0,0,0,0,0,0,1,0,0,0,17,13
1.0,0.0,12503,0,0,2,0,31,0,0,0,0,0,0,0,0,0,1,0,0,0,0,0,0,1,0,0,0,20,13
1.0,0.0,12503,0,0,0,0,40,0,0,0,0,0,0,0,0,0,1,0,0,0,0,0,0,1,0,0,0,21,13
1.0,0.0,12503,0,0,0,0,16,0,0,0,0,0,0,0,0,0,1,0,0,0,0,0,0,1,0,0,0,17,13
1.0,0.0,12503,0,0,0,0,40,0,0,0,0,0,0,0,0,0,1,0,0,0,0,0,0,1,0,0,0,21,13
1.0,0.0,12503,0,0,0,0,40,0,0,0,0,0,0,0,0,0,1,0,0,0,0,0,0,1,0,0,0,21,13
1.0,0.0,12503,0,0,0,0,22,0,0,0,0,0,0,0,0,0,1,0,0,0,0,0,0,1,0,0,0,14,13
1.0,0.0,12503,0,0,0,0,40,0,0,0,0,0,0,0,0,0,1,0,0,0,0,0,0,1,0,0,0,21,13
1.0,0.0,12503,0,0,0,0,16,0,0,0,0,0,0,0,0,0,1,0,0,0,0,0,0,1,0,0,0,17,13
1.0,0.0,12503,0,0,0,0,50,0,0,0,0,0,0,0,0,0,1,0,0,0,0,0,0,1,0,0,0,21,13
1.0,0.0,12503,0,0,0,0,50,0,0,0,0,0,0,0,0,0,1,0,0,0,0,0,0,1,0,0,0,21,13
1.0,0.0,12503,0,0,0,0,40,0,0,0,0,0,0,0,0,0,1,0,0,0,0,0,0,1,0,0,0,21,13
1.0,0.0,12503,0,0,0,0,26,0,0,0,0,0,0,0,0,0,1,0,0,0,0,0,0,1,0,0,0,30,1
1.0,0.0,-1,-1,-1,0,0,4,0,0,0,0,0,0,0,0,0,1,0,0,0,0,0,0,1,0,0,0,2,2
1.0,0.0,-1,-1,-1,0,0,4,0,0,0,0,0,0,0,0,0,1,0,0,0,0,0,0,1,0,0,0,2,2
1.0,0.0,-1,-1,-1,0,0,4,0,0,0,0,0,0,0,0,0,1,0,0,0,0,0,0,1,0,0,0,2,2
1.0,0.0,-1,-1,-1,0,0,4,0,0,0,0,0,0,0,0,0,1,0,0,0,0,0,0,1,0,0,0,2,2
1.0,0.0,-1,-1,-1,0,0,4,0,0,0,0,0,0,0,0,0,1,0,0,0,0,0,0,1,0,0,0,2,2
1.0,0.0,-1,-1,-1,0,0,4,0,0,0,0,0,0,0,0,0,1,0,0,0,0,0,0,1,0,0,0,2,2
1.0,0.0,-1,-1,-1,0,0,4,0,0,0,0,0,0,0,0,0,1,0,0,0,0,0,0,1,0,0,0,2,2
1.0,0.0,-1,-1,-1,0,0,4,0,0,0,0,0,0,0,0,0,1,0,0,0,0,0,0,1,0,0,0,2,2
1.0,0.0,-1,-1,-1,0,0,4,0,0,0,0,0,0,0,0,0,1,0,0,0,0,0,0,1,0,0,0,2,2
1.0,0.0,12503,0,0,0,0,23,0,0,0,0,0,0,0,0,0,1,0,0,0,0,0,0,1,0,0,0,12,10
1.0,0.0,0,0,0,0,0,19,0,0,0,0,0,0,0,0,0,1,0,0,0,0,0,0,1,0,0,0,1,1
1.0,0.0,-1,-1,-1,0,0,5,0,0,0,0,0,0,0,0,0,1,0,0,0,0,0,0,1,0,0,0,2,2
1.0,0.0,0,0,0,0,0,24,0,0,0,0,0,0,0,0,0,1,0,0,0,0,0,0,1,0,0,0,5,10
1.0,0.0,-1,-1,-1,0,0,4,0,0,0,0,0,0,0,0,0,1,0,0,0,0,0,0,1,0,0,0,2,2
1.0,0.0,-1,-1,-1,0,0,4,0,0,0,0,0,0,0,0,0,1,0,0,0,0,0,0,1,0,0,0,2,2
1.0,0.0,-1,-1,-1,0,0,4,0,0,0,0,0,0,0,0,0,1,0,0,0,0,0,0,1,0,0,0,2,2
1.0,0.0,-1,-1,-1,0,0,4,0,0,0,0,0,0,0,0,0,1,0,0,0,0,0,0,1,0,0,0,2,2
1.0,0.0,-1,-1,-1,0,0,4,0,0,0,0,0,0,0,0,0,1,0,0,0,0,0,0,1,0,0,0,2,2
1.0,0.0,65534,0,0,0,0,19,0,0,0,0,0,0,0,0,0,1,0,0,0,0,0,0,1,0,0,0,3,1
1.0,0.0,-1,-1,-1,0,0,5,0,0,0,0,0,0,0,0,0,1,0,0,0,0,0,0,1,0,0,0,2,2
1.0,0.0,65534,0,0,0,0,19,0,0,0,0,0,0,0,0,0,1,0,0,0,0,0,0,1,0,0,0,3,1
1.0,0.0,-1,-1,-1,0,0,4,0,0,0,0,0,0,0,0,0,1,0,0,0,0,0,0,1,0,0,0,2,2
1.0,0.0,-1,-1,-1,0,0,4,0,0,0,0,0,0,0,0,0,1,0,0,0,0,0,0,1,0,0,0,2,2
1.0,0.0,-1,-1,-1,0,0,4,0,0,0,0,0,0,0,0,0,1,0,0,0,0,0,0,1,0,0,0,2,2
1.0,0.0,-1,-1,-1,0,0,4,0,0,0,0,0,0,0,0,0,1,0,0,0,0,0,0,1,0,0,0,2,2
1.0,0.0,-1,-1,-1,0,0,4,0,0,0,0,0,0,0,0,0,1,0,0,0,0,0,0,1,0,0,0,2,2
1.0,0.0,0,-1,5,0,0,10,0,0,0,0,0,0,0,0,0,1,0,0,0,0,0,0,1,0,0,0,1,1
1.0,0.0,-1,-1,-1,0,0,5,0,0,0,0,0,0,0,0,0,1,0,0,0,0,0,0,1,0,0,0,2,2
1.0,0.0,0,0,0,0,0,24,0,0,0,0,0,0,0,0,0,1,0,0,0,0,0,0,1,0,0,0,5,10
1.0,0.0,-1,-1,-1,0,0,5,0,0,0,0,0,0,0,0,0,1,0,0,0,0,0,0,1,0,0,0,2,2
1.0,0.0,0,-1,5,0,0,9,0,0,0,0,0,0,0,0,0,1,0,0,0,0,0,0,1,0,0,0,6,10
1.0,0.0,-1,-1,-1,0,0,5,0,0,0,0,0,0,0,0,0,1,0,0,0,0,0,0,1,0,0,0,2,2
1.0,0.0,12503,0,0,0,0,20,0,0,0,0,0,0,0,0,0,1,0,0,0,0,0,0,1,0,0,0,10,10
1.0,0.0,12503,0,0,0,0,28,0,0,0,0,0,0,0,0,0,1,0,0,0,0,0,0,1,0,0,0,11,55
1.0,0.0,12503,0,0,0,0,31,0,0,0,0,0,0,0,0,0,1,0,0,0,0,0,0,1,0,0,0,12,10
1.0,0.0,-1,-1,-1,0,0,5,0,0,0,0,0,0,0,0,0,1,0,0,0,0,0,0,1,0,0,0,2,2
1.0,0.0,-1,-1,-1,0,0,4,0,0,0,0,0,0,0,0,0,1,0,0,0,0,0,0,1,0,0,0,2,2
1.0,0.0,-1,-1,-1,0,0,4,0,0,0,0,0,0,0,0,0,1,0,0,0,0,0,0,1,0,0,0,2,2
1.0,0.0,-1,-1,-1,0,0,4,0,0,0,0,0,0,0,0,0,1,0,0,0,0,0,0,1,0,0,0,2,2
1.0,0.0,-1,-1,-1,0,0,4,0,0,0,0,0,0,0,0,0,1,0,0,0,0,0,0,1,0,0,0,2,2
1.0,0.0,-1,-1,-1,0,0,4,0,0,0,0,0,0,0,0,0,1,0,0,0,0,0,0,1,0,0,0,2,2
1.0,0.0,-1,-1,-1,0,0,4,0,0,0,0,0,0,0,0,0,1,0,0,0,0,0,0,1,0,0,0,2,2
1.0,0.0,-1,-1,-1,0,0,4,0,0,0,0,0,0,0,0,0,1,0,0,0,0,0,0,1,0,0,0,2,2
1.0,0.0,-1,-1,-1,0,0,4,0,0,0,0,0,0,0,0,0,1,0,0,0,0,0,0,1,0,0,0,2,2
1.0,0.0,12503,0,0,0,0,23,0,0,0,0,0,0,0,0,0,1,0,0,0,0,0,0,1,0,0,0,13,1
1.0,0.0,12503,0,0,0,0,22,0,0,0,0,0,0,0,0,0,1,0,0,0,0,0,0,1,0,0,0,14,13
1.0,0.0,12503,0,0,0,0,22,0,0,0,0,0,0,0,0,0,1,0,0,0,0,0,0,1,0,0,0,14,13
1.0,0.0,12503,0,0,0,0,31,0,0,0,0,0,0,0,0,0,1,0,0,0,0,0,0,1,0,0,0,15,13
1.0,0.0,12503,0,0,0,0,31,0,0,0,0,0,0,0,0,0,1,0,0,0,0,0,0,1,0,0,0,16,13
1.0,0.0,12503,0,0,0,0,16,0,0,0,0,0,0,0,0,0,1,0,0,0,0,0,0,1,0,0,0,17,13
1.0,0.0,12503,0,0,0,0,22,0,0,0,0,0,0,0,0,0,1,0,0,0,0,0,0,1,0,0,0,14,13
1.0,0.0,12503,0,0,0,0,28,0,0,0,0,0,0,0,0,0,1,0,0,0,0,0,0,1,0,0,0,18,13
1.0,0.0,12503,0,0,2,0,20,0,0,0,0,0,0,0,0,0,1,0,0,0,0,0,0,1,0,0,0,19,18
1.0,0.0,12503,0,0,0,0,28,0,0,0,0,0,0,0,0,0,1,0,0,0,0,0,0,1,0,0,0,18,13
1.0,0.0,12503,0,0,2,0,20,0,0,0,0,0,0,0,0,0,1,0,0,0,0,0,0,1,0,0,0,19,18
1.0,0.0,12503,0,0,0,0,28,0,0,0,0,0,0,0,0,0,1,0,0,0,0,0,0,1,0,0,0,18,13
1.0,0.0,12503,0,0,2,0,20,0,0,0,0,0,0,0,0,0,1,0,0,0,0,0,0,1,0,0,0,19,18
1.0,0.0,12503,0,0,0,0,20,0,0,0,0,0,0,0,0,0,1,0,0,0,0,0,0,1,0,0,0,20,13
1.0,0.0,12503,0,0,0,0,16,0,0,0,0,0,0,0,0,0,1,0,0,0,0,0,0,1,0,0,0,17,13
1.0,0.0,12503,0,0,2,0,31,0,0,0,0,0,0,0,0,0,1,0,0,0,0,0,0,1,0,0,0,20,13
1.0,0.0,12503,0,0,0,0,40,0,0,0,0,0,0,0,0,0,1,0,0,0,0,0,0,1,0,0,0,21,13
1.0,0.0,12503,0,0,0,0,16,0,0,0,0,0,0,0,0,0,1,0,0,0,0,0,0,1,0,0,0,17,13
1.0,0.0,12503,0,0,0,0,40,0,0,0,0,0,0,0,0,0,1,0,0,0,0,0,0,1,0,0,0,21,13
1.0,0.0,12503,0,0,0,0,40,0,0,0,0,0,0,0,0,0,1,0,0,0,0,0,0,1,0,0,0,21,13
1.0,0.0,12503,0,0,0,0,19,0,0,0,0,0,0,0,0,0,1,0,0,0,0,0,0,1,0,0,0,14,2
1.0,0.0,12503,0,0,0,0,40,0,0,0,0,0,0,0,0,0,1,0,0,0,0,0,0,1,0,0,0,21,13
1.0,0.0,12503,0,0,0,0,16,0,0,0,0,0,0,0,0,0,1,0,0,0,0,0,0,1,0,0,0,17,13
1.0,0.0,12503,0,0,0,0,50,0,0,0,0,0,0,0,0,0,1,0,0,0,0,0,0,1,0,0,0,21,13
1.0,0.0,12503,0,0,0,0,50,0,0,0,0,0,0,0,0,0,1,0,0,0,0,0,0,1,0,0,0,21,13
1.0,0.0,12503,0,0,0,0,40,0,0,0,0,0,0,0,0,0,1,0,0,0,0,0,0,1,0,0,0,21,13
1.0,0.0,12503,0,0,0,0,26,0,0,0,0,0,0,0,0,0,1,0,0,0,0,0,0,1,0,0,0,30,1
1.0,0.0,-1,-1,-1,0,0,4,0,0,0,0,0,0,0,0,0,1,0,0,0,0,0,0,1,0,0,0,2,2
1.0,0.0,-1,-1,-1,0,0,4,0,0,0,0,0,0,0,0,0,1,0,0,0,0,0,0,1,0,0,0,2,2
1.0,0.0,-1,-1,-1,0,0,4,0,0,0,0,0,0,0,0,0,1,0,0,0,0,0,0,1,0,0,0,2,2
1.0,0.0,-1,-1,-1,0,0,4,0,0,0,0,0,0,0,0,0,1,0,0,0,0,0,0,1,0,0,0,2,2
1.0,0.0,-1,-1,-1,0,0,4,0,0,0,0,0,0,0,0,0,1,0,0,0,0,0,0,1,0,0,0,2,2
1.0,0.0,-1,-1,-1,0,0,4,0,0,0,0,0,0,0,0,0,1,0,0,0,0,0,0,1,0,0,0,2,2
1.0,0.0,-1,-1,-1,0,0,4,0,0,0,0,0,0,0,0,0,1,0,0,0,0,0,0,1,0,0,0,2,2
1.0,0.0,-1,-1,-1,0,0,4,0,0,0,0,0,0,0,0,0,1,0,0,0,0,0,0,1,0,0,0,2,2
1.0,0.0,-1,-1,-1,0,0,4,0,0,0,0,0,0,0,0,0,1,0,0,0,0,0,0,1,0,0,0,2,2
1.0,0.0,12503,0,0,0,0,23,0,0,0,0,0,0,0,0,0,1,0,0,0,0,0,0,1,0,0,0,12,10
1.0,0.0,-1,-1,-1,0,0,5,0,0,0,0,0,0,0,0,0,1,0,0,0,0,0,0,1,0,0,0,2,2
1.0,0.0,0,0,0,0,0,24,0,0,0,0,0,0,0,0,0,1,0,0,0,0,0,0,1,0,0,0,5,10
1.0,0.0,-1,-1,-1,0,0,5,0,0,0,0,0,0,0,0,0,1,0,0,0,0,0,0,1,0,0,0,2,2
1.0,0.0,0,0,0,0,0,19,0,0,0,0,0,0,0,0,0,1,0,0,0,0,0,0,1,0,0,0,1,1
1.0,0.0,-1,-1,-1,0,0,4,0,0,0,0,0,0,0,0,0,1,0,0,0,0,0,0,1,0,0,0,2,2
1.0,0.0,-1,-1,-1,0,0,4,0,0,0,0,0,0,0,0,0,1,0,0,0,0,0,0,1,0,0,0,2,2
1.0,0.0,-1,-1,-1,0,0,4,0,0,0,0,0,0,0,0,0,1,0,0,0,0,0,0,1,0,0,0,2,2
1.0,0.0,125715,0,0,0,0,18,0,0,0,0,0,0,0,0,0,1,0,0,0,0,0,0,1,0,0,0,26,56
1.0,0.0,125715,0,0,0,0,19,0,0,0,0,0,0,0,0,0,1,0,0,0,0,0,0,1,0,0,0,19,26
1.0,0.0,125715,0,0,0,0,15,0,0,0,0,0,0,0,0,0,1,0,0,0,0,0,0,1,0,0,0,27,26
1.0,0.0,125715,0,0,0,0,15,0,0,0,0,0,0,0,0,0,1,0,0,0,0,0,0,1,0,0,0,19,26
1.0,10.0,-1,-1,-1,0,0,4,0,0,0,0,0,0,0,0,0,1,0,0,0,0,0,0,1,0,0,0,2,2
1.0,0.0,-1,-1,-1,0,0,4,0,0,0,0,0,0,0,0,0,1,0,0,0,0,0,0,1,0,0,0,2,2
1.0,0.0,0,0,0,0,0,21,0,0,0,0,0,0,0,0,0,1,0,0,0,0,0,0,1,0,0,0,53,58
1.0,0.0,0,0,0,0,0,38,0,0,0,0,0,0,0,0,0,1,0,0,0,0,0,0,1,0,0,0,54,59
